0 1 0.88 0.74
0 2 0.33 0.06
0 3 0.84 0.94
0 4 0.72 0.74
0 6 0.11 0.7
0 8 0.49 0.02
0 10 0.26 0.72
0 11 0.57 0.73
0 12 0.91 0.39
0 14 0.27 0.15
0 15 0.81 0.59
1 2 0.95 0.24
1 3 0.89 0.42
1 4 0.6 0.59
1 5 0.51 0.32
1 6 0.07 1
1 9 0.32 0.15
1 14 0.14 0.89
2 3 0.26 0.47
2 4 0.66 0.61
2 5 0.44 0.87
2 6 0.55 0.65
2 7 0.92 0.89
2 8 0.94 0.2
2 10 0.82 0.65
2 14 0.71 0.49
3 4 0.47 0.72
3 5 0.13 0.51
3 6 0.33 0.62
3 7 0.78 0.89
3 8 0.47 0.96
3 9 0.02 0.1
3 10 0.38 0.81
4 5 0.15 0.4
4 7 0.68 0.53
4 10 0.21 0.46
4 12 0.3 0.22
4 13 0.84 0.55
5 11 0.76 0.51
5 13 0.19 0.84
6 7 0.26 0.28
6 8 0.86 0.28
6 9 0.53 0.46
7 9 0.95 0.26
7 13 0.44 0.99
7 14 0.65 0.38
7 15 0.31 0.15
8 11 0.56 0.34
8 12 0.82 0.14
8 13 0.84 0.98
9 11 0.14 0.25
10 12 0.01 0.8
11 15 0.31 0.84
13 15 0.43 0.35
