0 1 0.14 0.53
0 2 0.22 0.55
0 3 0.33 0.23
0 4 0.7 0.51
0 5 0.63 0.81
0 6 0.17 0.31
0 7 0.25 0.98
0 8 0.89 0.04
0 9 0.98 0.77
0 11 0.12 0.97
0 13 0.43 0.06
0 14 0.7 0.43
0 15 0.22 0.64
1 2 0.23 0.7
1 3 0.47 0.42
1 4 0.85 0.23
1 5 0.93 0.88
1 11 0.68 0.6
1 12 0.11 0.83
1 14 0.8 0.45
1 15 0.13 0.33
2 3 0.83 0.91
2 4 0.66 0.07
2 6 0.56 0.82
2 7 0.4 0.32
2 13 0.13 0.6
2 14 0.28 0.22
3 4 0.46 0.53
3 5 0.57 0.62
3 6 0.6 0.19
3 8 0.1 0.83
3 9 0.4 0.79
3 15 0.7 0.93
4 5 0.72 0.29
4 6 0.21 0.47
4 7 0.6 0.59
4 10 0.43 0.57
4 12 0.78 0.78
5 7 0.64 0.67
5 8 0.54 0.04
5 9 0.5 0.19
5 10 0.35 0.76
5 11 0.61 0.24
5 12 0.9 0.15
5 13 0.1 0.6
6 9 0.66 0.81
6 10 0.85 0.55
6 11 0.08 0.96
6 13 0.22 0.97
6 14 0.54 0.64
7 8 0.85 0.11
7 12 0.69 0.3
8 10 0.13 0.38
13 15 0.62 0.93
