0 1 0.19 0.85
0 2 0.12 0.32
0 3 0.95 0.65
0 4 0.95 0.25
0 7 0.79 0.62
1 2 0.73 0.53
1 3 0.08 0.75
1 4 0.75 0.84
1 5 0.07 0.69
1 6 0.74 0.38
1 10 0.59 0.56
1 12 0.82 0.89
2 3 0.88 0.5
2 4 0.01 0.9
2 7 0.78 0.5
2 9 0.39 0.32
2 10 0.77 0.58
2 11 0.74 0.01
2 12 0.07 0.28
3 5 0.03 0.28
3 6 0.49 0.25
3 8 0.46 0.54
3 11 0.88 0.97
3 12 0.28 0.92
3 15 0.68 0.21
4 5 0.08 0.94
4 6 0.22 0.84
4 8 0.54 0.61
4 11 0.93 0.19
4 14 0.44 0.34
5 14 0.4 0.96
6 7 0.29 0.61
6 8 0.83 0.73
6 9 0.68 0.93
6 10 0.69 0.57
6 13 0.51 0.21
6 15 0.55 0.2
7 9 0.99 0.36
7 14 0.29 0.1
11 13 0.13 0.66
12 13 0.94 0.36
12 15 0.13 0.2
