0 1 0.07 0.47
0 2 0.78 0.84
0 3 0.53 0.14
0 4 0.12 0.65
0 5 0.83 0.52
0 6 0.55 0.06
0 7 0.72 0.19
0 8 0.12 0.24
0 9 0.31 0.33
0 11 0.47 0.16
0 12 0.46 0.24
0 13 0.52 0.54
0 14 0.24 0.17
0 15 0.8 0.18
1 2 0.6 0.41
1 3 0.47 0.33
1 4 0.14 0.17
1 5 0.41 0.35
1 6 0.83 0.64
1 7 0.06 0.52
1 8 0.7 0.75
1 10 0.44 0.77
1 12 0.22 0.6
1 13 0.51 0.28
2 3 0.41 0.19
2 4 0.82 0.42
2 5 0.17 0.71
2 6 0.56 0.36
2 8 0.28 0.1
2 9 0.01 0.2
2 15 0.25 0.38
3 4 0.81 0.05
3 7 0.9 0.98
3 10 0.17 0.13
3 13 0.4 0.89
3 15 0.25 0.69
4 5 0.55 0.2
4 6 0.99 0.39
4 8 0.94 0.54
5 7 0.37 0.28
5 9 0.85 0.75
5 10 0.37 0.9
5 11 0.29 0.55
5 14 0.91 0.97
6 11 0.95 0.67
6 15 0.94 0.61
7 14 0.59 0.84
8 9 0.14 0.83
8 10 0.25 0.93
8 12 0.76 0.28
9 11 0.96 0.16
10 12 0.26 0.43
10 13 0.15 0.07
10 14 0.22 0.73
