0 1 0.78 0.77
0 2 0.83 0.69
0 3 0.63 0.6
0 4 0.96 0.74
0 5 0.25 0.59
0 8 0.71 0.57
0 9 0.83 0.41
0 10 0.58 0.3
0 12 0.37 0.82
0 13 0.85 0.17
0 15 0.35 0.26
1 2 0.06 0.5
1 3 0.37 0.76
1 4 0.38 0.66
1 5 0.04 0.53
1 6 0.93 0.81
1 7 0.04 0.73
1 10 0.81 0.35
1 12 0.96 0.35
2 3 0.94 0.03
2 4 0.9 0.09
2 5 0.9 0.73
2 6 0.18 0.98
2 7 0.21 0.86
2 8 0.71 0.55
2 13 0.42 0.82
2 14 0.88 0.92
3 4 0.53 0.28
3 11 0.92 0.87
3 13 0.11 0.41
3 14 0.57 0.58
3 15 0.76 0.01
4 5 0.19 0.67
4 6 0.11 0.56
4 7 0.05 0.17
4 9 0.4 0.07
4 11 0.86 0.57
5 6 0.81 0.81
5 7 0.65 0.9
5 9 0.65 0.32
6 8 1 0.4
6 10 0.83 0.09
6 13 1 0.68
7 8 0.47 0.82
7 9 0.92 0.18
7 10 0.4 0.35
7 14 0.21 0.11
8 11 0.86 0.72
8 12 1 0.28
9 11 0.5 0.68
10 15 0.86 0.7
11 12 0.07 0.01
11 15 0.33 0.26
13 14 0.26 0.27
