0 1 0.41 0.84
0 2 0.09 0.8
0 3 0.49 0.98
0 4 0.48 0.35
0 5 0.77 0.5
0 7 0.25 0.91
0 8 0.41 0.41
0 10 0.31 0.11
0 12 0.22 0.58
0 14 0.48 0.61
1 2 0.37 0.77
1 3 0.96 0.01
1 4 0.5 0.37
1 5 0.75 0.06
1 6 0.51 0.88
1 10 0.33 0.77
2 3 0.26 0.53
2 4 0.33 0.33
2 5 0.52 0.87
2 6 0.84 0.71
2 7 0.02 0.7
2 8 0.4 0.88
2 9 1 0.63
2 10 0.73 0.91
2 11 0.55 0.21
2 13 0.39 1
2 14 0.28 0.66
2 15 0.33 0.64
3 4 0.77 0.05
3 5 0.18 0.67
3 6 1 0.17
3 7 0.84 0.92
3 8 0.39 0.52
3 9 0.06 0.08
3 11 0.43 0.81
3 12 0.11 0.48
4 9 0.59 0.38
4 15 0.07 0.37
5 6 0.56 1
5 11 0.32 0.83
5 13 0.08 0.68
6 7 0.81 0.45
6 8 0.1 0.69
6 9 0.27 0.43
6 14 0.75 0.54
7 12 0.89 0.65
8 10 0.43 0.05
8 13 0.42 0.13
9 11 0.1 0.22
9 13 0.45 0.88
9 15 0.85 0.74
10 14 0.06 0.33
10 15 0.27 0.01
11 12 0.34 0.21
