0 1 0.38 0.25
0 2 0.16 0.22
0 3 0.92 0.33
0 4 0.17 0.51
0 7 0.75 0.97
1 2 0.8 0.72
1 3 0.76 0.18
1 4 0.36 0.52
1 5 0.53 0.63
1 6 0.01 0.81
1 10 0.75 0.84
1 12 0.85 0.76
2 3 0.55 0.62
2 4 0.6 0.04
2 7 0.12 0.75
2 9 0.95 0.23
2 10 0.93 0.66
2 11 0.4 0.35
2 12 0.75 0.33
3 5 0.72 0.89
3 6 0.23 0.83
3 8 0.4 0.07
3 11 0.52 0.37
3 12 0.23 0.28
3 15 0.26 0.17
4 5 0.19 0.75
4 6 0.18 0.13
4 8 0.54 0.24
4 11 0.93 0.5
4 14 0.48 0.68
5 14 1 0.39
6 7 0.52 0.07
6 8 0.31 0.78
6 9 0.81 1
6 10 0.03 0.8
6 13 0.49 0.39
6 15 0.45 0.91
7 9 0.06 0.35
7 14 0.24 0.68
11 13 0.37 0.68
12 13 0.69 0.35
12 15 0.8 0.21
