0 1 0.61 0.73
0 2 0.85 0.32
0 3 0.63 0.44
0 4 0.56 0.04
0 9 0.57 0.89
0 14 0.91 0.76
1 2 0.43 0.23
1 3 0.03 0.35
1 4 0.43 0.93
1 5 1 0.61
1 6 0.08 0.35
1 7 0.61 0.73
1 8 0.37 0.57
1 11 0.75 0.13
1 13 0.73 0.43
1 14 0.71 0.94
2 3 0.22 0.43
2 6 0.08 0.51
2 8 0.74 0.91
2 12 0.92 0.12
3 4 0.47 0.93
3 5 0.4 0.66
3 6 0.23 0.34
3 9 0.65 0.35
3 10 0.78 0.42
3 12 0.61 0.9
4 5 0.6 0.29
4 8 0.56 0.44
4 9 0.35 0.74
4 10 0.98 0.21
4 13 0.4 0.95
4 14 0.96 0.81
5 7 0.28 0.62
5 15 0.06 0.08
6 7 0.02 0.43
6 10 0.16 0.23
6 11 0.38 0.17
6 12 0.09 0.24
6 15 0.54 0.98
7 15 0.76 0.16
9 13 0.21 0.96
10 11 0.89 0.96
