0 1 0.47 0.32
0 2 0.88 0.36
0 3 0.56 0.94
0 4 0.11 0.39
0 5 0.06 0.47
0 6 0.06 0.39
0 7 0.28 0.93
0 11 0.79 0.84
1 2 0.86 0.66
1 3 0.19 0.76
1 4 0.69 0.19
1 5 0.49 0.67
1 6 0.45 0.49
1 7 0.68 0.88
1 8 0.89 0.71
1 9 0.66 0.12
1 11 0.35 0.83
1 12 0.68 0.02
2 3 0.31 0.83
2 4 0.14 0.91
2 5 0.11 0.91
2 6 0.58 0.8
2 7 1 0.1
2 9 0.47 0.72
2 10 0.32 0.6
2 15 0.61 0.69
3 4 0.26 0.17
3 5 0.14 0.75
3 6 0.46 0.27
3 8 0.49 0.95
3 10 0.12 0.89
3 11 0.37 0.3
3 12 0.08 0.62
3 14 0.03 0.67
4 12 0.31 0.59
5 7 0.42 0.83
5 8 0.02 0.69
5 9 0.92 0.68
5 10 0.22 0.79
6 12 0.21 0.93
6 14 0.59 0.58
7 8 0.93 0.09
7 9 0.82 0.34
7 10 0.06 0.4
7 11 0.35 0.88
7 15 0.52 0.39
8 13 0.84 0.44
8 14 0.32 0.67
8 15 0.89 0.2
10 13 0.99 0.44
11 13 0.14 0.91
11 15 0.49 0.69
12 13 0.98 0.26
13 14 0.82 0.78
