0 1 0.09 0.09
0 2 0.57 0.97
0 3 0.83 0.86
0 4 0.71 0.81
0 9 0.49 0.5
0 14 0.94 0.57
1 2 0.7 0.03
1 3 0.24 0.49
1 4 0.54 0.68
1 5 0.89 0.06
1 6 0.88 0.57
1 7 0.28 0.08
1 8 0.02 0.85
1 11 0.23 0.22
1 13 0.6 0.15
1 14 0.22 0.99
2 3 0.45 0.22
2 6 0.17 0.42
2 8 0.98 0.85
2 12 0.46 0.3
3 4 0.21 0.09
3 5 0.93 0.17
3 6 0.87 0.44
3 9 0.79 0.7
3 10 0.56 0.04
3 12 0.78 0.22
4 5 0.57 0.26
4 8 0.98 0.84
4 9 0.73 0.39
4 10 0.39 0.79
4 13 0.57 0.91
4 14 0.59 0.98
5 7 0.89 0.61
5 15 0.02 0.8
6 7 0.87 0.3
6 10 0.6 0.08
6 11 0.31 0.53
6 12 0.07 0.87
6 15 0.96 0.2
7 15 0.78 0.22
9 13 0.35 0.33
10 11 0.43 1
