0 1 0.8 0.75
0 2 0.5 0.46
0 3 0.01 0.25
0 4 0.67 0.54
0 5 0.1 0.57
0 6 0.16 0.57
0 7 0.09 0.14
0 8 0.62 0.89
0 10 0.73 0.94
0 12 0.15 0.02
0 14 0.15 0.58
1 2 0.19 0.53
1 3 0.73 0.42
1 4 0.42 0.2
1 10 0.69 0.19
1 11 0.98 0.21
2 3 0.15 0.52
2 4 0.28 0.36
2 5 0.51 0.31
2 6 0.08 0.73
2 7 0.73 0.74
2 8 0.76 0.6
2 10 0.14 0.9
2 11 0.33 0.24
2 13 0.43 0.88
2 14 0.77 0.13
3 4 0.05 0.44
3 5 0.03 0.27
3 6 0.69 0.3
3 7 0.83 0.5
3 9 0.87 0.85
3 13 0.54 0.28
3 15 0.12 0.17
4 5 0.99 0.47
4 6 0.01 0.48
4 8 0.78 0.69
4 9 0.92 0.31
4 10 0.03 0.56
4 14 0.78 0.31
5 7 0.05 0.32
6 9 0.55 0.26
6 11 0.35 0.16
7 8 0.17 0.91
7 9 0.16 0.02
8 11 0.05 0.47
8 12 0.78 0.91
8 13 0.99 0.03
8 15 0.2 0.81
9 12 0.08 0.65
9 15 0.97 0.49
10 13 0.41 0.33
11 12 0.26 0.27
12 15 0.32 0.69
13 14 0.53 0.69
