0 1 0.61 0.31
0 2 0.36 0.86
0 3 0.47 0.28
0 4 0.72 0.77
0 7 0.81 0.76
1 2 0.15 0.35
1 3 0.47 0.79
1 4 0.74 0.5
1 5 0.47 0.27
1 6 0.94 0.43
1 10 0.54 0.77
1 12 0.34 0.43
2 3 0.63 0.57
2 4 0.43 0.81
2 7 0.73 0.3
2 9 0.46 0.08
2 10 0.65 0.2
2 11 0.75 0.14
2 12 0.35 0.69
3 5 0.57 0.42
3 6 0.05 0.61
3 8 0.57 0.24
3 11 0.23 0.24
3 12 0.41 0.18
3 15 0.78 0.88
4 5 0.32 0.18
4 6 0.96 0.63
4 8 0.96 0.12
4 11 0.52 0.19
4 14 0.11 0.89
5 14 0.36 0.87
6 7 0.93 0.03
6 8 0.74 0.86
6 9 0.31 0.37
6 10 0.76 0.23
6 13 0.81 0.02
6 15 0.73 0.92
7 9 0.56 0.77
7 14 0.05 0.62
11 13 0.07 0.53
12 13 0.33 0.37
12 15 0.49 0.63
