0 1 0.12 0.1
0 2 0.94 0.85
0 3 0.48 0.75
0 4 0.13 0.6
0 5 0.06 0.01
0 8 0.99 0.92
0 9 0.78 0.99
0 10 0.94 0.94
0 12 0.73 0.14
0 13 0.49 0.89
0 15 0.52 0.64
1 2 0.26 0.47
1 3 0.31 0.2
1 4 0.48 0.68
1 5 0.92 0.74
1 6 0.2 0.89
1 7 0.64 0.28
1 10 0.81 0.62
1 12 0.9 0.54
2 3 0.1 0.27
2 4 0.81 0.44
2 5 0.43 0.64
2 6 0.48 0.82
2 7 0.09 0.14
2 8 0.07 1
2 13 0.58 0.87
2 14 0.54 0.34
3 4 0.91 0.04
3 11 0.29 0.93
3 13 0.09 0.64
3 14 0.33 0.33
3 15 0.12 0.04
4 5 0.07 0.42
4 6 0.05 1
4 7 1 0.24
4 9 0.53 0.26
4 11 0.34 0.31
5 6 0.92 0.17
5 7 0.23 0.34
5 9 0.65 0.67
6 8 0.37 0.49
6 10 0.04 0.62
6 13 0.41 0.42
7 8 0.16 0.71
7 9 0.94 0.32
7 10 0.32 0.26
7 14 1 0.21
8 11 0.37 0.71
8 12 0.27 0.09
9 11 0.5 0.01
10 15 0.75 0.06
11 12 0.31 0.03
11 15 0.63 0.51
13 14 0.83 0.56
