0 1 0.49 0.71
0 2 0.18 0.8
0 3 0.06 0.99
0 4 0.7 0.36
0 6 0.41 0.4
0 8 0.35 0.71
0 10 0.9 0.98
0 11 0.84 0.73
0 12 0.25 0.22
0 14 0.11 0.7
0 15 0.03 0.83
1 2 0.13 0.92
1 3 0.52 0.58
1 4 0.34 0.21
1 5 0.53 0.14
1 6 0.22 0.94
1 9 0.81 0.29
1 14 0.49 0.82
2 3 0.89 0.94
2 4 0.13 0.99
2 5 0.9 0.35
2 6 0.24 0.62
2 7 0.78 0.01
2 8 0.67 0.59
2 10 0.32 0.84
2 14 0.03 0.76
3 4 0.03 0.27
3 5 0.96 0.91
3 6 0.03 0.61
3 7 0.86 0.39
3 8 0.27 0.1
3 9 0.54 0.61
3 10 1 0.05
4 5 0.85 0.91
4 7 0.71 0.6
4 10 0.14 0.98
4 12 0.73 0.93
4 13 0.55 0.39
5 11 0.55 0.18
5 13 0.56 0.55
6 7 0.89 0.59
6 8 0.06 0.77
6 9 0.53 0.81
7 9 0.36 0.59
7 13 0.59 0.48
7 14 0.33 0.5
7 15 0.99 0.56
8 11 0.68 0.18
8 12 0.41 0.23
8 13 0.46 0.16
9 11 0.82 0.55
10 12 0.48 0.35
11 15 0.92 0.3
13 15 0.67 0.01
