0 1 0.53 0.93
0 2 0.74 0.42
0 3 0.42 0.44
0 4 0.62 0.84
0 10 0.49 0.12
0 12 0.78 0.32
0 13 0.61 0.64
1 2 0.33 0.22
1 3 0.56 0.13
1 5 0.13 0.43
1 6 0.6 0.84
1 7 0.2 0.07
1 9 0.5 0.17
1 10 0.45 0.01
1 11 1 0.36
1 13 0.4 0.15
1 14 0.94 0.75
2 3 0.32 0.76
2 4 0.89 0.45
2 6 0.41 0.08
2 7 0.98 0.86
2 8 0.07 0.56
2 9 0.52 0.2
2 11 0.99 0.99
2 12 0.25 0.02
3 4 0.01 0.27
3 5 0.36 0.54
3 6 0.08 0.23
4 5 0.53 0.39
4 14 0.94 0.29
5 15 0.41 0.28
6 7 0.37 0.3
6 8 0.32 0.83
7 8 0.71 0.8
7 9 0.86 0.21
7 10 0.32 0.61
7 11 0.52 0.85
8 12 0.04 0.48
8 13 0.79 0.26
10 14 0.71 0.14
13 15 0.24 0.54
14 15 0.8 0.88
