0 1 0.94 0.3
0 2 0.04 0.77
0 3 0.39 0.2
0 4 0.98 0.89
0 5 0.19 0.23
0 6 0.81 0.39
0 7 0.96 0.32
0 8 0.14 0.62
0 9 0.33 0.69
0 11 0.92 0.34
0 12 0.62 0.79
0 13 0.72 0.01
0 14 0.48 0.98
0 15 0.69 0.5
1 2 0.72 0.93
1 3 0.64 0.05
1 4 0.47 0.7
1 5 0.5 0.68
1 6 0.45 0.56
1 7 0.21 0.16
1 8 0.57 0.1
1 10 0.88 1
1 12 0.56 0.19
1 13 0.97 0.14
2 3 0.81 0.14
2 4 0.95 0.08
2 5 0.82 0.38
2 6 0.79 0.95
2 8 0.56 0.19
2 9 0.7 0.65
2 15 0.21 0.32
3 4 0.52 0.28
3 7 0.42 0.88
3 10 0.92 0.85
3 13 0.28 0.04
3 15 0.98 0.8
4 5 0.52 0.28
4 6 0.34 0.98
4 8 0.24 0.88
5 7 0.61 0.64
5 9 0.38 0.87
5 10 0.99 0.06
5 11 0.17 0.66
5 14 0.33 0.61
6 11 0.72 0.34
6 15 0.64 0.74
7 14 0.84 0.16
8 9 0.72 0.59
8 10 0.26 0.07
8 12 0.84 0.49
9 11 0.61 0.85
10 12 0.49 0.47
10 13 0.77 0.77
10 14 0.68 0.02
