0 1 0.49 0.34
0 2 0.05 0.04
0 3 0.05 0.1
0 4 0.87 0.74
0 6 0.48 0.85
0 8 0.01 0.98
0 10 0.45 0.43
0 11 0.83 0.39
0 12 0.91 0.41
0 14 0.66 0.79
0 15 0.45 0.33
1 2 0.05 0.75
1 3 0.62 0.08
1 4 0.48 0.37
1 5 0.91 0.79
1 6 0.02 0.42
1 9 0.05 0.03
1 14 0.57 0.62
2 3 0.54 0.85
2 4 0.73 0.81
2 5 0.51 0.23
2 6 0.4 0.84
2 7 0.55 0.41
2 8 0.71 0.61
2 10 0.82 0.95
2 14 0.31 0.65
3 4 0.25 0.4
3 5 0.32 0.33
3 6 0.53 0.43
3 7 0.32 0.89
3 8 0.04 0.98
3 9 0.4 0.4
3 10 0.78 0.71
4 5 0.62 0.16
4 7 0.61 0.18
4 10 0.22 0.2
4 12 0.74 0.91
4 13 0.32 0.98
5 11 0.2 0.15
5 13 0.17 0.91
6 7 0.76 0.29
6 8 0.9 0.98
6 9 0.33 0.29
7 9 0.76 0.88
7 13 0.38 0.99
7 14 0.46 0.93
7 15 0.17 0.61
8 11 0.06 0.33
8 12 0.69 0.07
8 13 0.47 0.82
9 11 0.07 0.97
10 12 0.87 0.46
11 15 0.92 0.34
13 15 0.9 0.49
