0 1 0.72 0.56
0 2 0.4 0.3
0 3 0.77 0.76
0 4 0.45 0.66
0 5 0.43 0.16
0 6 0.53 0.95
0 8 0.63 0.92
0 9 0.98 0.14
0 10 0.5 0.29
1 2 0.11 0.15
1 3 0.98 0.62
1 4 0.38 0.24
1 7 0.35 0.77
1 8 0.5 0.39
1 9 0.02 0.74
1 10 0.05 0.14
1 11 0.98 0.96
1 13 0.95 0.3
2 3 0.74 0.57
2 4 0.78 0.62
2 5 0.72 0.46
2 6 0.34 0.88
2 7 0.94 0.49
2 11 0.61 0.14
3 4 0.56 0.13
3 5 0.67 0.15
3 6 0.88 0.57
4 5 0.37 0.25
4 7 0.61 0.93
4 8 0.87 0.29
4 9 0.1 0.51
4 11 0.88 0.88
4 12 0.34 0.54
4 14 0.23 0.18
5 6 0.24 0.08
5 7 0.41 0.62
5 10 0.46 0.21
5 15 0.18 0.76
6 11 0.06 0.36
6 12 0.94 0.79
6 15 0.7 0.36
7 8 0.39 0.62
7 12 0.71 0.72
7 13 0.6 0.71
7 14 0.34 0.28
7 15 0.39 0.9
8 9 0.38 0.53
8 10 0.09 0.27
9 12 0.81 0.8
9 13 0.1 0.03
10 15 0.75 0.81
11 13 0.97 0.57
12 14 0.95 0.95
13 14 0.92 0.25
