0 1 0.02 0.43
0 2 0.48 0.21
0 3 0.19 0.53
0 4 0.39 0.6
0 5 0.99 0.25
0 7 0.9 0.49
0 8 0.39 0.36
0 10 0.09 0.01
0 12 0.83 0.95
0 14 0.98 0.64
1 2 0.24 0.32
1 3 0.92 0.79
1 4 0.69 0.49
1 5 0.38 0.14
1 6 0.48 0.39
1 10 0.45 0.87
2 3 0.22 0.26
2 4 0.21 0.18
2 5 0.78 0.23
2 6 0.23 0.49
2 7 0.69 0.87
2 8 0.78 0.43
2 9 0.71 0.54
2 10 0.28 0.92
2 11 0.77 0.66
2 13 0.43 0.61
2 14 0.67 0.81
2 15 0.54 0.19
3 4 0.08 0.39
3 5 1 0.25
3 6 0.86 0.98
3 7 0.57 0.34
3 8 0.72 0.49
3 9 0.71 0.69
3 11 0.16 0.4
3 12 0.11 0.72
4 9 0.22 0.02
4 15 0.59 0.31
5 6 0.2 0.3
5 11 0.1 0.2
5 13 0.86 0.26
6 7 0.61 0.83
6 8 0.42 0.72
6 9 0.28 0.59
6 14 0.99 0.67
7 12 0.16 0.36
8 10 0.14 1
8 13 0.55 0.61
9 11 0.78 0.62
9 13 0.1 0.83
9 15 0.11 0.7
10 14 0.9 0.41
10 15 0.26 0.71
11 12 0.54 0.98
