0 1 0.11 0.05
0 2 0.17 0.83
0 3 0.07 0.59
0 4 0.95 0.52
0 5 0.45 0.08
0 6 0.48 0.2
0 8 0.3 1
0 9 0.71 0.43
0 10 0.31 0.13
1 2 0.43 0.97
1 3 0.56 0.79
1 4 0.38 0.68
1 7 0.44 0.62
1 8 0.36 0.82
1 9 0.72 0.15
1 10 0.63 0.81
1 11 0.01 0.04
1 13 0.2 0.49
2 3 0.9 0.41
2 4 0.39 0.09
2 5 0.42 0.47
2 6 0.01 0.98
2 7 0.38 0.68
2 11 0.13 0.18
3 4 0.61 0.3
3 5 0.34 0.34
3 6 0.95 0.64
4 5 0.83 0.26
4 7 0.4 0.42
4 8 0.38 0.23
4 9 0.01 0.14
4 11 0.48 0.96
4 12 0.41 0.29
4 14 0.61 0.42
5 6 0.92 0.79
5 7 0.19 0.95
5 10 0.8 0.19
5 15 0.49 0.18
6 11 0.82 0.35
6 12 0.8 0.68
6 15 0.64 0.03
7 8 0.03 0.06
7 12 0.18 0.45
7 13 0.49 0.61
7 14 0.97 0.84
7 15 0.58 0.96
8 9 0.48 0.3
8 10 0.91 0.62
9 12 0.01 0.28
9 13 0.16 0.83
10 15 0.15 0.05
11 13 0.87 0.83
12 14 0.07 0.53
13 14 0.67 0.86
