0 1 0.56 0.56
0 2 0.41 0.26
0 3 0.25 0.94
0 4 0.53 0.97
0 5 0.44 0.12
0 6 0.31 0.32
0 7 0.06 0.14
0 8 0.62 0.16
0 9 0.93 0.54
0 11 0.56 0.56
0 13 0.86 0.8
0 14 0.48 0.9
0 15 0.53 0.37
1 2 0.78 0.5
1 3 1 0.48
1 4 0.08 0.47
1 5 0.89 0.08
1 11 0.33 0.82
1 12 0.06 0.66
1 14 0.04 0.5
1 15 0.25 0.42
2 3 0.82 0.31
2 4 0.08 0.26
2 6 0.42 0.11
2 7 0.24 0.46
2 13 0.46 0.14
2 14 0.13 0.33
3 4 0.15 0.55
3 5 0.65 0.28
3 6 0.21 0.31
3 8 0.16 0.83
3 9 0.25 0.79
3 15 0.54 0.28
4 5 0.72 0.07
4 6 0.12 0.23
4 7 0.21 0.5
4 10 0.99 0.87
4 12 0.38 0.05
5 7 0.8 0.5
5 8 0.29 0.66
5 9 0.58 0.41
5 10 0.75 0.91
5 11 0.92 0.02
5 12 0.34 0.2
5 13 0.39 0.79
6 9 0.4 0.68
6 10 0.63 0.58
6 11 0.21 0.24
6 13 0.63 0.79
6 14 0.75 0.84
7 8 0.27 0.16
7 12 0.8 0.34
8 10 0.05 0.01
13 15 0.44 0.44
