0 1 0.56 0.56
0 2 0.87 0.95
0 3 0.96 0.25
0 4 0.5 0.65
0 5 0.48 0.86
0 6 0.5 0.73
0 7 0.11 0.47
0 8 0.09 0.25
0 10 0.31 0.13
0 12 0.26 0.27
0 14 0.09 0.57
1 2 0.21 0.14
1 3 0.57 0.45
1 4 0.29 0.72
1 10 0.16 0.17
1 11 0.79 0.16
2 3 0.02 0.42
2 4 0.26 0.48
2 5 0.15 0.57
2 6 0.09 0.4
2 7 0.05 0.47
2 8 0.94 0.45
2 10 0.26 0.44
2 11 0.19 0.86
2 13 0.27 0.55
2 14 0.86 0.26
3 4 0.61 0.57
3 5 0.52 0.26
3 6 0.4 0.16
3 7 0.13 0.42
3 9 0.77 1
3 13 0.28 0.98
3 15 0.18 0.16
4 5 0.82 0.63
4 6 0.87 0.35
4 8 0.01 0.02
4 9 0.05 0.56
4 10 0.01 0.33
4 14 0.33 0.16
5 7 0.95 0.64
6 9 0.38 0.64
6 11 0.62 0.01
7 8 0.7 0.95
7 9 0.54 0.62
8 11 0.27 0.5
8 12 0.1 0.67
8 13 0.38 0.07
8 15 0.43 0.5
9 12 0.8 0.17
9 15 0.16 0.53
10 13 0.22 0.16
11 12 0.52 0.39
12 15 0.15 0.27
13 14 0.9 0.29
