0 1 0.92 0.57
0 2 0.27 0.74
0 3 0.44 0.29
0 4 0.18 0.94
0 5 0.56 0.23
0 7 0.15 1
0 8 0.41 0.74
0 9 0.49 0.13
0 10 0.72 0.28
0 12 0.46 0.27
0 15 0.61 0.18
1 2 0.88 0.36
1 3 0.69 0.1
1 4 0.37 0.5
1 5 0.38 0.77
1 6 0.95 0.37
1 8 0.8 0.51
1 11 0.12 0.59
1 12 0.54 0.8
2 3 0.76 0.44
2 4 0.75 0.13
2 5 0.89 0.26
2 6 0.52 0.83
2 7 0.38 0.25
3 4 0.65 0.33
3 7 0.76 0.29
3 9 0.36 0.65
3 10 0.79 0.65
3 12 0.48 0.44
3 13 0.46 0.08
3 14 0.16 0.7
4 5 0.33 0.83
4 6 0.08 0.67
4 8 0.45 0.06
4 9 0.66 0.36
4 14 0.89 0.88
4 15 0.45 0.37
5 6 0.89 0.47
5 12 0.58 0.14
6 7 0.37 0.69
6 8 1 0.44
6 11 0.3 0.57
6 13 0.81 0.06
6 14 0.62 0.85
6 15 0.94 0.14
7 9 0.44 0.84
7 10 0.48 0.5
7 11 0.78 0.08
7 15 0.37 0.63
9 10 0.7 0.92
9 11 0.38 0.15
10 13 0.38 0.75
12 13 0.47 0.54
12 14 0.68 0.48
