0 1 0.71 0.13
0 2 0.91 0.02
0 3 0.06 0.31
0 4 0.46 0.54
0 6 0.72 0.85
0 9 0.86 0.89
0 10 0.72 0.48
0 11 0.41 0.16
0 13 0.52 0.64
1 2 0.47 0.74
1 3 0.92 0.88
1 4 0.92 0.07
1 5 0.95 0.3
1 12 0.33 0.57
2 3 0.02 0.1
2 4 0.7 0.9
2 6 0.84 0.37
2 7 0.28 0.64
2 8 0.89 0.27
2 9 0.42 0.45
2 10 0.91 0.05
2 11 0.97 0.57
2 13 0.75 0.24
3 5 0.92 0.18
3 8 0.16 0.63
3 15 0.84 0.66
4 5 0.52 0.39
5 6 0.69 0.79
5 7 0.11 0.7
5 8 0.13 0.1
5 9 0.45 0.24
5 11 0.14 0.75
5 15 0.74 0.27
6 7 0.68 0.55
6 10 0.19 0.18
6 12 0.11 0.01
6 13 0.18 0.83
8 12 0.7 0.97
8 14 0.16 0.82
11 15 0.12 0.88
12 14 0.22 0.1
13 14 0.05 0.01
