0 1 0.72 0.36
0 2 0.69 0.15
0 3 0.9 0.15
0 4 0.35 0.16
0 5 0.6 1
0 6 0.88 0.16
0 8 0.64 0.07
0 9 0.37 0.56
0 10 0.26 0.7
1 2 0.14 0.48
1 3 0.15 0.94
1 4 0.45 0.39
1 7 0.6 0.92
1 8 0.67 0.47
1 9 0.33 0.05
1 10 0.34 0.56
1 11 0.3 0.74
1 13 0.82 0.86
2 3 0.01 0.73
2 4 0.53 0.3
2 5 0.85 0.84
2 6 0.3 0.58
2 7 0.46 0.2
2 11 0.69 0.96
3 4 0.73 0.36
3 5 0.31 0.46
3 6 0.85 1
4 5 0.52 0.51
4 7 0.01 0.4
4 8 0.09 0.25
4 9 0.17 0.82
4 11 0.84 0.7
4 12 0.44 0.27
4 14 0.6 0.53
5 6 0.04 0.93
5 7 0.2 0.18
5 10 0.74 0.08
5 15 0.3 0.53
6 11 0.27 0.24
6 12 0.22 0.64
6 15 0.43 0.36
7 8 0.59 0.78
7 12 0.18 0.52
7 13 0.46 0.11
7 14 0.58 0.44
7 15 0.02 0.22
8 9 0.69 0.45
8 10 0.84 0.37
9 12 0.47 0.83
9 13 0.33 0.16
10 15 0.76 0.14
11 13 0.63 0.49
12 14 0.64 0.93
13 14 0.76 0.21
