0 1 0.68 0.49
0 2 0.28 0.5
0 3 0.47 0.69
0 4 0.02 0.1
0 5 0.92 0.16
0 6 0.89 0.31
0 7 0.23 0.14
0 11 0.82 0.28
1 2 0.13 0.82
1 3 0.18 0.86
1 4 0.56 0.6
1 5 0.55 0.52
1 6 0.93 0.35
1 7 0.19 0.34
1 8 0.75 0.9
1 9 0.28 0.31
1 11 0.23 0.59
1 12 0.05 0.78
2 3 0.01 0.38
2 4 0.04 0.42
2 5 0.06 0.35
2 6 0.31 0.39
2 7 0.86 0.23
2 9 0.54 0.11
2 10 0.56 0.73
2 15 0.84 0.78
3 4 0.25 0.53
3 5 0.45 0.63
3 6 0.01 0.88
3 8 0.06 0.15
3 10 0.55 0.04
3 11 0.55 0.48
3 12 0.38 0.24
3 14 0.07 0.75
4 12 0.58 0.62
5 7 0.48 0.27
5 8 0.8 0.44
5 9 0.55 0.86
5 10 0.38 0.87
6 12 0.13 0.01
6 14 0.23 0.02
7 8 0.22 0.16
7 9 0.54 0.8
7 10 0.66 0.87
7 11 0.17 0.55
7 15 0.45 0.1
8 13 0.5 0.7
8 14 0.91 0.65
8 15 0.39 0.41
10 13 0.25 0.06
11 13 0.87 0.93
11 15 0.52 0.93
12 13 0.41 0.65
13 14 0.62 0.06
