0 1 0.53 0.76
0 2 0.26 0.93
0 3 0.3 0.33
0 4 0.35 0.11
0 7 0.44 0.09
1 2 0.18 0.97
1 3 0.71 0.55
1 4 0.69 0.34
1 5 1 0.75
1 6 0.41 0.47
1 10 0.97 0.35
1 12 0.67 0.13
2 3 0.37 0.52
2 4 0.17 0.03
2 7 0.9 0.03
2 9 0.64 0.08
2 10 0.05 0.36
2 11 0.89 0.64
2 12 0.3 0.01
3 5 0.4 0.19
3 6 0.85 0.45
3 8 0.63 0.57
3 11 0.28 0.27
3 12 0.36 0.52
3 15 0.18 0.2
4 5 0.12 0.32
4 6 0.82 0.36
4 8 0.35 0.18
4 11 0.51 0.05
4 14 0.87 0.18
5 14 0.16 0.24
6 7 0.43 0.47
6 8 0.12 0.48
6 9 0.18 0.43
6 10 0.67 0.87
6 13 0.31 0.08
6 15 0.52 0.32
7 9 0.19 0.67
7 14 0.8 0.55
11 13 0.07 0.29
12 13 0.49 0.87
12 15 0.32 0.16
