0 1 0.49 0.57
0 2 0.82 1
0 3 0.01 0.94
0 4 1 0.96
0 5 1 0.62
0 6 0.47 0.77
0 8 0.87 0.69
0 9 0.14 0.69
0 10 0.91 0.2
1 2 0.69 0.35
1 3 0.79 0.29
1 4 0.49 0.95
1 7 0.81 0.31
1 8 0.33 0.11
1 9 0.48 0.47
1 10 0.01 0.26
1 11 0.37 0.33
1 13 0.57 0.52
2 3 0.63 0.9
2 4 0.6 0.59
2 5 0.73 0.46
2 6 0.05 0.38
2 7 0.04 0.77
2 11 0.12 0.27
3 4 0.46 0.64
3 5 0.68 0.9
3 6 0.63 0.89
4 5 0.41 0.79
4 7 0.52 0.81
4 8 0.58 0.48
4 9 0.03 0.6
4 11 0.9 0.49
4 12 0.24 0.68
4 14 0.85 0.07
5 6 0.41 0.71
5 7 0.82 0.41
5 10 0.66 0.14
5 15 0.72 0.12
6 11 0.75 0.45
6 12 0.11 0.16
6 15 0.72 0.2
7 8 0.34 0.45
7 12 0.85 0.91
7 13 0.18 0.49
7 14 0.15 0.31
7 15 0.66 0.35
8 9 0.36 0.62
8 10 0.6 0.08
9 12 0.37 0.65
9 13 0.5 0.11
10 15 0.31 0.98
11 13 0.85 0.56
12 14 0.6 0.67
13 14 0.57 0.8
