0 1 0.8 1
0 2 0.91 0.59
0 3 0.99 0.43
0 4 0.38 0.45
0 5 0.68 0.91
0 6 0.96 0.68
1 2 0.27 0.42
1 3 0.4 0.27
1 4 0.16 0.08
1 5 0.42 0.07
1 6 0.88 0.45
1 9 0.51 0.68
1 11 0.42 0.29
1 12 0.9 0.24
2 3 0.14 0.53
2 7 0.84 0.05
2 10 0.33 0.42
2 11 0.19 0.04
2 12 0.23 0.8
3 4 0.08 0.16
3 5 0.12 0.38
3 8 0.7 0.53
3 10 0.4 0.61
3 13 0.74 0.3
4 6 0.15 0.57
4 8 0.5 0.48
5 7 0.59 0.4
5 9 0.62 0.38
5 10 0.59 0.21
5 13 0.75 0.85
5 14 0.53 0.64
5 15 0.11 0.51
6 7 0.34 0.84
6 8 0.88 0.77
6 11 0.81 0.79
6 14 0.56 0.22
8 9 0.44 0.73
8 12 0.17 0.55
8 14 0.67 0.06
8 15 0.63 0.91
9 13 0.56 0.82
9 15 0.63 0.42
