0 1 0.44 0.35
0 2 0.62 0.79
0 3 0.64 0.03
0 4 0.99 0.41
0 10 0.15 0.64
0 11 0.04 0.1
0 12 0.24 0.78
0 13 0.73 0.22
0 14 0.52 0.68
0 15 0.44 0.46
1 2 0.88 0.97
1 3 0.54 0.27
1 5 0.7 0.45
1 6 0.29 0.7
1 8 0.43 0.9
1 9 0.51 0.77
1 11 0.16 0.33
1 13 0.89 0.68
2 3 0.51 0.2
2 4 0.65 0.72
2 7 0.93 0.49
2 8 0.16 0.37
2 15 0.6 0.98
3 4 0.64 0.52
3 5 0.84 1
3 6 0.36 0.59
3 7 0.06 0.47
3 10 0.45 0.93
3 12 0.11 0.17
3 14 0.45 0.83
3 15 0.99 0.89
4 5 0.73 0.47
4 6 0.24 0.59
4 7 0.99 0.57
4 11 0.27 0.89
4 13 0.25 0.49
6 9 0.94 0.99
6 12 0.57 0.23
6 14 0.5 0.48
7 8 0.07 0.77
7 9 0.31 0.18
7 10 0.42 0.95
