0 1 0.42 0.2
0 2 0.18 0.09
0 3 0.4 0.89
0 4 0.2 0.5
0 5 0.16 0.44
0 6 0.61 0.61
0 8 0.61 0.29
0 9 0.35 0.85
0 10 0.67 0.64
1 2 0.88 0.07
1 3 0.08 0.61
1 4 0.68 0.01
1 7 0.49 0.18
1 8 0.53 0.24
1 9 0.03 0.81
1 10 0.53 0.4
1 11 0.63 0.62
1 13 0.58 0.94
2 3 0.3 0.48
2 4 0.17 0.97
2 5 0.25 0.93
2 6 0.49 0.66
2 7 0.59 0.37
2 11 0.1 0.3
3 4 0.84 0.85
3 5 0.17 0.29
3 6 0.86 0.49
4 5 0.23 0.78
4 7 0.95 0.48
4 8 0.2 0.65
4 9 0.39 0.76
4 11 0.12 0.12
4 12 0.15 0.41
4 14 0.82 0.15
5 6 0.75 0.06
5 7 0.14 0.56
5 10 0.19 0.98
5 15 0.52 0.8
6 11 0.54 0.45
6 12 0.79 0.05
6 15 0.94 0.63
7 8 0.28 0.07
7 12 0.3 0.23
7 13 0.94 0.53
7 14 0.87 0.06
7 15 0.86 0.32
8 9 0.59 0.04
8 10 0.98 0.74
9 12 0.69 0.89
9 13 0.09 0.96
10 15 0.51 0.92
11 13 0.16 0.14
12 14 0.1 0.77
13 14 0.01 0.04
