0 1 0.57 0.3
0 2 0.1 0.97
0 3 0.5 0.79
0 4 0.8 0.75
0 7 0.09 0.51
1 2 0.1 0.82
1 3 0.65 1
1 4 0.18 0.28
1 5 0.36 0.39
1 6 0.49 0.01
1 10 0.82 0.38
1 12 0.95 0.94
2 3 0.55 0.1
2 4 0.35 1
2 7 0.74 0.79
2 9 0.57 0.3
2 10 0.44 0.86
2 11 0.91 0.38
2 12 0.29 0.4
3 5 0.67 0.25
3 6 0.95 0.42
3 8 0.56 0.01
3 11 0.44 0.67
3 12 0.19 0.26
3 15 0.97 0.81
4 5 0.17 0.93
4 6 0.47 0.77
4 8 0.28 0.42
4 11 0.85 0.93
4 14 0.93 1
5 14 0.34 0.15
6 7 0.83 0.5
6 8 0.03 0.12
6 9 0.07 0.34
6 10 0.16 0.59
6 13 0.19 0.72
6 15 0.65 0.46
7 9 0.57 0.79
7 14 0.04 0.69
11 13 0.6 0.06
12 13 0.01 0.84
12 15 0.11 0.1
