0 1 0.6 0.49
0 2 0.06 0.08
0 3 0.78 0.12
0 4 0.31 0.79
0 5 0.67 0.6
0 9 0.67 0.1
0 14 0.35 0.92
1 2 0.34 0.34
1 3 0.09 0.71
1 4 0.1 0.96
1 5 0.43 0.25
1 6 0.46 1
1 7 0.82 0.21
1 9 0.38 0.86
1 14 0.9 0.64
2 3 0.99 0.91
2 4 0.85 0.36
2 6 0.49 0.85
2 13 0.67 0.86
3 4 0.88 0.83
3 5 0.56 0.92
3 6 0.85 0.54
3 7 0.39 0.49
3 8 0.56 0.02
3 9 0.55 0.34
3 10 0.86 0.65
3 12 0.36 0.26
3 13 0.17 0.47
3 14 0.15 0.79
3 15 0.05 0.24
4 5 0.68 0.15
4 6 0.81 0.05
4 7 0.23 0.51
4 8 0.21 0.64
4 10 0.33 0.45
5 8 0.63 0.83
5 10 0.78 0.77
5 11 0.94 0.6
5 12 0.87 0.69
6 7 0.55 0.42
6 11 0.2 1
7 8 0.76 0.19
7 9 0.86 0.25
7 13 0.28 0.19
8 10 0.74 0.67
8 11 0.06 0.72
9 11 0.54 0.52
9 15 0.89 0.76
10 12 0.56 0.5
10 15 1 0.05
11 12 0.07 0.29
11 13 0.46 0.12
11 15 0.37 0.9
12 14 0.37 0.88
