0 1 0.05 0.62
0 2 0.5 0.93
0 3 0.96 0.42
0 4 0.79 0.45
0 6 0.92 0.31
0 7 0.9 0.74
0 9 0.48 0.59
0 11 0.19 0.49
0 12 0.15 0.59
0 13 0.48 0.18
0 14 0.35 0.9
1 2 0.37 0.25
1 3 0.48 0.92
1 4 0.15 0.41
1 5 0.16 0.62
1 8 0.38 0.75
1 9 0.29 0.32
2 3 0.69 0.19
2 4 0.61 0.55
2 10 0.31 0.97
2 14 0.92 0.43
3 5 0.69 0.88
3 6 0.5 0.36
3 7 0.88 0.28
3 10 0.13 0.35
3 11 0.7 0.17
3 13 0.36 0.22
4 5 0.27 0.86
4 10 0.42 0.87
4 15 0.26 0.63
5 6 0.91 0.27
5 12 1 0.6
6 7 0.49 0.8
6 8 0.33 0.42
6 11 0.17 0.65
7 8 0.57 0.72
7 9 0.37 0.31
7 12 0.62 0.5
7 13 0.7 0.63
7 14 0.02 0.33
8 15 0.69 0.89
11 15 0.77 0.03
