0 1 0.8 0.89
0 2 0.09 0.69
0 3 0.77 0.46
0 4 0.18 0.51
0 5 0.36 0.22
0 6 0.54 0.03
0 7 0.91 0.77
0 8 0.83 0.71
0 9 0.42 0.63
0 11 0.75 0.09
0 13 0.34 1
0 14 0.83 0.48
0 15 0.16 0.52
1 2 0.11 0.3
1 3 0.16 0.77
1 4 0.39 0.21
1 5 0.16 0.66
1 11 0.5 0.18
1 12 0.91 0.88
1 14 0.44 0.84
1 15 0.8 0.92
2 3 0.64 0.54
2 4 0.17 0.05
2 6 0.91 0.96
2 7 0.81 0.73
2 13 0.7 0.17
2 14 0.78 0.04
3 4 0.5 0.7
3 5 0.82 0.7
3 6 0.95 0.08
3 8 0.75 0.5
3 9 0.23 0.72
3 15 0.61 0.97
4 5 0.65 0.74
4 6 0.76 0.6
4 7 0.98 0.93
4 10 0.7 0.19
4 12 0.53 1
5 7 0.85 0.34
5 8 0.27 0.18
5 9 0.11 0.21
5 10 0.91 0.73
5 11 0.67 0.84
5 12 0.55 0.35
5 13 0.37 0.9
6 9 0.93 0.7
6 10 0.84 0.97
6 11 0.36 0.72
6 13 0.71 0.59
6 14 0.41 0.98
7 8 0.86 0.95
7 12 0.6 0.12
8 10 0.62 0.12
13 15 0.01 0.15
