0 1 0.28 0.96
0 2 0.36 0.35
0 3 0.83 0.38
0 4 0.87 0.43
0 6 0.28 0.7
0 7 0.27 0.59
0 8 0.35 0.12
0 9 0.02 0.14
0 10 0.28 0.68
0 13 0.09 0.79
0 15 0.27 0.88
1 2 0.65 0.49
1 3 0.97 0.1
1 4 0.61 0.88
1 5 0.93 0.55
1 7 0.22 0.86
1 8 0.2 0.34
1 9 0.04 0.91
1 12 0.49 0.35
1 14 0.91 0.81
1 15 0.61 0.77
2 3 0.63 0.42
2 5 0.2 0.79
2 6 0.51 0.54
2 8 0.71 0.89
3 4 0.57 0.84
3 5 0.44 0.43
3 9 0.58 0.38
3 12 0.75 0.63
3 13 0.66 0.47
4 6 0.79 0.66
4 11 0.12 0.05
4 14 0.29 0.09
6 7 0.78 0.13
6 10 0.52 0.7
6 11 0.63 0.12
6 12 0.97 0.12
6 13 0.81 0.73
7 10 0.87 0.34
8 11 0.67 0.36
9 15 0.05 0.86
10 14 0.36 0.92
