0 1 0.84 0.86
0 2 0.17 0.1
0 3 0.37 0.46
0 4 0.94 0.26
0 6 0.17 0.13
0 9 0.13 0.73
0 10 0.36 0.81
0 11 0.27 0.75
0 13 0.98 0.65
1 2 0.5 0.69
1 3 0.32 0.31
1 4 0.2 0.85
1 5 0.54 0.69
1 12 0.2 0.85
2 3 0.73 0.71
2 4 0.87 0.06
2 6 0.52 0.74
2 7 0.03 0.87
2 8 0.07 0.93
2 9 0.27 0.02
2 10 0.75 0.33
2 11 0.09 0.64
2 13 0.01 0.43
3 5 0.96 0.25
3 8 0.52 0.35
3 15 0.89 0.27
4 5 0.74 0.38
5 6 0.52 0.61
5 7 0.56 0.78
5 8 0.36 0.33
5 9 0.62 0.28
5 11 0.1 0.01
5 15 0.67 0.62
6 7 0.73 0.6
6 10 0.52 0.68
6 12 0.58 0.29
6 13 0.64 0.73
8 12 0.87 0.97
8 14 0.58 0.59
11 15 0.39 0.21
12 14 0.6 0.23
13 14 0.95 0.1
