0 1 0.35 0.07
0 2 0.14 0.86
0 3 0.02 0.13
0 4 0.62 0.76
0 5 0.55 0.74
0 6 0.6 0.39
0 8 0.05 0.57
0 10 0.66 0.33
0 12 0.01 0.53
0 15 0.28 0.01
1 2 0.65 0.36
1 3 0.65 0.99
1 4 0.19 0.28
1 6 0.93 0.78
1 7 0.03 0.25
1 9 0.75 0.86
2 3 0.15 0.96
2 5 0.06 0.7
3 4 0.95 0.09
3 5 0.78 0.37
3 6 0.3 0.24
3 7 0.72 0.45
3 8 0.98 0.3
3 10 0.94 0.13
3 11 0.84 0.64
3 12 0.51 0.45
4 10 0.31 0.01
4 11 0.83 0.25
4 13 0.44 0.85
4 15 0.7 0.93
5 9 0.55 0.53
5 13 0.44 0.77
5 14 0.15 0.95
6 7 0.17 0.4
6 12 0.56 0.7
6 13 0.81 0.59
6 14 0.46 0.33
6 15 0.93 0.24
7 8 0.02 0.77
7 9 0.35 0.22
10 11 0.45 0.16
11 14 0.93 0.93
