0 1 0.1 0.15
0 2 0.6 0.38
0 3 0.21 0.85
0 4 0.56 0.85
0 6 0.99 0.43
0 7 0.9 0.56
0 9 0.15 0.92
0 11 0.27 0.27
0 12 0.55 0.65
0 13 0.74 0.23
0 14 0.18 0.41
1 2 0.1 0.02
1 3 0.37 0.87
1 4 0.56 0.3
1 5 0.7 0.25
1 8 0.06 0.46
1 9 0.91 0.96
2 3 0.09 0.41
2 4 0.91 0.03
2 10 0.48 0.17
2 14 0.13 0.83
3 5 0.73 0.36
3 6 0.96 0.68
3 7 0.66 0.74
3 10 0.05 0.5
3 11 0.42 0.34
3 13 0.41 0.35
4 5 0.36 0.02
4 10 0.85 0.42
4 15 0.94 0.53
5 6 0.25 0.59
5 12 0.23 0.03
6 7 0.62 0.04
6 8 0.49 0.81
6 11 0.11 0.55
7 8 0.67 0.82
7 9 0.81 0.07
7 12 0.5 0.3
7 13 0.85 0.22
7 14 0.5 0.94
8 15 0.17 1
11 15 0.03 0.15
