0 1 0.3 0.75
0 2 0.35 0.46
0 3 0.41 0.88
0 4 0.51 0.81
0 5 0.61 0.38
0 6 0.33 0.55
0 7 0.98 0.3
0 8 0.77 0.26
0 10 0.96 0.65
0 12 0.71 0.05
0 14 0.89 0.4
1 2 0.74 0.25
1 3 0.76 0.29
1 4 0.63 0.2
1 10 0.01 0.32
1 11 0.78 0.79
2 3 0.75 0.14
2 4 0.77 0.56
2 5 0.06 0.27
2 6 0.72 0.53
2 7 0.28 0.33
2 8 0.95 0.86
2 10 0.98 0.51
2 11 0.68 0.35
2 13 0.51 0.85
2 14 0.31 0.88
3 4 1 0.01
3 5 0.11 0.96
3 6 0.45 0.73
3 7 0.15 0.26
3 9 0.29 0.96
3 13 0.94 0.94
3 15 0.46 0.52
4 5 0.61 0.06
4 6 0.28 0.36
4 8 0.99 0.29
4 9 0.53 0.57
4 10 0.17 0.64
4 14 0.75 0.36
5 7 0.51 0.06
6 9 0.27 0.5
6 11 0.81 0.9
7 8 0.11 0.63
7 9 0.55 0.46
8 11 0.44 0.44
8 12 0.44 0.77
8 13 0.12 0.25
8 15 0.11 0.36
9 12 0.94 0.55
9 15 0.94 0.8
10 13 0.7 0.15
11 12 0.14 0.02
12 15 0.9 0.39
13 14 0.7 0.77
