0 1 0.49 0.73
0 2 0.55 0.46
0 3 0.77 0.3
0 4 0.83 0.21
0 5 0.27 0.07
0 6 0.02 0.86
0 7 0.5 0.62
0 8 0.26 0.65
0 9 0.31 0.88
0 11 0.85 0.51
0 13 0.36 0.27
0 15 0.9 0.32
1 2 0.82 0.16
1 3 0.35 0.66
1 4 0.46 0.66
1 5 0.9 0.59
1 6 0.4 0.61
1 10 0.1 0.04
1 14 0.67 0.05
1 15 0.59 0.21
2 3 0.45 0.61
2 4 0.73 0.46
2 5 0.78 0.56
2 7 0.91 0.31
2 8 0.68 0.02
2 9 0.24 0.33
2 11 0.98 0.1
2 12 0.65 0.11
2 15 0.46 0.61
3 4 0.71 0.02
3 5 0.2 0.76
3 6 0.92 0.47
3 9 0.61 0.22
3 13 0.81 0.45
4 5 0.66 0.63
4 6 0.24 0.83
4 7 0.39 0.52
4 8 0.83 0.46
4 9 0.73 0.82
4 10 0.54 0.38
4 11 0.44 0.53
4 12 0.57 0.74
4 15 0.18 0.79
5 6 0.64 0.95
5 7 0.41 0.33
5 8 0.03 0.88
5 12 0.16 0.07
5 14 0.36 0.94
6 7 0.76 0.3
6 10 0.26 0.85
6 11 0.17 0.41
6 12 0.23 0.46
6 13 0.61 0.7
7 8 0.19 0.03
7 9 0.1 0.67
7 10 0.48 0.09
7 11 0.7 0.14
7 14 0.53 0.13
8 10 0.4 0.12
10 14 0.82 0.54
10 15 0.24 0.19
11 12 0.53 0.58
11 13 0.3 0.16
11 14 0.6 0.39
12 13 0.91 0.28
