0 1 0.89 0.82
0 2 0.87 0.37
0 3 0.07 0.33
0 4 0.39 0.68
0 6 0.39 0.02
0 8 0.59 0.5
0 10 0.78 0.42
0 11 0.52 0.06
0 12 0.88 0.93
0 14 0.22 0.35
0 15 0.1 0.37
1 2 0.01 0.43
1 3 0.94 0.95
1 4 0.6 0.06
1 5 0.94 0.74
1 6 0.99 1
1 9 0.93 0.57
1 14 0.37 0.96
2 3 0.94 0.53
2 4 0.36 0.11
2 5 0.98 0.59
2 6 0.39 0.58
2 7 0.82 0.57
2 8 0.15 0.96
2 10 0.48 0.44
2 14 0.36 0.86
3 4 0.89 0.23
3 5 0.98 0.22
3 6 0.36 0.59
3 7 0.92 0.91
3 8 0.36 0.48
3 9 0.75 0.61
3 10 0.15 0.48
4 5 0.62 0.87
4 7 0.95 0.24
4 10 0.63 0.36
4 12 0.86 0.66
4 13 0.43 0.63
5 11 0.92 0.62
5 13 0.29 0.55
6 7 0.27 0.11
6 8 0.61 0.82
6 9 0.35 0.62
7 9 0.52 0.82
7 13 0.82 0.74
7 14 0.67 0.17
7 15 0.26 0.27
8 11 0.08 0.65
8 12 0.8 0.91
8 13 0.19 0.16
9 11 0.05 0.88
10 12 0.25 0.05
11 15 0.78 0.98
13 15 0.75 0.21
