0 1 0.95 0.97
0 2 0.53 0.97
0 3 0.79 0.89
0 4 0.45 0.81
0 5 0.9 0.88
0 6 0.62 0.03
0 7 0.57 0.62
0 8 0.88 0.78
0 9 0.1 0.63
0 11 0.66 0.62
0 13 0.49 0.15
0 15 0.91 0.28
1 2 0.17 0.4
1 3 0.85 0.51
1 4 0.03 0.26
1 5 0.29 0.23
1 6 0.4 0.58
1 10 0.27 0.77
1 14 0.77 0.52
1 15 0.02 0.18
2 3 0.62 0.51
2 4 0.1 0.73
2 5 0.97 0.01
2 7 0.19 0.96
2 8 0.43 0.27
2 9 0.13 0.69
2 11 0.18 0.33
2 12 0.57 0.57
2 15 0.95 0.72
3 4 0.87 0.28
3 5 0.04 0.02
3 6 0.65 0.36
3 9 0.31 0.09
3 13 0.17 0.25
4 5 0.23 0.45
4 6 0.92 0.52
4 7 0.24 0.32
4 8 0.07 0.33
4 9 0.98 0.72
4 10 0.8 0.06
4 11 0.75 0.28
4 12 0.17 0.26
4 15 0.09 0.49
5 6 0.86 0.9
5 7 0.33 0.76
5 8 0.08 0.05
5 12 0.62 0.19
5 14 0.22 1
6 7 0.89 0.36
6 10 0.15 0.47
6 11 0.23 0.61
6 12 0.98 0.9
6 13 0.45 0.4
7 8 0.41 0.64
7 9 0.29 0.74
7 10 0.72 0.89
7 11 0.2 0.88
7 14 0.24 0.86
8 10 0.63 0.64
10 14 0.02 0.08
10 15 0.02 0.9
11 12 0.41 0.58
11 13 0.03 0.99
11 14 0.68 0.33
12 13 0.75 0.79
