0 1 0.47 0.97
0 2 0.36 0.95
0 3 0.82 0.51
0 4 0.66 0.21
0 5 0.11 0.57
0 9 0.78 0.35
0 13 0.07 0.38
1 2 0.04 0.57
1 3 0.63 0.54
1 5 0.14 0.65
1 6 0.31 0.57
1 8 0.67 0.68
1 9 0.57 0.73
1 10 0.98 0.89
2 3 0.62 0.43
2 4 1 0.57
2 7 0.85 0.15
2 8 0.71 0.83
2 9 0.77 0.18
2 11 0.84 0.69
2 15 0.15 0.54
3 4 0.06 0.33
3 5 0.8 0.33
3 6 0.45 0.67
3 14 0.42 0.88
4 10 0.85 0.76
4 11 0.15 0.54
4 12 0.49 0.3
5 6 0.98 0.29
5 7 0.12 0.33
5 8 0.77 0.15
6 7 0.17 0.25
6 10 0.56 0.89
6 14 0.22 0.32
7 11 0.35 0.51
7 14 0.8 0.87
8 12 0.51 0.21
9 12 0.57 0.23
9 15 0.39 0.75
10 13 0.55 0.29
12 13 0.64 0.78
14 15 0.12 0.92
