0 1 0.87 0.14
0 2 0.43 0.87
0 3 0.76 0.83
0 4 0.16 0.36
0 5 0.45 0.47
0 9 0.52 0.32
0 13 0.7 0.87
1 2 0.75 0.67
1 3 0.08 0.12
1 5 0.11 0.04
1 6 0.21 0.69
1 8 0.96 0.41
1 9 0.47 0.74
1 10 0.63 0.31
2 3 0.52 0.39
2 4 0.98 0.68
2 7 0.99 0.84
2 8 0.71 0.93
2 9 0.52 0.09
2 11 0.03 0.39
2 15 0.11 0.23
3 4 0.32 0.6
3 5 0.84 0.72
3 6 0.26 0.34
3 14 0.04 0.01
4 10 0.21 0.39
4 11 0.66 0.72
4 12 0.25 0.48
5 6 0.99 0.87
5 7 0.99 0.36
5 8 0.57 0.19
6 7 0.06 0.69
6 10 0.1 0.01
6 14 0.53 0.51
7 11 0.25 0.52
7 14 0.4 0.54
8 12 0.8 0.14
9 12 0.87 0.01
9 15 0.03 0.3
10 13 0.09 0.7
12 13 0.26 0.81
14 15 0.24 0.97
