0 1 0.76 0.53
0 2 0.96 0.22
0 3 0.39 0.71
0 4 0.36 0.74
0 5 0.04 0.54
0 6 0.92 0.26
0 7 0.78 0.64
0 9 0.46 0.73
0 10 0.97 0.27
0 11 0.42 0.88
0 12 0.08 0.92
0 13 0.81 0.35
1 2 0.78 0.11
1 3 0.64 0.34
1 4 0.36 0.47
1 6 0.03 0.5
1 7 0.51 0.95
1 8 0.8 0.56
1 12 0.76 0.44
1 13 0.17 0.19
2 3 0.45 0.7
2 4 0.24 0.52
2 5 0.91 0.03
2 6 0.47 0.85
2 7 0.65 0.33
2 8 0.88 0.68
2 9 0.81 0.45
2 10 0.4 0.58
2 13 0.1 0.39
2 14 0.82 0.85
3 4 0.75 0.29
3 5 0.21 0.83
3 10 0.91 0.07
3 11 0.92 0.37
3 12 0.96 0.16
3 14 0.6 0.98
3 15 0.38 0.08
4 5 0.91 0.98
4 6 0.39 0.52
4 7 0.09 0.27
4 9 0.21 0.8
4 12 0.26 0.56
4 14 0.09 0.67
4 15 0.18 0.35
5 8 0.73 0.99
5 9 0.62 0.03
5 13 0.87 0.61
6 8 0.12 0.95
6 15 0.99 0.12
7 11 0.09 0.17
7 14 0.16 0.16
9 10 0.62 0.14
9 15 0.64 0.94
10 11 0.77 0.2
