0 1 0.67 0.1
0 2 0.37 0.81
0 3 0.82 0.78
0 4 0.69 0.74
0 6 0.4 0.42
0 9 0.55 0.42
0 10 0.43 0.04
0 11 0.66 0.76
0 13 0.14 0.57
1 2 0.91 0.76
1 3 0.21 0.84
1 4 0.73 0.07
1 5 0.57 0.14
1 12 0.71 0.8
2 3 0.4 0.45
2 4 0.71 0.67
2 6 0.34 0.65
2 7 0.77 0.85
2 8 0.61 0.68
2 9 0.09 0.23
2 10 0.23 0.79
2 11 0.87 0.56
2 13 0.34 0.66
3 5 0.8 0.13
3 8 0.63 0.29
3 15 0.79 0.72
4 5 0.47 0.95
5 6 0.67 0.97
5 7 0.38 0.84
5 8 0.88 0.19
5 9 0.31 0.19
5 11 0.28 0.62
5 15 0.63 0.49
6 7 0.06 0.12
6 10 0.62 0.75
6 12 0.87 0.51
6 13 0.2 0.47
8 12 0.89 0.19
8 14 0.84 0.67
11 15 0.3 0.96
12 14 0.11 0.31
13 14 0.56 0.28
