0 1 0.01 0.54
0 2 0.83 0.7
0 3 0.2 0.5
0 4 0.82 0.63
0 7 0.26 0.57
1 2 0.09 0.22
1 3 0.98 0.2
1 4 0.32 0.22
1 5 0.51 0.77
1 6 0.79 0.2
1 10 0.32 0.11
1 12 0.32 0.25
2 3 0.17 0.54
2 4 0.29 0.02
2 7 0.06 0.26
2 9 0.37 0.11
2 10 0.62 0.25
2 11 0.66 0.17
2 12 0.66 0.42
3 5 0.68 0.99
3 6 0.36 0.34
3 8 0.31 0.12
3 11 0.62 0.14
3 12 0.72 0.47
3 15 0.41 0.91
4 5 0.48 0.29
4 6 0.3 0.73
4 8 0.21 0.11
4 11 0.17 0.03
4 14 0.12 0.84
5 14 0.88 0.51
6 7 0.32 0.39
6 8 0.24 0.97
6 9 0.97 0.57
6 10 0.37 0.08
6 13 0.27 0.69
6 15 0.66 0.42
7 9 0.34 0.48
7 14 0.93 0.34
11 13 0.24 0.24
12 13 0.64 0.29
12 15 0.2 0.23
