0 1 0.07 0.04
0 2 0.72 0.51
0 3 0.21 0.74
0 4 0.22 0.46
0 6 0.58 0.62
0 7 0.7 0.27
0 9 0.8 0.43
0 11 0.52 0.28
0 12 0.24 0.2
0 13 0.32 0.2
0 14 0.44 0.13
1 2 0.98 0.1
1 3 0.95 0.77
1 4 0.9 0.3
1 5 0.38 0.96
1 8 0.96 0.43
1 9 0.09 0.05
2 3 0.09 0.42
2 4 0.56 0.4
2 10 0.63 0.28
2 14 0.18 0.55
3 5 0.02 0.16
3 6 0.97 0.13
3 7 0.26 0.54
3 10 0.81 0.57
3 11 0.12 0.55
3 13 0.02 0.33
4 5 0.13 0.89
4 10 0.64 0.13
4 15 0.93 0.46
5 6 0.72 0.26
5 12 0.87 0.84
6 7 0.16 0.64
6 8 0.7 0.35
6 11 0.19 0.44
7 8 0.11 0.12
7 9 0.8 0.13
7 12 0.95 0.3
7 13 0.84 0.53
7 14 0.07 0.12
8 15 0.16 0.36
11 15 0.94 0.54
