0 1 0.04 0.15
0 2 0.56 0.76
0 3 0.82 0.05
0 4 0.73 0.03
0 5 0.84 0.48
0 6 0.11 0.68
1 2 0.7 0.87
1 3 0.1 0.47
1 4 0.4 0.47
1 5 1 0.82
1 6 0.43 0.57
1 9 0.82 0.48
1 11 0.56 0.32
1 12 0.89 0.15
2 3 0.26 0.3
2 7 0.01 0.58
2 10 0.75 0.19
2 11 0.73 0.58
2 12 0.59 0.69
3 4 0.4 0.78
3 5 0.36 0.46
3 8 0.11 0.14
3 10 0.13 0.59
3 13 0.22 0.07
4 6 0.93 0.07
4 8 0.52 0.78
5 7 0.95 0.26
5 9 0.32 0.31
5 10 0.16 0.15
5 13 0.48 0.85
5 14 0.33 0.95
5 15 0.21 0.79
6 7 0.43 0.3
6 8 0.47 0.01
6 11 0.97 0.15
6 14 0.25 0.69
8 9 0.9 0.89
8 12 0.14 0.06
8 14 0.07 0.94
8 15 0.06 0.25
9 13 0.27 0.42
9 15 0.17 0.93
