0 1 0.87 0.49
0 2 0.34 0.55
0 3 0.24 0.53
0 4 0.12 0.75
0 6 0.79 0.94
0 8 0.66 0.33
0 10 0.62 0.03
0 11 0.69 0.31
0 12 0.6 0.9
0 14 0.86 0.41
0 15 0.19 0.3
1 2 0.76 0.95
1 3 0.12 0.84
1 4 0.83 0.28
1 5 0.05 0.7
1 6 0.19 0.18
1 9 0.71 0.93
1 14 0.41 0.12
2 3 0.27 0.66
2 4 0.02 0.52
2 5 0.94 0.95
2 6 0.59 0.04
2 7 0.23 0.25
2 8 0.11 0.16
2 10 0.03 0.22
2 14 0.61 0.05
3 4 0.59 0.94
3 5 0.6 0.76
3 6 0.93 0.96
3 7 0.5 0.14
3 8 0.97 0.49
3 9 0.65 0.63
3 10 0.06 0.94
4 5 0.05 0.78
4 7 0.05 0.28
4 10 0.69 0.33
4 12 0.58 0.08
4 13 0.69 0.83
5 11 0.31 0.87
5 13 0.99 0.76
6 7 0.4 0.26
6 8 0.66 0.43
6 9 0.8 0.55
7 9 0.89 0.31
7 13 0.04 0.06
7 14 0.75 0.69
7 15 0.93 0.89
8 11 0.26 0.51
8 12 0.47 0.76
8 13 0.35 0.54
9 11 0.44 0.3
10 12 0.09 0.18
11 15 0.55 0.38
13 15 0.19 0.26
