0 1 0.95 0.79
0 2 0.4 0.81
0 3 0.96 0.35
0 4 0.65 0.64
0 7 0.72 0.6
0 11 0.16 0.24
0 14 0.97 0.24
1 2 0.29 0.75
1 3 0.67 0.27
1 5 0.32 0.27
1 6 0.97 0.3
1 9 0.39 0.66
2 3 0.68 0.84
2 4 0.89 0.98
2 5 0.76 0.69
2 8 0.12 0.14
2 10 0.9 0.61
2 15 0.34 0.21
3 4 0.5 0.84
3 5 0.42 0.77
3 6 0.73 0.42
3 9 0.28 0.2
3 12 0.06 0.13
3 13 0.6 0.93
3 14 0.95 0.12
4 6 0.37 0.01
4 8 0.61 0.67
4 11 0.81 0.52
5 7 0.68 0.02
5 10 0.49 0.34
6 7 0.61 0.28
6 8 0.55 0.16
6 11 0.23 0.56
6 12 0.49 0.49
6 14 0.81 0.66
7 9 0.92 0.88
7 12 0.95 0.5
7 13 0.83 0.35
7 15 0.82 0.93
8 15 0.49 0.72
9 10 0.55 0.21
12 13 0.52 0.9
