0 1 0.59 0.14
0 2 0.64 0.89
0 3 0.97 0.45
0 4 0.89 0.35
0 5 1 0.51
0 6 0.64 0.08
0 8 0.81 0.88
0 9 0.15 0.33
0 10 0.62 0.62
1 2 0.1 0.69
1 3 0.86 0.95
1 4 0.66 0.04
1 7 0.23 0.56
1 8 0.89 0.51
1 9 0.67 0.21
1 10 0.72 0.66
1 11 0.32 0.11
1 13 0.98 0.67
2 3 0.56 0.5
2 4 0.38 0.31
2 5 0.76 0.41
2 6 0.63 0.49
2 7 0.28 0.57
2 11 0.37 0.46
3 4 0.83 0.13
3 5 0.58 0.29
3 6 0.94 0.09
4 5 0.81 0.52
4 7 0.48 0.99
4 8 0.19 0.36
4 9 0.86 0.56
4 11 0.88 0.48
4 12 0.91 0.95
4 14 0.71 0.39
5 6 0.29 0.99
5 7 0.47 0.08
5 10 0.95 0.75
5 15 1 0.45
6 11 0.37 0.6
6 12 0.88 0.75
6 15 0.09 0.4
7 8 0.37 0.46
7 12 0.94 0.74
7 13 0.04 0.3
7 14 0.22 0.01
7 15 0.84 0.71
8 9 0.76 0.92
8 10 0.16 0.17
9 12 0.7 0.07
9 13 0.01 0.39
10 15 0.53 0.15
11 13 0.94 0.46
12 14 0.74 0.5
13 14 0.71 0.41
