0 1 0.02 0.69
0 2 0.63 0.13
0 3 0.98 0.32
0 4 0.78 0.91
0 5 0.08 0.42
0 6 0.14 0.19
0 7 0.54 0.1
0 11 0.39 0.13
1 2 0.97 0.63
1 3 0.96 0.07
1 4 0.56 0.21
1 5 0.38 0.23
1 6 0.74 0.96
1 7 0.62 0.66
1 8 0.28 0.94
1 9 0.63 0.7
1 11 0.65 0.36
1 12 0.55 0.9
2 3 0.7 0.78
2 4 0.26 0.86
2 5 0.58 0.21
2 6 0.06 0.12
2 7 0.43 0.53
2 9 0.15 0.95
2 10 0.61 0.05
2 15 0.51 0.79
3 4 0.25 0.68
3 5 0.04 0.15
3 6 0.18 0.76
3 8 0.05 0.54
3 10 0.71 1
3 11 0.9 0.88
3 12 0.5 0.24
3 14 0.18 0.31
4 12 0.42 0.38
5 7 0.92 0.69
5 8 0.03 0.42
5 9 0.59 0.73
5 10 0.87 0.49
6 12 0.67 0.5
6 14 0.5 0.01
7 8 0.17 0.28
7 9 0.51 0.32
7 10 0.35 0.07
7 11 0.24 0.2
7 15 0.06 0.5
8 13 0.27 0.27
8 14 0.55 0.72
8 15 0.03 0.98
10 13 0.61 0.43
11 13 0.62 0.61
11 15 0.98 0.19
12 13 0.18 0.1
13 14 1 0.51
