0 1 0.61 0.46
0 2 0.1 0.59
0 3 0.81 0.73
0 4 0.32 0.03
0 5 0.97 0.31
0 6 0.11 0.55
0 7 0.07 0.37
0 9 0.36 0.11
0 10 0.3 0.72
0 11 0.93 0.23
0 12 0.58 0.65
0 13 0.24 0.28
1 2 0.04 0.77
1 3 0.2 0.81
1 4 0.87 0.88
1 6 0.8 0.7
1 7 0.97 0.21
1 8 0.44 0.95
1 12 0.79 0.39
1 13 0.27 0.06
2 3 0.88 0.89
2 4 0.97 0.07
2 5 0.22 0.6
2 6 0.64 0.4
2 7 0.16 0.22
2 8 0.66 0.9
2 9 0.6 0.35
2 10 0.68 0.56
2 13 1 0.37
2 14 0.01 0.71
3 4 0.23 0.43
3 5 0.67 0.41
3 10 0.05 0.35
3 11 1 0.34
3 12 0.59 0.59
3 14 0.82 0.21
3 15 0.81 0.12
4 5 0.03 0.72
4 6 0.99 0.19
4 7 0.6 0.42
4 9 0.33 0.1
4 12 0.06 0.39
4 14 0.48 0.39
4 15 0.35 0.3
5 8 0.4 0.47
5 9 0.06 0.16
5 13 0.14 0.26
6 8 0.53 0.22
6 15 0.91 0.66
7 11 0.02 0.6
7 14 0.11 0.11
9 10 0.44 0.48
9 15 0.32 0.3
10 11 0.83 0.8
