0 1 0.11 0.21
0 2 0.86 0.45
0 3 0.65 0.3
0 4 0.52 0.25
0 5 0.69 0.58
0 8 0.47 0.65
0 9 0.25 0.37
0 10 0.4 0.32
0 12 0.19 0.93
0 13 0.27 0.69
0 15 0.38 0.84
1 2 0.3 0.44
1 3 0.85 0.42
1 4 0.62 0.95
1 5 0.01 0.45
1 6 0.45 0.07
1 7 0.79 0.35
1 10 0.35 0.58
1 12 0.78 0.28
2 3 0.84 0.8
2 4 0.33 0.24
2 5 0.13 0.82
2 6 0.22 0.02
2 7 0.54 0.21
2 8 0.19 0.07
2 13 0.01 0.29
2 14 0.27 0.1
3 4 0.02 0.31
3 11 0.05 0.85
3 13 1 0.24
3 14 0.24 0.67
3 15 0.69 0.25
4 5 0.84 0.75
4 6 0.6 0.21
4 7 0.28 0.16
4 9 0.28 0.02
4 11 0.31 0.58
5 6 0.98 0.44
5 7 0.33 0.04
5 9 0.06 0.51
6 8 0.49 0.08
6 10 0.18 0.32
6 13 0.01 0.86
7 8 0.23 0.23
7 9 0.09 0.75
7 10 0.26 0.67
7 14 0.03 0.28
8 11 0.47 0.85
8 12 0.91 0.99
9 11 0.7 0.98
10 15 0.17 0.53
11 12 0.4 0.84
11 15 0.23 0.11
13 14 0.13 0.47
