0 1 0.91 0.4
0 2 0.92 0.09
0 3 0.77 0.29
0 4 0.28 0.74
0 5 0.76 0.97
0 6 0.37 0.2
0 7 0.83 0.17
0 8 0.29 0.2
0 9 0.15 0.73
0 11 0.28 0.49
0 12 0.32 0.23
0 13 0.97 0.79
0 14 0.96 0.62
0 15 0.74 0.3
1 2 0.3 0.2
1 3 0.45 0.13
1 4 0.68 0.75
1 5 0.14 0.79
1 6 0.64 0.21
1 7 0.17 0.57
1 8 0.45 0.94
1 10 0.49 0.22
1 12 0.71 0.9
1 13 0.75 0.01
2 3 0.75 0.29
2 4 0.26 0.34
2 5 0.83 0.91
2 6 0.88 0.71
2 8 0.94 0.92
2 9 0.7 0.5
2 15 0.64 0.29
3 4 0.37 0.3
3 7 0.96 0.6
3 10 0.43 0.53
3 13 0.8 0.32
3 15 0.38 0.64
4 5 0.93 0.18
4 6 0.51 0.19
4 8 0.59 0.11
5 7 0.95 0.21
5 9 0.27 0.03
5 10 0.28 0.08
5 11 0.15 0.63
5 14 0.16 0.78
6 11 0.56 0.88
6 15 0.29 0.68
7 14 0.46 0.12
8 9 0.51 0.84
8 10 0.01 0.75
8 12 0.94 0.47
9 11 0.65 0.5
10 12 0.69 0.37
10 13 0.03 0.06
10 14 0.99 0.45
