0 1 0.75 0.8
0 2 0.17 0.42
0 3 0.37 0.77
0 4 0.63 0.06
0 5 0.89 0.75
0 6 0.48 0.48
0 7 0.61 0.73
0 9 0.3 0.45
0 10 0.3 0.13
0 11 0.86 0.5
0 12 0.4 0.47
0 13 0.47 0.99
1 2 0.21 0.61
1 3 0.84 0.76
1 4 0.38 0.36
1 6 0.82 0.3
1 7 0.74 0.88
1 8 0.75 0.12
1 12 0.21 0.69
1 13 0.44 0.63
2 3 0.01 0.39
2 4 0.35 0.8
2 5 0.06 0.13
2 6 0.62 0.59
2 7 0.67 0.34
2 8 0.02 0.89
2 9 0.19 0.18
2 10 0.2 0.65
2 13 0.36 0.52
2 14 0.45 0.42
3 4 0.65 0.1
3 5 0.44 0.08
3 10 0.68 0.69
3 11 1 0.32
3 12 0.34 0.58
3 14 0.01 0.16
3 15 0.09 0.71
4 5 0.36 0.18
4 6 0.98 0.65
4 7 0.82 0.19
4 9 0.65 0.07
4 12 0.91 0.86
4 14 1 0.65
4 15 0.05 0.43
5 8 0.94 0.93
5 9 0.71 0.52
5 13 0.12 0.93
6 8 0.04 0.39
6 15 0.68 0.78
7 11 0.35 0.54
7 14 0.78 0.88
9 10 0.04 0.89
9 15 0.97 0.51
10 11 0.7 0.9
