0 1 0.42 0.09
0 2 0.57 0.08
0 3 0.72 0.42
0 4 0.44 0.42
0 5 0.76 0.53
0 6 0.34 0.55
0 7 0.71 0.27
0 8 0.27 0.08
0 9 0.65 0.32
0 11 0.81 0.65
0 12 0.87 0.99
0 13 0.55 0.08
0 14 0.58 0.66
0 15 0.74 0.75
1 2 0.01 0.47
1 3 0.97 0.56
1 4 0.91 0.54
1 5 0.26 0.11
1 6 0.59 0.11
1 7 0.11 0.91
1 8 0.54 0.5
1 10 0.1 0.54
1 12 0.63 0.45
1 13 0.71 0.62
2 3 0.78 0.84
2 4 0.29 0.74
2 5 0.27 0.26
2 6 0.89 0.5
2 8 0.84 0.6
2 9 0.82 0.02
2 15 0.78 0.39
3 4 0.63 0.44
3 7 0.13 0.5
3 10 0.03 0.59
3 13 0.64 0.61
3 15 0.15 0.12
4 5 0.74 0.28
4 6 0.68 0.67
4 8 0.19 0.9
5 7 0.26 0.13
5 9 0.72 0.76
5 10 0.77 0.59
5 11 0.7 0.4
5 14 0.3 0.17
6 11 0.23 0.14
6 15 0.56 0.53
7 14 0.84 0.48
8 9 0.28 0.2
8 10 0.67 0.03
8 12 0.97 0.18
9 11 0.56 0.02
10 12 0.59 0.38
10 13 0.07 0.73
10 14 0.35 0.65
