0 1 0.98 0.36
0 2 0.7 0.48
0 3 0.2 0.83
0 4 0.23 0.96
0 6 0.09 0.23
0 8 0.4 0.24
0 10 0.22 0.53
0 11 0.65 0.27
0 12 0.89 0.75
0 14 0.23 0.87
0 15 0.04 0.45
1 2 0.19 0.2
1 3 0.63 0.59
1 4 0.17 0.04
1 5 0.04 0.01
1 6 0.93 0.1
1 9 0.44 0.06
1 14 0.34 0.71
2 3 0.42 0.59
2 4 0.12 0.2
2 5 0.06 0.09
2 6 0.08 0.16
2 7 0.69 0.24
2 8 0.14 0.54
2 10 0.61 0.29
2 14 0.57 0.89
3 4 0.57 0.46
3 5 0.54 0.94
3 6 0.53 0.59
3 7 0.66 0.41
3 8 0.53 0.63
3 9 0.72 0.22
3 10 0.7 0.84
4 5 0.8 0.05
4 7 0.22 0.02
4 10 0.04 0.25
4 12 0.25 0.04
4 13 0.85 0.87
5 11 0.48 0.77
5 13 0.57 0.03
6 7 0.54 0.53
6 8 0.94 0.4
6 9 0.95 0.53
7 9 0.07 0.3
7 13 0.59 0.96
7 14 0.32 0.38
7 15 0.4 0.79
8 11 0.84 0.14
8 12 0.39 0.22
8 13 0.58 0.49
9 11 0.4 0.3
10 12 0.03 0.45
11 15 0.11 0.1
13 15 0.71 0.39
