0 1 0.47 0.11
0 2 0.77 0.76
0 3 0.74 0.59
0 4 0.32 0.41
0 5 0.86 0.42
0 9 0.16 0.88
0 13 0.88 0.22
1 2 0.94 0.48
1 3 0.63 0.04
1 5 0.55 0.82
1 6 0.19 0.72
1 8 0.41 0.63
1 9 0.68 0.6
1 10 0.21 0.24
2 3 0.16 0.17
2 4 0.33 0.54
2 7 0.08 0.69
2 8 0.32 0.25
2 9 0.06 0.22
2 11 0.81 0.26
2 15 0.33 0.01
3 4 0.48 0.22
3 5 0.46 0.55
3 6 0.86 0.94
3 14 0.65 0.79
4 10 0.01 0.85
4 11 0.02 0.17
4 12 0.2 0.68
5 6 0.1 0.89
5 7 0.7 0.29
5 8 0.65 0.52
6 7 0.66 0.67
6 10 0.38 0.35
6 14 0.64 0.56
7 11 0.26 0.83
7 14 0.54 0.45
8 12 0.14 0.9
9 12 0.44 0.4
9 15 0.57 0.8
10 13 0.42 0.47
12 13 0.33 0.33
14 15 0.67 0.03
