0 1 0.59 0.08
0 2 0.83 0.19
0 3 0.68 0.6
0 4 0.64 0.07
0 10 0.43 0.93
0 11 0.15 0.62
0 12 0.59 0.46
0 13 0.52 0.94
0 14 0.58 0.2
0 15 0.12 0.45
1 2 0.52 0.45
1 3 0.45 0.9
1 5 0.52 0.49
1 6 0.79 0.46
1 8 0.96 0.84
1 9 0.05 0.17
1 11 0.59 0.01
1 13 0.13 0.12
2 3 0.79 0.13
2 4 0.1 0.96
2 7 0.13 0.41
2 8 0.99 0.45
2 15 0.15 0.63
3 4 0.92 0.4
3 5 0.78 0.15
3 6 0.52 0.28
3 7 1 0.28
3 10 0.75 0.89
3 12 0.39 0.82
3 14 0.35 0.88
3 15 0.04 0.07
4 5 0.77 0.45
4 6 0.74 0.74
4 7 0.67 0.82
4 11 0.68 0.57
4 13 0.85 0.07
6 9 0.12 0.9
6 12 0.75 0.29
6 14 0.08 0.08
7 8 0.23 0.59
7 9 0.98 0.95
7 10 0.94 0.08
