0 1 0.65 0.58
0 2 0.92 0.39
0 3 0.66 0.47
0 4 0.08 0.29
0 6 0.97 0.37
0 7 0.93 0.09
0 8 0.78 0.19
0 9 0.15 0.16
0 10 0.62 0.8
0 13 0.39 0.41
0 15 0.16 0.87
1 2 0.12 0.56
1 3 0.25 0.25
1 4 0.34 0.56
1 5 0.89 0.76
1 7 0.26 0.1
1 8 0.45 0.93
1 9 0.41 0.86
1 12 0.65 0.4
1 14 0.2 0.13
1 15 0.79 0.74
2 3 0.49 0.39
2 5 0.54 0.91
2 6 0.55 0.88
2 8 0.38 0.38
3 4 0.39 0.22
3 5 0.4 0.18
3 9 0.21 0.33
3 12 0.23 0.79
3 13 0.48 0.5
4 6 0.34 0.22
4 11 0.93 0.09
4 14 0.6 0.35
6 7 0.52 0.86
6 10 0.7 0.59
6 11 0.45 0.18
6 12 0.45 0.6
6 13 0.08 0.45
7 10 0.1 0.64
8 11 0.29 0.46
9 15 0.8 0.56
10 14 0.36 0.59
