0 1 0.39 0.33
0 2 0.37 0.16
0 3 0.87 0.92
0 4 0.29 0.42
0 5 0.49 0.91
0 9 0.4 0.4
0 13 0.16 0.49
1 2 0.29 0.28
1 3 0.18 0.76
1 5 0.4 0.69
1 6 0.52 0.5
1 8 0.6 0.71
1 9 0.23 0.71
1 10 0.51 0.97
2 3 1 0.93
2 4 0.82 0.72
2 7 0.63 0.31
2 8 0.11 0.04
2 9 0.06 0.3
2 11 0.42 0.56
2 15 0.16 0.29
3 4 0.86 0.46
3 5 0.46 0.44
3 6 0.85 0.84
3 14 0.31 0.06
4 10 0.28 0.5
4 11 0.46 0.17
4 12 0.28 0.75
5 6 0.29 0.92
5 7 0.08 0.94
5 8 0.74 0.44
6 7 0.42 0.34
6 10 0.24 0.78
6 14 0.52 0.02
7 11 0.33 0.59
7 14 0.89 0.25
8 12 0.55 0.85
9 12 0.22 0.92
9 15 0.22 0.56
10 13 0.05 0.04
12 13 0.43 0.18
14 15 0.59 0.16
