0 1 0.74 0.04
0 2 0.06 0.16
0 3 0.37 0.63
0 4 0.37 0.2
0 5 0.48 0.84
0 6 0.63 0.83
0 8 0.54 0.26
0 9 0.39 0.6
0 10 0.05 0.26
1 2 0.05 0.98
1 3 0.04 0.7
1 4 0.46 0.38
1 7 0.62 0.39
1 8 0.6 0.64
1 9 0.87 0.2
1 10 0.11 0.03
1 11 0.4 0.78
1 13 0.8 0.11
2 3 0.97 0.01
2 4 0.54 0.14
2 5 0.64 0.12
2 6 0.44 0.86
2 7 1 0.64
2 11 1 0.41
3 4 0.86 0.84
3 5 0.4 0.86
3 6 0.41 0.87
4 5 0.02 0.17
4 7 0.59 0.62
4 8 0.08 0.2
4 9 0.31 0.35
4 11 0.23 0.67
4 12 0.77 0.84
4 14 0.42 0.63
5 6 0.79 0.4
5 7 0.71 0.64
5 10 0.91 0.96
5 15 0.08 0.17
6 11 0.94 0.9
6 12 0.43 0.96
6 15 0.65 0.6
7 8 0.4 0.36
7 12 0.48 0.24
7 13 0.25 0.3
7 14 0.04 0.66
7 15 0.5 0.28
8 9 0.56 0.59
8 10 0.22 0.73
9 12 0.46 0.44
9 13 0.63 0.07
10 15 0.77 0.54
11 13 0.18 0.57
12 14 0.17 0.63
13 14 0.33 0.13
