0 1 0.49 0.55
0 2 0.45 0.26
0 3 0.75 0.99
0 4 0.2 0.5
0 5 0.81 0.73
0 9 0.6 0.6
0 13 0.91 0.93
1 2 0.68 1
1 3 0.52 0.8
1 5 0.51 0.28
1 6 0.65 0.41
1 8 0.83 0.74
1 9 0.51 0.02
1 10 0.03 0.16
2 3 0.55 0.8
2 4 0.14 0.38
2 7 0.66 0.51
2 8 0.75 0.48
2 9 0.02 0.06
2 11 0.88 0.84
2 15 0.46 0.32
3 4 0.09 0.59
3 5 0.53 0.95
3 6 0.97 0.41
3 14 0.38 0.63
4 10 0.75 0.07
4 11 0.68 0.21
4 12 0.8 0.9
5 6 0.47 0.43
5 7 0.5 0.2
5 8 0.71 0.51
6 7 0.71 0.84
6 10 0.65 0.42
6 14 0.96 0.64
7 11 0.72 0.83
7 14 0.79 0.49
8 12 0.96 0.68
9 12 0.38 0.72
9 15 0.75 0.18
10 13 0.04 1
12 13 0.33 0.08
14 15 0.8 0.38
