0 1 0.54 0.36
0 2 0.66 0.05
0 3 0.47 0.09
0 4 0.93 0.13
0 5 0.67 0.75
0 6 0.6 0.88
0 8 0.02 0.32
0 9 0.73 0.33
0 10 0.34 0.9
1 2 0.75 0.6
1 3 0.55 0.6
1 4 0.42 0.61
1 7 0.19 0.54
1 8 0.61 0.07
1 9 0.18 0.43
1 10 0.74 0.14
1 11 0.71 0.82
1 13 0.21 0.71
2 3 0.89 0.41
2 4 0.71 0.63
2 5 0.45 0.49
2 6 0.72 0.85
2 7 0.46 0.32
2 11 0.7 0.04
3 4 0.56 0.52
3 5 0.04 0.98
3 6 0.39 0.72
4 5 0.26 0.28
4 7 0.22 0.09
4 8 0.99 0.64
4 9 0.18 0.88
4 11 0.46 0.49
4 12 0.37 0.21
4 14 0.51 0.58
5 6 0.4 0.43
5 7 0.13 0.95
5 10 0.57 0.49
5 15 0.54 0.83
6 11 0.5 0.98
6 12 0.93 0.14
6 15 0.68 0.14
7 8 0.7 0.4
7 12 0.74 0.32
7 13 0.88 0.01
7 14 0.4 0.62
7 15 0.34 0.59
8 9 0.64 0.5
8 10 0.35 0.23
9 12 0.89 0.81
9 13 0.82 0.41
10 15 0.64 0.71
11 13 0.62 0.76
12 14 0.42 0.28
13 14 0.05 0.84
