0 1 0.62 0.43
0 2 0.18 0.39
0 3 0.65 0.41
0 4 0.74 0.64
0 5 0.09 0.09
0 8 0.67 0.93
0 9 0.13 0.21
0 10 0.3 0.1
0 12 0.85 0.44
0 13 0.2 0.41
0 15 0.18 0.88
1 2 0.23 0.33
1 3 0.28 0.97
1 4 0.29 0.49
1 5 0.25 0.48
1 6 0.83 0.92
1 7 0.31 0.27
1 10 0.41 0.51
1 12 0.65 0.56
2 3 0.39 0.92
2 4 0.87 0.94
2 5 0.53 0.78
2 6 0.87 0.47
2 7 0.32 0.97
2 8 0.72 0.16
2 13 0.3 0.5
2 14 0.55 0.92
3 4 0.88 0.11
3 11 0.1 0.74
3 13 0.54 0.22
3 14 0.12 0.69
3 15 0.42 0.22
4 5 0.46 0.59
4 6 0.11 0.43
4 7 0.71 0.37
4 9 0.15 0.33
4 11 0.41 0.43
5 6 0.77 0.15
5 7 0.51 0.4
5 9 0.34 0.27
6 8 0.57 0.44
6 10 0.88 0.03
6 13 0.54 0.02
7 8 0.02 0.2
7 9 0.55 0.61
7 10 0.89 0.92
7 14 0.18 0.84
8 11 0.69 0.39
8 12 0.92 0.29
9 11 0.32 0.79
10 15 0.38 0.71
11 12 0.27 0.1
11 15 0.44 0.97
13 14 0.8 0.39
