0 1 0.15 0.14
0 2 0.24 0.21
0 3 0.73 0.8
0 4 0.11 0.24
0 7 0.7 0.02
0 8 0.44 0.29
0 9 0.06 0.92
0 15 0.95 0.8
1 2 0.63 0.57
1 3 0.26 0.29
1 4 0.49 0.81
1 8 0.86 0.06
1 12 0.24 0.83
2 3 0.8 0.53
2 4 0.03 0.5
2 5 0.85 0.99
2 6 0.7 0.2
2 8 0.54 0.09
2 9 0.52 0.66
2 11 0.88 0.55
2 12 0.9 0.99
2 14 0.61 0.58
2 15 0.72 0.49
3 5 0.08 0.02
3 13 0.5 0.15
3 15 0.33 0.96
4 5 0.6 0.23
4 6 0.41 0.85
4 7 0.77 0.52
4 10 0.54 0.5
4 11 1 0.6
5 6 0.56 0.71
5 7 0.02 0.9
5 10 0.23 0.52
5 11 0.73 0.74
5 13 0.76 0.83
6 9 0.37 0.79
6 10 0.53 0.22
6 14 0.3 0.21
7 14 0.93 0.71
8 12 0.92 0.27
11 13 0.88 0.57
