0 1 0.83 0.79
0 2 0.58 0.2
0 3 0.67 0.45
0 4 0.17 0.39
0 5 0.81 0.84
0 7 0.99 0.81
0 8 0.86 0.05
0 9 0.65 0.88
0 10 0.84 0.95
0 12 0.43 1
0 15 0.18 0.86
1 2 0.92 0.92
1 3 0.85 0.35
1 4 0.38 0.81
1 5 0.78 0.05
1 6 0.97 0.85
1 8 0.7 0.1
1 11 0.87 0.72
1 12 0.97 0.72
2 3 0.32 0.66
2 4 0.7 0.65
2 5 0.46 0.44
2 6 0.79 0.04
2 7 0.28 0.08
3 4 0.39 0.61
3 7 0.02 0.05
3 9 0.61 0.14
3 10 0.17 0.07
3 12 0.31 0.37
3 13 0.19 0.16
3 14 0.18 0.98
4 5 0.96 0.24
4 6 0.8 0.41
4 8 0.11 0.96
4 9 0.26 0.52
4 14 0.3 0.22
4 15 0.14 0.66
5 6 0.34 0.87
5 12 0.62 0.99
6 7 0.12 0.03
6 8 0.05 0.14
6 11 0.01 0.2
6 13 0.1 0.95
6 14 0.28 0.56
6 15 0.46 0.65
7 9 0.63 0.42
7 10 0.82 0.45
7 11 0.17 0.46
7 15 0.54 0.17
9 10 0.75 0.96
9 11 0.9 0.36
10 13 0.17 0.92
12 13 0.26 0.62
12 14 0.61 0.38
