0 1 0.01 0.54
0 2 0.71 0.12
0 3 0.99 0.15
0 4 0.46 0.08
0 9 0.29 0.4
0 14 0.71 0.96
1 2 0.23 0.79
1 3 0.19 0.61
1 4 1 0.24
1 5 0.22 0.42
1 6 0.82 0.38
1 7 1 0.95
1 8 0.69 0.48
1 11 0.28 0.92
1 13 0.14 0.29
1 14 0.43 0.28
2 3 0.69 0.75
2 6 0.58 0.96
2 8 0.65 0.21
2 12 0.32 0.52
3 4 0.96 0.98
3 5 0.53 0.79
3 6 0.14 0.74
3 9 0.05 0.15
3 10 0.89 0.15
3 12 0.8 0.36
4 5 0.53 0.39
4 8 0.55 0.89
4 9 0.26 0.46
4 10 0.33 0.49
4 13 0.16 0.27
4 14 0.94 0.78
5 7 0.37 0.87
5 15 0.04 0.01
6 7 0.87 0.96
6 10 0.42 0.82
6 11 0.26 0.04
6 12 0.33 0.72
6 15 0.06 0.69
7 15 0.89 0.47
9 13 0.1 0.95
10 11 0.47 0.11
