0 1 0.12 0.81
0 2 0.56 0.65
0 3 0.56 0.36
0 4 0.5 0.36
0 5 0.25 0.57
0 6 0.97 0.77
0 7 0.64 0.93
0 9 0.6 0.27
0 10 0.73 0.81
0 11 0.06 0.27
0 12 0.07 0.43
0 13 0.03 0.9
1 2 0.46 0.27
1 3 0.21 0.38
1 4 0.99 0.72
1 6 0.61 0.75
1 7 0.85 0.67
1 8 0.26 0.92
1 12 0.49 0.35
1 13 0.78 0.2
2 3 0.31 0.64
2 4 0.6 0.19
2 5 0.24 0.43
2 6 0.05 0.54
2 7 0.67 0.27
2 8 0.54 0.8
2 9 0.51 0.48
2 10 0.17 0.6
2 13 0.72 0.95
2 14 0.29 0.25
3 4 0.4 0.01
3 5 0.19 0.61
3 10 0.47 0.51
3 11 0.24 0.69
3 12 0.6 0.42
3 14 0.2 0.23
3 15 0.22 0.86
4 5 0.12 0.77
4 6 0.9 0.1
4 7 0.44 0.33
4 9 0.45 0.4
4 12 0.83 0.18
4 14 0.26 0.55
4 15 0.73 0.76
5 8 0.64 0.77
5 9 0.72 0.1
5 13 0.47 0.94
6 8 0.28 0.99
6 15 0.07 0.45
7 11 0.16 0.47
7 14 0.17 0.09
9 10 0.15 0.95
9 15 0.54 0.23
10 11 0.4 0.41
