0 1 0.67 0.5
0 2 0.9 0.6
0 3 0.57 0.54
0 4 0.08 0.63
0 7 0.5 0.44
1 2 0.54 0.8
1 3 0.07 0.09
1 4 0.77 0.53
1 5 0.78 0.28
1 6 0.6 0.36
1 10 0.84 0.08
1 12 0.08 0.7
2 3 0.71 0.09
2 4 0.32 0.66
2 7 0.33 0.88
2 9 0.16 0.35
2 10 0.19 0.95
2 11 0.86 0.47
2 12 0.33 0.27
3 5 0.64 0.77
3 6 0.01 0.1
3 8 0.71 0.94
3 11 0.67 0.78
3 12 0.78 0.34
3 15 0.31 0.54
4 5 0.22 0.18
4 6 0.97 0.64
4 8 0.4 0.08
4 11 0.17 0.11
4 14 0.4 0.51
5 14 0.99 0.25
6 7 0.81 0.07
6 8 1 0.06
6 9 0.32 0.59
6 10 0.49 0.21
6 13 0.84 0.79
6 15 0.1 0.84
7 9 0.22 0.59
7 14 0.88 0.94
11 13 0.98 0.93
12 13 0.44 0.24
12 15 0.35 0.23
