0 1 0.05 0.72
0 2 0.38 0.71
0 3 0.67 0.24
0 4 0.61 0.15
0 5 0.91 0.04
0 8 0.98 0.81
0 9 0.68 0.43
0 10 0.69 0.86
0 12 0.71 0.64
0 13 0.23 0.64
0 15 0.25 0.44
1 2 0.41 0.62
1 3 0.5 0.13
1 4 0.18 0.96
1 5 0.99 0.81
1 6 0.16 0.95
1 7 0.86 0.46
1 10 0.27 0.51
1 12 0.15 0.54
2 3 0.28 0.54
2 4 0.22 0.27
2 5 0.81 0.67
2 6 0.23 0.31
2 7 0.25 0.58
2 8 0.72 0.25
2 13 0.18 0.75
2 14 0.94 0.44
3 4 0.01 0.25
3 11 0.84 0.91
3 13 0.59 0.48
3 14 0.43 0.43
3 15 0.95 0.87
4 5 0.85 0.63
4 6 0.13 0.24
4 7 0.06 0.92
4 9 0.88 0.11
4 11 0.14 0.58
5 6 0.42 0.06
5 7 0.47 0.76
5 9 0.82 0.46
6 8 0.26 0.58
6 10 0.01 0.5
6 13 0.56 0.51
7 8 0.26 0.64
7 9 0.58 0.13
7 10 0.08 0.07
7 14 0.68 0.26
8 11 0.02 0.49
8 12 0.75 0.31
9 11 0.83 0.22
10 15 0.12 0.18
11 12 0.31 0.54
11 15 0.84 0.87
13 14 0.14 0.16
