0 1 0.66 0.81
0 2 0.38 0.05
0 3 0.47 0.08
0 4 0.98 0.66
0 5 0.99 0.32
0 6 0.25 0.48
0 7 0.8 0.03
0 8 0.58 0.36
0 9 0.57 0.8
0 11 0.05 0.36
0 13 0.83 0.47
0 14 0.75 0.97
0 15 0.48 0.77
1 2 0.41 0.25
1 3 0.56 0.24
1 4 1 0.63
1 5 0.75 0.29
1 11 0.17 0.53
1 12 0.36 0.38
1 14 0.4 0.81
1 15 0.83 0.49
2 3 0.97 0.71
2 4 0.99 0.22
2 6 0.44 0.52
2 7 0.19 0.16
2 13 0.07 0.25
2 14 0.59 0.49
3 4 0.84 0.98
3 5 0.92 0.42
3 6 0.85 0.64
3 8 0.8 0.35
3 9 0.46 0.94
3 15 0.86 0.89
4 5 0.34 0.04
4 6 0.9 0.51
4 7 0.83 0.28
4 10 0.31 0.95
4 12 0.49 0.2
5 7 0.68 0.33
5 8 0.46 0.56
5 9 0.49 0.57
5 10 0.54 0.58
5 11 0.4 0.74
5 12 0.06 0.59
5 13 0.5 0.19
6 9 0.52 0.16
6 10 0.87 0.83
6 11 0.46 0.58
6 13 0.24 0.47
6 14 0.04 0.64
7 8 0.36 0.95
7 12 0.18 0.13
8 10 0.27 0.92
13 15 0.89 0.12
