0 1 0.19 0.81
0 2 0.97 0.28
0 3 0.13 0.05
0 4 0.43 0.67
0 10 0.26 0.47
0 12 0.28 0.67
0 13 0.44 0.08
1 2 0.44 0.81
1 3 0.96 0.73
1 5 0.98 0.42
1 6 0.75 0.27
1 7 0.11 0.57
1 9 0.85 0.2
1 10 0.68 0.41
1 11 0.24 0.82
1 13 0.27 0.11
1 14 0.91 0.18
2 3 0.61 0.73
2 4 0.55 0.71
2 6 0.75 0.8
2 7 0.24 0.88
2 8 0.61 0.16
2 9 0.36 0.48
2 11 0.17 0.69
2 12 1 0.81
3 4 0.18 0.62
3 5 0.37 0.21
3 6 0.4 0.8
4 5 0.04 0.99
4 14 0.22 0.13
5 15 0.62 0.46
6 7 0.03 1
6 8 0.41 0.04
7 8 0.55 0.39
7 9 0.93 0.86
7 10 0.15 0.98
7 11 0.46 0.61
8 12 0.19 0.06
8 13 0.7 0.55
10 14 0.9 0.14
13 15 0.12 0.68
14 15 0.4 0.49
