0 1 0.86 0.34
0 2 0.05 0.85
0 3 0.22 0.78
0 4 0.71 0.69
0 9 0.52 0.53
0 14 0.68 0.05
1 2 0.48 0.79
1 3 0.09 0.75
1 4 0.85 0.06
1 5 0.86 0.51
1 6 0.81 0.79
1 7 0.87 0.94
1 8 0.83 0.91
1 11 0.23 0.25
1 13 0.52 0.14
1 14 0.02 0.32
2 3 0.6 0.92
2 6 0.75 0.79
2 8 0.92 0.39
2 12 0.58 0.28
3 4 0.58 0.83
3 5 0.89 0.99
3 6 0.18 0.47
3 9 0.32 0.62
3 10 0.37 0.77
3 12 0.52 0.99
4 5 0.54 0.54
4 8 0.14 0.19
4 9 0.85 0.96
4 10 0.93 0.61
4 13 0.16 0.33
4 14 0.45 0.89
5 7 0.02 0.63
5 15 0.51 0.08
6 7 0.87 0.82
6 10 0.13 0.69
6 11 0.65 0.88
6 12 0.91 0.41
6 15 0.45 0.95
7 15 0.23 0.65
9 13 0.9 0.04
10 11 0.14 0.85
