0 1 0.91 0.2
0 2 0.05 0.72
0 3 0.35 0.83
0 4 0.9 0.55
0 5 0.4 0.8
0 6 0.36 0.55
0 8 0.3 0.41
0 10 0.76 0.43
0 12 0.58 0.58
0 15 0.42 0.47
1 2 0.15 0.11
1 3 0.48 0.89
1 4 0.48 0.37
1 6 0.43 0.2
1 7 0.64 0.22
1 9 0.3 0.65
2 3 0.76 0.2
2 5 0.67 0.85
3 4 0.72 0.3
3 5 0.87 0.67
3 6 0.84 0.41
3 7 0.9 0.36
3 8 0.95 0.02
3 10 0.22 0.48
3 11 0.28 0.86
3 12 0.45 0.65
4 10 0.63 0.95
4 11 0.42 0.92
4 13 0.34 0.47
4 15 0.15 0.2
5 9 0.7 0.64
5 13 0.74 1
5 14 0.07 0.36
6 7 0.09 0.01
6 12 0.42 0.79
6 13 0.9 0.58
6 14 1 0.68
6 15 0.07 0.71
7 8 0.13 0.73
7 9 0.07 0.77
10 11 0.91 0.24
11 14 0.6 0.48
