0 1 0.33 0.04
0 2 0.68 0.05
0 3 0.76 0.28
0 4 0.22 0.39
0 7 0.47 0.71
1 2 0.45 0.08
1 3 0.95 0.65
1 4 0.5 0.7
1 5 0.11 0.35
1 6 0.9 0.22
1 10 0.92 0.21
1 12 0.85 0.01
2 3 0.99 0.05
2 4 0.4 0.45
2 7 0.86 0.57
2 9 0.42 0.52
2 10 0.92 0.22
2 11 0.34 0.64
2 12 0.82 0.96
3 5 0.36 0.06
3 6 0.53 0.36
3 8 0.54 0.19
3 11 0.41 0.82
3 12 0.82 0.29
3 15 0.41 0.21
4 5 0.35 0.03
4 6 0.39 0.04
4 8 0.05 0.84
4 11 0.09 0.53
4 14 0.68 0.42
5 14 0.42 0.38
6 7 0.14 0.13
6 8 0.42 0.96
6 9 0.52 0.79
6 10 0.23 0.83
6 13 0.36 0.74
6 15 0.56 0.19
7 9 0.31 0.15
7 14 0.34 0.95
11 13 0.52 0.71
12 13 0.83 0.94
12 15 0.55 0.57
