0 1 0.68 0.06
0 2 0.74 0.8
0 3 0.69 0.55
0 4 0.53 0.29
0 5 0.27 0.89
0 6 0.56 0.92
0 7 0.31 0.31
0 8 0.63 0.13
0 10 0.61 0.13
0 12 0.78 0.28
0 14 0.74 0.33
1 2 0.16 0.16
1 3 0.87 0.43
1 4 0.59 0.85
1 10 0.37 0.12
1 11 0.75 0.62
2 3 0.1 0.95
2 4 0.79 0.22
2 5 0.18 0.78
2 6 0.16 0.23
2 7 0.17 0.27
2 8 0.65 0.51
2 10 0.16 0.81
2 11 0.27 0.29
2 13 0.88 0.61
2 14 0.16 0.54
3 4 0.13 0.25
3 5 0.25 0.63
3 6 0.36 0.24
3 7 0.14 0.83
3 9 0.29 0.09
3 13 0.1 0.69
3 15 0.77 0.66
4 5 0.09 0.02
4 6 0.05 0.9
4 8 0.97 0.68
4 9 0.48 0.98
4 10 0.36 0.44
4 14 0.58 0.18
5 7 0.55 0.65
6 9 0.5 0.06
6 11 0.19 0.86
7 8 0.76 0.99
7 9 0.91 0.61
8 11 0.09 0.13
8 12 0.2 0.84
8 13 0.75 0.71
8 15 0.78 0.19
9 12 0.8 0.4
9 15 0.02 0.88
10 13 0.89 0.85
11 12 0.97 0.73
12 15 0.68 0.22
13 14 0.33 0.58
