0 1 0.6 0.82
0 2 0.18 0.42
0 3 0.47 0.04
0 4 0.77 0.52
0 5 0.82 0.13
0 6 0.33 0.84
0 8 0.69 0.47
0 9 0.38 0.57
0 10 0.53 0.45
1 2 0.9 0.23
1 3 0.45 0.51
1 4 0.38 0.99
1 7 0.67 0.11
1 8 0.25 0.34
1 9 0.83 0.61
1 10 0.31 0.19
1 11 0.76 0.84
1 13 0.29 0.57
2 3 0.71 0.45
2 4 0.06 0.55
2 5 0.55 0.72
2 6 0.66 0.92
2 7 0.44 0.28
2 11 0.28 0.65
3 4 0.06 0.63
3 5 0.6 0.32
3 6 0.92 0.64
4 5 0.82 0.05
4 7 0.26 0.53
4 8 0.72 0.42
4 9 0.18 0.48
4 11 0.89 0.2
4 12 0.79 0.35
4 14 0.06 0.34
5 6 0.14 0.44
5 7 0.47 0.39
5 10 0.46 0.85
5 15 0.76 0.98
6 11 0.13 0.52
6 12 0.99 0.34
6 15 0.5 0.22
7 8 0.99 0.39
7 12 0.64 0.28
7 13 0.39 0.68
7 14 0.78 0.92
7 15 0.36 0.25
8 9 0.82 0.64
8 10 0.6 0.09
9 12 0.98 0.64
9 13 0.58 0.41
10 15 0.13 0.24
11 13 0.3 0.72
12 14 0.99 0.54
13 14 0.49 0.93
