0 1 0.9 0.54
0 2 0.06 0.2
0 3 0.03 0.16
0 4 0.91 0.53
0 5 0.35 0.57
0 6 0.6 0.09
0 7 0.14 0.69
0 9 0.22 0.86
0 10 0.05 0.91
0 11 0.39 0.14
0 12 0.74 0.93
0 13 0.71 0.77
1 2 0.72 0.61
1 3 0.52 0.82
1 4 0.22 0.35
1 6 0.94 0.65
1 7 0.15 0.75
1 8 0.35 0.27
1 12 0.94 0.43
1 13 0.13 0.99
2 3 0.82 0.16
2 4 0.76 0.11
2 5 0.02 0.87
2 6 0.17 0.15
2 7 0.08 0.95
2 8 0.83 0.4
2 9 0.41 0.17
2 10 0.58 0.73
2 13 0.83 0.97
2 14 0.21 0.45
3 4 0.15 0.33
3 5 0.39 0.5
3 10 0.96 0.06
3 11 0.23 0.48
3 12 0.19 0.99
3 14 0.24 0.58
3 15 0.13 0.66
4 5 0.27 0.98
4 6 0.49 0.31
4 7 0.84 0.97
4 9 0.84 0.91
4 12 0.14 0.23
4 14 0.77 0.81
4 15 0.63 0.25
5 8 0.31 0.58
5 9 0.9 0.17
5 13 0.11 0.47
6 8 0.82 0.36
6 15 0.76 0.04
7 11 0.43 0.15
7 14 0.28 0.02
9 10 0.84 0.46
9 15 0.39 0.04
10 11 0.91 0.77
