0 1 0.4 0.78
0 2 0.92 0.26
0 3 0.51 0.05
0 4 0.02 0.32
0 5 0.74 0.87
0 6 0.63 0.32
0 7 0.07 0.26
0 8 0.11 0.38
0 9 0.14 0.23
0 11 0.39 0.15
0 12 0.11 0.14
0 13 0.44 0.47
0 14 0.25 0.43
0 15 0.65 0.13
1 2 0.62 0.65
1 3 0.76 0.63
1 4 0.3 0.51
1 5 0.97 0.03
1 6 0.09 0.38
1 7 0.81 0.14
1 8 0.38 0.95
1 10 0.47 0.92
1 12 0.51 0.74
1 13 0.83 0.94
2 3 0.27 0.63
2 4 0.17 0.74
2 5 0.96 0.9
2 6 0.79 0.34
2 8 0.79 0.51
2 9 0.62 0.02
2 15 0.56 0.84
3 4 0.45 0.75
3 7 0.46 0.27
3 10 0.03 0.21
3 13 0.36 0.56
3 15 0.81 0.89
4 5 0.2 0.51
4 6 0.89 0.75
4 8 0.8 0.43
5 7 0.07 0.79
5 9 0.28 1
5 10 0.89 0.74
5 11 0.55 0.68
5 14 0.09 0.48
6 11 0.17 0.98
6 15 0.71 0.9
7 14 0.44 0.91
8 9 0.57 0.98
8 10 0.27 0.61
8 12 0.85 0.9
9 11 0.09 0.79
10 12 0.96 0.89
10 13 0.26 0.14
10 14 0.39 0.96
