0 1 0.62 0.22
0 2 0.51 0.19
0 3 0.64 0.7
0 4 0.87 0.84
0 5 0.08 1
0 6 0.31 0.45
0 7 0.82 0.57
0 9 0.06 0.27
0 10 0.01 0.17
0 11 0.06 0.28
0 12 0.8 0.2
0 13 0.46 0.88
1 2 0.65 0.69
1 3 0.49 0.12
1 4 0.92 0.52
1 6 0.66 0.6
1 7 0.29 0.09
1 8 0.81 0.84
1 12 0.96 0.17
1 13 0.7 0.66
2 3 0.79 0.67
2 4 0.96 0.96
2 5 0.22 0.36
2 6 0.32 0.8
2 7 0.69 0.67
2 8 0.99 0.05
2 9 0.5 1
2 10 0.02 0.44
2 13 0.13 0.93
2 14 0.44 0.27
3 4 0.37 0.36
3 5 0.91 0.37
3 10 0.83 0.28
3 11 0.75 0.73
3 12 0.27 0.72
3 14 0.32 0.3
3 15 0.22 0.28
4 5 0.42 0.85
4 6 0.65 0.08
4 7 0.54 0.43
4 9 0.51 0.1
4 12 0.75 0.83
4 14 0.64 0.57
4 15 0.79 0.24
5 8 0.33 0.33
5 9 0.48 0.92
5 13 0.14 0.42
6 8 0.01 0.14
6 15 0.66 0.63
7 11 0.77 0.69
7 14 0.49 0.97
9 10 0.55 0.33
9 15 0.28 0.11
10 11 0.75 0.37
