0 1 0.94 0.73
0 2 0.75 0.7
0 3 0.11 0.31
0 4 0.6 0.38
0 7 0.68 0.82
0 11 0.6 0.39
0 14 0.71 0.91
1 2 0.04 0.79
1 3 0.56 0.32
1 5 0.37 0.68
1 6 0.59 0.52
1 9 0.86 0.69
2 3 0.58 0.56
2 4 0.98 0.61
2 5 0.99 0.49
2 8 0.97 0.28
2 10 0.55 0.23
2 15 0.69 0.38
3 4 0.05 0.27
3 5 0.1 0.01
3 6 0.98 0.53
3 9 0.51 0.99
3 12 0.74 0.36
3 13 0.53 0.66
3 14 0.95 0.82
4 6 0.5 0.96
4 8 0.57 0.4
4 11 0.16 0.05
5 7 0.56 0.66
5 10 0.52 0.67
6 7 0.52 0.58
6 8 0.05 0.7
6 11 0.62 0.68
6 12 0.07 0.28
6 14 0.6 0.94
7 9 0.99 0.45
7 12 0.39 0.08
7 13 0.51 0.45
7 15 0.17 0.98
8 15 0.59 0.67
9 10 0.91 0.93
12 13 0.1 0.4
