0 1 0.55 0.07
0 2 0.1 0.27
0 3 0.03 0.37
0 4 0.68 0.55
0 7 0.75 0.5
1 2 0.67 0.03
1 3 0.72 0.15
1 4 0.71 0.88
1 5 0.33 0.53
1 6 0.14 0.89
1 10 0.22 0.8
1 12 0.2 0.34
2 3 0.33 0.17
2 4 0.39 0.44
2 7 0.88 0.82
2 9 0.36 0.66
2 10 0.69 0.89
2 11 0.91 0.75
2 12 0.34 0.5
3 5 0.36 0.22
3 6 0.53 0.9
3 8 0.48 0.78
3 11 0.77 0.47
3 12 0.78 0.31
3 15 0.53 0.09
4 5 0.09 0.78
4 6 0.2 0.77
4 8 0.63 0.96
4 11 0.05 0.08
4 14 0.94 0.29
5 14 0.08 0.73
6 7 0.8 0.34
6 8 0.37 1
6 9 0.16 0.57
6 10 0.92 0.35
6 13 0.58 0.83
6 15 0.62 0.7
7 9 0.1 0.31
7 14 0.5 0.37
11 13 0.29 0.48
12 13 0.81 0.85
12 15 0.86 0.4
