0 1 0.8 0.85
0 2 0.55 0.68
0 3 0.19 0.55
0 4 0.08 0.47
0 5 0.75 0.59
0 6 0.68 0.36
0 7 0.01 0.3
0 8 0.33 0.6
0 9 0.56 0.15
0 11 0.41 0.28
0 13 0.93 0.67
0 15 0.18 0.98
1 2 0.6 0.19
1 3 0.91 0.65
1 4 0.57 0.09
1 5 0.92 0.75
1 6 0.01 0.36
1 10 0.22 0.99
1 14 0.77 0.18
1 15 0.49 0.77
2 3 0.2 0.53
2 4 0.15 0.49
2 5 0.38 0.73
2 7 0.77 0.83
2 8 0.23 0.06
2 9 0.11 0.75
2 11 0.35 0.22
2 12 0.94 0.98
2 15 0.06 0.1
3 4 0.95 0.37
3 5 0.98 0.05
3 6 0.06 0.46
3 9 0.1 0.86
3 13 0.01 0.88
4 5 0.18 0.5
4 6 0.11 0.37
4 7 0.4 0.33
4 8 0.25 0.95
4 9 0.39 0.33
4 10 0.24 0.45
4 11 0.44 0.18
4 12 0.78 0.27
4 15 0.67 0.91
5 6 0.76 0.28
5 7 0.72 0.59
5 8 0.36 0.09
5 12 0.85 0.48
5 14 0.8 0.67
6 7 0.89 0.08
6 10 0.22 0.96
6 11 0.54 0.73
6 12 0.22 0.24
6 13 0.22 0.62
7 8 0.51 0.81
7 9 0.31 0.9
7 10 0.12 0.6
7 11 0.92 0.46
7 14 0.6 1
8 10 0.13 0.03
10 14 0.12 0.27
10 15 0.39 0.78
11 12 0.9 0.17
11 13 0.38 0.03
11 14 0.03 0.01
12 13 0.56 0.54
