0 1 0.25 0.24
0 2 0.87 0.73
0 3 0.06 0.93
0 4 0.66 0.03
0 5 0.38 0.85
0 6 0.7 0.5
0 8 0.29 0.21
0 9 0.06 0.88
0 10 0.13 0.84
1 2 0.29 0.68
1 3 0.44 0.46
1 4 0.4 0.78
1 7 0.29 0.6
1 8 0.62 0.45
1 9 0.57 0.03
1 10 0.11 0.56
1 11 0.42 0.87
1 13 0.93 0.91
2 3 0.14 0.65
2 4 0.79 0.86
2 5 0.42 0.31
2 6 0.96 0.71
2 7 0.71 0.37
2 11 0.65 0.9
3 4 0.08 0.44
3 5 0.08 0.5
3 6 0.66 0.4
4 5 0.79 0.89
4 7 0.86 0.83
4 8 0.26 0.14
4 9 0.86 0.75
4 11 0.38 0.62
4 12 0.84 0.14
4 14 0.86 0.96
5 6 0.73 0.05
5 7 0.26 0.83
5 10 0.02 0.71
5 15 0.72 0.94
6 11 0.97 0.57
6 12 0.69 0.37
6 15 0.04 0.62
7 8 0.57 0.37
7 12 0.7 0.68
7 13 0.96 0.97
7 14 0.39 0.42
7 15 0.62 0.44
8 9 0.03 0.82
8 10 0.85 0.37
9 12 0.89 0.64
9 13 0.96 0.34
10 15 0.76 0.32
11 13 0.19 0.44
12 14 0.37 0.54
13 14 0.23 0.53
