0 1 0.07 0.79
0 2 0.52 0.71
0 3 0.73 0.4
0 4 0.13 0.32
0 6 0.79 0.56
0 7 0.8 0.42
0 9 0.61 0.36
0 11 0.77 0.77
0 12 1 0.77
0 13 0.31 0.75
0 14 0.66 0.93
1 2 0.75 0.7
1 3 0.44 0.27
1 4 0.89 0.92
1 5 0.41 0.52
1 8 0.93 0.88
1 9 0.78 0.98
2 3 0.62 0.39
2 4 0.72 0.94
2 10 0.33 0.42
2 14 0.52 0.48
3 5 0.53 0.26
3 6 0.21 0.99
3 7 0.33 0.3
3 10 0.45 0.78
3 11 0.71 0.11
3 13 0.69 0.63
4 5 0.07 0.29
4 10 0.58 0.92
4 15 0.43 0.06
5 6 0.01 0.58
5 12 0.37 0.75
6 7 0.09 0.71
6 8 0.17 0.46
6 11 0.7 0.2
7 8 0.45 0.31
7 9 0.54 0.11
7 12 0.7 0.4
7 13 0.38 0.37
7 14 0.64 1
8 15 0.54 1
11 15 0.7 0.02
