0 1 0.76 0.49
0 2 0.4 0.82
0 3 0.77 0.07
0 4 0.26 0.74
0 6 0.56 0.09
0 7 0.92 0.43
0 9 0.44 0.75
0 11 0.54 0.99
0 12 0.78 0.43
0 13 0.06 0.32
0 14 0.26 0.38
1 2 0.01 0.63
1 3 0.54 0.55
1 4 0.5 0.06
1 5 0.48 0.85
1 8 0.78 0.08
1 9 0.81 0.35
2 3 0.02 0.13
2 4 0.76 0.64
2 10 0.26 0.52
2 14 0.74 0.71
3 5 0.18 0.23
3 6 0.01 0.35
3 7 0.59 0.08
3 10 0.11 0.75
3 11 0.41 0.24
3 13 0.83 0.1
4 5 0.9 0.23
4 10 0.28 1
4 15 0.66 0.74
5 6 0.73 0.68
5 12 0.47 0.23
6 7 0.6 0.13
6 8 0.93 0.44
6 11 0.12 0.43
7 8 0.41 0.04
7 9 0.48 0.25
7 12 0.09 0.11
7 13 0.34 0.07
7 14 0.2 0.49
8 15 0.31 0.48
11 15 0.67 0.04
