0 1 0.74 0.78
0 2 0.93 0.84
0 3 0.68 0.31
0 4 0.76 0.22
0 9 0.93 0.51
0 14 0.7 0.76
1 2 0.39 0.15
1 3 0.25 0.96
1 4 0.84 0.41
1 5 0.05 0.47
1 6 0.18 0.16
1 7 0.82 0.55
1 8 0.21 0.68
1 11 0.85 0.92
1 13 0.4 0.42
1 14 0.88 0.75
2 3 0.47 0.11
2 6 0.13 0.38
2 8 0.35 0.41
2 12 0.87 0.04
3 4 0.67 0.55
3 5 0.58 0.98
3 6 0.89 0.38
3 9 0.75 0.5
3 10 0.41 0.57
3 12 0.73 0.44
4 5 0.28 0.32
4 8 0.65 0.94
4 9 0.85 0.46
4 10 0.73 0.11
4 13 0.38 0.04
4 14 0.49 0.78
5 7 0.07 0.73
5 15 0.65 0.89
6 7 0.81 0.44
6 10 0.86 0.38
6 11 0.3 0.15
6 12 0.28 0.7
6 15 0.33 0.74
7 15 0.93 0.8
9 13 0.71 0.96
10 11 0.97 0.25
