0 1 0.46 0.96
0 2 0.23 0.45
0 3 0.32 0.58
0 4 0.06 0.2
0 9 0.73 0.58
0 14 0.07 0.08
1 2 0.06 0.34
1 3 0.94 0.35
1 4 0.24 0.39
1 5 0.01 0.44
1 6 0.61 0.12
1 7 0.29 0.52
1 8 0.66 0.83
1 11 0.34 0.44
1 13 0.7 0.03
1 14 0.81 0.6
2 3 0.32 0.1
2 6 0.08 0.8
2 8 0.7 0.18
2 12 0.97 0.09
3 4 0.88 0.16
3 5 0.29 0.94
3 6 0.69 0.24
3 9 0.89 0.6
3 10 0.76 0.42
3 12 0.47 0.42
4 5 0.85 0.96
4 8 0.36 0.96
4 9 0.31 0.97
4 10 0.96 0.16
4 13 0.04 0.32
4 14 0.59 0.57
5 7 0.44 0.52
5 15 0.91 0.73
6 7 0.47 0.46
6 10 0.79 0.8
6 11 0.02 0.04
6 12 0.15 0.58
6 15 0.56 0.22
7 15 0.24 0.92
9 13 0.3 0.91
10 11 0.11 0.82
