0 1 0.55 0.8
0 2 0.67 0.78
0 3 0.63 0.71
0 4 0.57 0.86
0 6 0.31 0.1
0 7 0.91 0.9
0 9 0.3 0.77
0 11 0.65 0.43
0 12 0.75 0.78
0 13 0.03 0.94
0 14 0.85 0.98
1 2 0.08 0.61
1 3 0.49 0.96
1 4 0.49 0.11
1 5 0.23 0.5
1 8 0.76 0.42
1 9 0.95 0.84
2 3 0.11 0.69
2 4 0.33 0.63
2 10 0.65 0.1
2 14 0.93 0.61
3 5 0.92 0.05
3 6 0.36 0.52
3 7 0.5 0.47
3 10 0.31 0.2
3 11 0.49 0.5
3 13 0.45 0.74
4 5 0.48 0.52
4 10 0.64 0.89
4 15 0.95 0.46
5 6 0.45 0.02
5 12 0.49 0.37
6 7 0.37 0.05
6 8 0.69 1
6 11 0.7 0.66
7 8 0.13 0.44
7 9 0.48 0.57
7 12 0.66 0.96
7 13 0.27 0.24
7 14 1 0.39
8 15 0.07 0.52
11 15 0.49 0.87
