0 1 0.79 0.58
0 2 0.34 0.39
0 3 0.94 0.67
0 4 0.33 0.89
0 6 0.33 0.96
0 8 0.83 0.36
0 10 0.76 0.65
0 11 0.33 0.76
0 12 0.36 0.17
0 14 0.14 0.25
0 15 0.74 0.03
1 2 0.71 0.53
1 3 0.83 0.21
1 4 0.12 0.71
1 5 0.78 0.51
1 6 0.77 0.87
1 9 0.78 0.33
1 14 0.45 0.19
2 3 0.56 0.44
2 4 0.79 0.95
2 5 0.17 0.83
2 6 0.6 0.88
2 7 0.95 0.21
2 8 0.11 0.33
2 10 0.56 1
2 14 0.01 0.29
3 4 0.6 0.92
3 5 0.94 0.34
3 6 0.76 0.83
3 7 0.79 0.17
3 8 0.55 0.78
3 9 0.58 0.07
3 10 0.85 0.32
4 5 0.57 0.98
4 7 0.4 0.88
4 10 0.86 0.93
4 12 0.31 0.21
4 13 0.15 0.93
5 11 0.41 0.75
5 13 0.48 0.19
6 7 0.17 0.07
6 8 0.18 0.63
6 9 0.81 0.3
7 9 0.58 0.97
7 13 0.07 0.3
7 14 0.41 0.46
7 15 0.55 0.73
8 11 0.09 0.92
8 12 0.44 0.64
8 13 0.57 0.95
9 11 0.08 0.02
10 12 0.37 0.6
11 15 0.79 0.03
13 15 0.43 0.5
