0 1 0.34 0.61
0 2 0.59 0.88
0 3 0.9 0.32
0 4 0.27 0.24
0 5 0.32 0.29
0 9 0.17 0.77
0 13 0.77 0.95
1 2 0.41 0.3
1 3 0.38 0.53
1 5 0.84 0.65
1 6 0.61 0.62
1 8 0.29 0.17
1 9 0.84 0.27
1 10 0.24 0.14
2 3 0.8 0.28
2 4 0.58 0.99
2 7 0.98 0.71
2 8 0.36 0.85
2 9 0.72 0.85
2 11 0.95 0.08
2 15 0.75 0.82
3 4 0.87 0.9
3 5 0.18 0.55
3 6 0.5 0.5
3 14 0.44 0.59
4 10 0.32 0.94
4 11 0.43 0.18
4 12 0.46 0.32
5 6 0.61 0.49
5 7 0.6 0.61
5 8 0.08 0.51
6 7 0.63 0.27
6 10 0.79 0.59
6 14 0.77 0.71
7 11 0.9 0.14
7 14 0.07 0.09
8 12 0.14 0.14
9 12 0.7 0.91
9 15 0.9 0.49
10 13 0.24 0.13
12 13 0.53 0.23
14 15 0.22 0.17
