0 1 0.03 0.1
0 2 0.6 0.08
0 3 0.61 0.77
0 4 0.51 0.89
0 5 0.79 0.38
0 6 0.02 0.61
0 7 0.64 0.98
0 8 0.05 0.52
0 9 0.93 0.42
0 11 0.49 0.5
0 12 0.45 0.02
0 13 0.12 0.08
0 14 0.32 1
0 15 0.55 0.5
1 2 0.22 0.9
1 3 0.48 0.79
1 4 0.4 0.76
1 5 0.32 0.4
1 6 0.66 0.42
1 7 0.21 0.63
1 8 0.37 0.93
1 10 1 0.75
1 12 0.3 0.21
1 13 0.24 0.05
2 3 0.61 0.42
2 4 0.86 0.59
2 5 0.13 0.71
2 6 0.66 0.46
2 8 0.13 0.6
2 9 0.26 0.87
2 15 0.84 0.18
3 4 0.17 0.28
3 7 0.88 0.75
3 10 0.57 0.33
3 13 0.15 0.53
3 15 0.26 0.49
4 5 0.59 0.81
4 6 0.92 0.67
4 8 0.95 0.63
5 7 0.37 0.21
5 9 0.56 0.4
5 10 0.74 0.95
5 11 0.4 0.89
5 14 0.6 0.18
6 11 0.54 0.33
6 15 0.12 0.99
7 14 0.36 0.62
8 9 0.37 0.55
8 10 0.71 0.81
8 12 0.42 0.66
9 11 0.04 0.56
10 12 0.5 0.77
10 13 0.21 0.35
10 14 0.25 0.12
