0 1 0.32 0.43
0 2 0.85 0.36
0 3 0.34 0.8
0 4 0.3 0.23
0 9 0.08 0.91
0 14 0.99 0.57
1 2 0.59 0.13
1 3 0.13 0.46
1 4 0.59 0.86
1 5 0.45 0.08
1 6 0.8 0.48
1 7 0.46 0.26
1 8 0.31 0.84
1 11 0.87 0.01
1 13 0.45 0.45
1 14 0.97 0.68
2 3 0.37 0.23
2 6 0.79 0.16
2 8 0.17 0.94
2 12 0.69 0.17
3 4 0.52 0.73
3 5 0.15 0.09
3 6 0.32 0.75
3 9 0.87 0.73
3 10 0.86 0.42
3 12 0.41 0.39
4 5 0.68 0.24
4 8 0.94 0.59
4 9 0.3 0.42
4 10 0.6 0.37
4 13 0.2 0.67
4 14 0.13 0.73
5 7 0.07 0.23
5 15 0.47 0.33
6 7 0.01 0.69
6 10 0.87 0.91
6 11 0.52 0.19
6 12 0.21 0.29
6 15 0.6 0.87
7 15 0.49 0.77
9 13 0.21 0.11
10 11 1 0.84
