0 1 0.45 0.73
0 2 0.79 0.74
0 3 0.97 0.83
0 4 0.83 0.88
0 5 0.33 0.2
0 6 0.82 0.57
1 2 0.19 0.46
1 3 0.79 0.5
1 4 0.05 0.87
1 5 0.2 0.44
1 6 0.82 0.29
1 9 0.78 0.09
1 11 0.82 0.61
1 12 0.74 0.17
2 3 0.47 0.88
2 7 0.02 0.49
2 10 0.23 0.65
2 11 0.2 0.94
2 12 0.08 0.73
3 4 0.84 0.39
3 5 0.74 0.11
3 8 0.3 0.68
3 10 0.69 0.99
3 13 0.76 0.38
4 6 0.45 0.09
4 8 0.52 0.32
5 7 0.74 0.36
5 9 0.3 1
5 10 0.37 0.49
5 13 0.96 0.99
5 14 0.75 0.95
5 15 0.76 0.94
6 7 0.49 0.43
6 8 0.03 0.27
6 11 0.67 0.97
6 14 0.54 0.61
8 9 0.34 0.05
8 12 0.45 0.43
8 14 0.94 0.86
8 15 0.99 0.57
9 13 0.1 0.69
9 15 0.52 0.17
