0 1 0.94 0.11
0 2 0.57 0.74
0 3 0.3 0.42
0 4 0.84 0.93
0 9 0.96 1
0 14 0.21 0.39
1 2 0.44 0.47
1 3 0.34 0.69
1 4 0.95 0.53
1 5 0.57 0.97
1 6 0.87 0.97
1 7 0.85 0.73
1 8 0.37 0.92
1 11 0.8 0.02
1 13 0.4 0.96
1 14 0.42 0.76
2 3 0.37 0.21
2 6 0.63 0.76
2 8 0.55 0.09
2 12 0.54 0.26
3 4 0.83 0.31
3 5 0.91 0.58
3 6 0.73 0.24
3 9 0.75 0.62
3 10 0.72 0.69
3 12 0.49 0.92
4 5 0.06 0.73
4 8 0.84 0.78
4 9 0.91 0.92
4 10 0.94 0.47
4 13 0.05 0.2
4 14 0.14 0.09
5 7 0.88 0.75
5 15 0.95 0.99
6 7 0.73 0.06
6 10 0.79 0.24
6 11 0.01 0.94
6 12 0.05 0.12
6 15 0.8 0.43
7 15 0.23 0.74
9 13 0.34 0.98
10 11 0.44 0.46
