0 1 0.6 0.65
0 2 0.49 0.43
0 3 0.39 0.04
0 4 0.44 0.71
0 5 0.9 0.42
0 8 0.59 0.1
0 9 0.94 0.31
0 10 0.77 0.06
0 12 0.62 0.11
0 13 0.9 0.04
0 15 0.8 0.67
1 2 0.9 0.97
1 3 0.8 0.34
1 4 0.44 0.97
1 5 0.7 0.87
1 6 0.64 0.95
1 7 0.34 0.58
1 10 0.06 0.66
1 12 0.47 0.2
2 3 0.17 0.35
2 4 0.79 0.61
2 5 0.35 0.22
2 6 0.44 0.76
2 7 0.33 0.63
2 8 0.92 0.07
2 13 0.79 0.52
2 14 0.54 0.79
3 4 0.89 0.44
3 11 0.37 0.1
3 13 0.73 0.97
3 14 0.11 0.18
3 15 0.05 0.52
4 5 0.57 0.45
4 6 0.39 0.24
4 7 0.85 0.73
4 9 0.33 0.88
4 11 0.51 0.41
5 6 0.41 0.16
5 7 0.56 0.11
5 9 0.13 0.14
6 8 0.83 0.81
6 10 0.06 0.63
6 13 0.65 0.82
7 8 0.64 0.92
7 9 0.25 0.93
7 10 0.22 0.31
7 14 0.8 0.59
8 11 0.35 0.9
8 12 0.1 0.91
9 11 0.65 0.23
10 15 0.66 0.88
11 12 0.06 0.8
11 15 0.78 0.59
13 14 0.32 0.48
