0 1 0.6 0.46
0 2 0.03 0.35
0 3 0.05 0.99
0 4 0.86 0.25
0 6 0.98 0.31
0 7 0.18 0.94
0 8 0.92 0.92
0 9 0.28 0.24
0 10 0.98 0.72
0 13 0.17 0.74
0 15 0.2 0.36
1 2 0.89 1
1 3 0.49 0.93
1 4 0.41 0.9
1 5 0.54 0.54
1 7 0.93 0.29
1 8 0.36 0.39
1 9 0.28 0.89
1 12 0.4 0.03
1 14 0.77 0.58
1 15 0.47 0.6
2 3 0.77 0.71
2 5 0.94 0.2
2 6 0.83 0.46
2 8 0.64 0.76
3 4 0.16 0.96
3 5 0.38 0.18
3 9 0.83 0.1
3 12 0.16 0.25
3 13 0.71 0.96
4 6 0.05 0.99
4 11 0.91 0.57
4 14 0.97 0.61
6 7 0.14 0.86
6 10 0.73 0.61
6 11 0.57 0.75
6 12 0.95 0.17
6 13 0.51 0.92
7 10 0.87 0.26
8 11 0.4 0.71
9 15 0.85 0.66
10 14 0.42 0.64
