0 1 0.07 0.09
0 2 0.72 0.28
0 3 0.7 0.43
0 4 0.69 0.95
0 5 0.49 0.82
0 6 0.59 0.82
1 2 0.92 0.58
1 3 0.36 0.47
1 4 0.04 0.11
1 5 0.01 0.32
1 6 0.58 0.17
1 9 0.37 0.28
1 11 0.67 0.59
1 12 0.67 0.35
2 3 0.74 0.45
2 7 0.86 0.29
2 10 0.92 0.61
2 11 0.81 0.04
2 12 0.74 0.23
3 4 0.93 0.58
3 5 0.52 0.61
3 8 0.61 0.57
3 10 0.58 0.91
3 13 0.34 0.28
4 6 0.01 0.28
4 8 0.76 0.42
5 7 0.12 0.96
5 9 0.99 0.09
5 10 0.42 0.04
5 13 0.46 0.23
5 14 0.13 0.65
5 15 0.7 0.09
6 7 0.44 0.9
6 8 0.14 0.56
6 11 0.3 0.12
6 14 0.48 0.37
8 9 0.11 0.67
8 12 0.94 0.72
8 14 0.44 0.97
8 15 0.01 0.65
9 13 0.34 0.83
9 15 0.73 0.07
