0 1 0.25 0.5
0 2 0.48 0.19
0 3 0.39 0.01
0 4 0.9 0.65
0 5 0.16 0.23
0 6 0.69 0.25
0 7 0.59 0.96
0 9 0.76 0.46
0 10 0.5 0.65
0 11 0.38 0.29
0 12 0.04 0.26
0 13 0.27 0.37
1 2 0.77 0.42
1 3 0.26 0.07
1 4 0.96 0.34
1 6 0.84 0.99
1 7 0.86 0.63
1 8 0.64 0.76
1 12 0.16 0.8
1 13 0.3 0.26
2 3 0.24 0.36
2 4 0.89 0.33
2 5 0.54 0.25
2 6 0.58 0.87
2 7 0.21 0.8
2 8 0.73 0.37
2 9 0.03 0.36
2 10 0.69 0.6
2 13 0.1 0.6
2 14 0.34 0.9
3 4 0.72 0.72
3 5 0.11 0.56
3 10 0.73 0.04
3 11 0.21 0.08
3 12 0.26 0.37
3 14 0.63 0.16
3 15 0.53 0.68
4 5 0.87 0.7
4 6 0.22 0.39
4 7 0.97 0.3
4 9 0.03 0.48
4 12 0.81 0.55
4 14 0.55 0.96
4 15 0.2 0.61
5 8 0.38 0.23
5 9 0.3 0.73
5 13 0.74 0.68
6 8 0.8 0.15
6 15 0.33 0.35
7 11 0.98 0.71
7 14 0.66 0.62
9 10 0.4 0.63
9 15 0.81 0.46
10 11 0.84 0.71
