0 1 0.88 0.24
0 2 0.74 0.35
0 3 0.56 0.22
0 4 0.2 0.38
0 5 0.37 0.02
0 6 0.88 0.96
0 7 0.26 0.98
0 8 0.8 0.73
0 10 0.43 0.34
0 12 0.89 0.41
0 13 0.07 0.57
0 14 0.05 0.85
0 15 0.19 0.24
1 2 0.37 0.24
1 3 1 0.98
1 4 0.44 0.51
1 5 0.87 0.87
1 6 0.58 0.94
1 7 0.82 0.16
1 8 0.72 0.55
1 12 0.95 0.25
1 13 0.65 0.43
1 15 0.32 0.82
2 3 0.81 0.14
2 4 0.05 0.67
2 5 0.68 0.5
2 8 0.16 0.1
2 9 0.99 0.12
2 15 0.45 0.21
3 4 0.41 0.37
3 6 0.33 0.81
3 9 0.57 0.78
3 11 0.4 0.31
3 14 0.99 0.78
4 5 0.85 0.52
4 6 0.48 0.67
4 7 0.71 0.38
4 9 0.21 0.52
4 11 0.66 0.48
4 12 0.22 0.62
4 15 0.73 0.42
5 8 0.86 0.24
5 10 0.1 0.96
5 11 0.32 0.99
5 13 0.14 0.14
6 7 0.94 0.79
6 9 0.08 0.93
6 10 0.38 0.59
6 11 0.27 0.44
6 14 0.92 0.72
8 12 0.68 0.57
9 10 0.95 0.15
9 13 0.82 0.57
10 14 0.01 0.38
