0 1 0.88 0.04
0 2 0.94 0.16
0 3 0.85 0.35
0 4 0.88 0.44
0 5 0.68 0.03
0 6 0.29 0.78
0 7 0.26 0.48
0 8 0.14 0.14
0 10 0.16 0.09
0 12 0.46 0.45
0 14 0.46 0.72
1 2 0.01 0.53
1 3 0.67 0.19
1 4 0.75 0.4
1 10 0.97 0.37
1 11 0.87 0.83
2 3 0.36 0.32
2 4 0.5 0.88
2 5 0.67 0.34
2 6 0.31 0.74
2 7 0.51 0.82
2 8 0.54 0.81
2 10 0.16 0.16
2 11 0.69 0.07
2 13 0.04 0.04
2 14 0.5 0.78
3 4 0.58 0.36
3 5 0.11 0.29
3 6 0.67 0.2
3 7 0.47 0.41
3 9 0.73 0.73
3 13 0.2 0.16
3 15 0.7 0.46
4 5 0.51 0.15
4 6 0.57 0.44
4 8 0.08 0.45
4 9 0.8 0.89
4 10 0.75 0.28
4 14 0.26 0.25
5 7 0.47 0.29
6 9 0.51 0.32
6 11 0.66 0.59
7 8 0.19 0.52
7 9 0.4 0.86
8 11 0.72 0.52
8 12 0.52 0.74
8 13 0.99 0.6
8 15 0.86 0.63
9 12 0.2 0.97
9 15 0.13 0.58
10 13 0.21 0.39
11 12 0.82 0.85
12 15 0.2 0.51
13 14 0.11 0.64
