0 1 0.85 0.39
0 2 0.78 0.76
0 3 0.78 0.17
0 4 0.04 0.68
0 5 0.61 0.94
0 6 0.47 0.28
0 8 0.33 0.04
0 10 0.41 0.8
0 12 0.61 0.63
0 15 0.77 0.44
1 2 0.49 0.9
1 3 0.16 0.08
1 4 0.47 0.08
1 6 0.87 0.91
1 7 0.58 0.98
1 9 0.26 0.18
2 3 0.33 0.06
2 5 0.28 0.89
3 4 0.54 0.41
3 5 0.88 0.61
3 6 0.7 0.37
3 7 0.4 0.55
3 8 0.76 0.72
3 10 0.75 0.49
3 11 0.03 0.03
3 12 0.04 0.29
4 10 0.14 0.32
4 11 0.06 0.61
4 13 0.68 0.07
4 15 0.28 0.28
5 9 0.53 0.11
5 13 0.11 0.21
5 14 0.87 0.78
6 7 0.27 0.15
6 12 0.16 0.77
6 13 0.47 0.01
6 14 0.93 0.62
6 15 0.15 0.51
7 8 0.02 0.29
7 9 0.94 0.01
10 11 0.2 0.6
11 14 0.74 0.1
