0 1 0.65 0.46
0 2 0.84 0.05
0 3 0.04 0.71
0 4 0.36 0.05
0 6 0.15 0.35
0 7 0.7 0.21
0 10 0.99 0.16
1 2 0.91 0.78
1 3 0.71 0.71
1 4 0.26 0.49
1 5 0.34 0.25
1 6 0.99 0.48
1 7 0.29 0.3
1 8 0.44 0.14
1 9 0.1 0.43
1 11 0.81 0.32
1 15 0.83 0.22
2 3 0.19 0.75
2 4 0.34 0.8
2 5 0.58 0.96
2 7 0.49 0.87
2 9 0.87 0.73
3 5 0.42 0.86
3 10 0.33 0.7
3 11 0.66 0.25
3 15 0.45 0.64
4 6 0.21 0.87
4 8 0.27 0.23
4 12 0.53 0.84
5 8 0.92 0.04
5 12 0.39 0.33
6 11 0.66 0.45
6 13 0.28 0.66
6 14 0.01 0.45
6 15 0.48 0.48
7 9 0.48 0.02
7 10 0.37 0.89
7 12 0.57 0.86
7 14 0.86 0.34
10 13 0.91 0.91
11 13 0.61 0.83
13 14 0.99 0.18
