0 1 0.88 0.06
0 2 0.76 0.71
0 3 0.33 0.18
0 4 0.68 0.96
0 6 0.68 0.37
0 7 0.17 0.04
0 9 0.69 0.76
0 11 0.78 0.31
0 12 0.88 0.47
0 13 0.99 0.33
0 14 0.78 0.51
1 2 0.02 0.55
1 3 0.08 0.88
1 4 0.49 0.05
1 5 0.37 0.62
1 8 0.78 0.59
1 9 0.7 0.13
2 3 0.99 0.54
2 4 0.25 0.09
2 10 0.29 0.77
2 14 0.21 0.69
3 5 0.93 0.3
3 6 0.24 0.4
3 7 0.13 0.13
3 10 0.56 0.08
3 11 0.02 0.39
3 13 0.84 0.14
4 5 0.37 0.79
4 10 0.62 0.9
4 15 0.3 0.53
5 6 0.63 0.95
5 12 0.05 0.83
6 7 0.63 0.87
6 8 0.81 0.57
6 11 0.12 0.38
7 8 0.71 0.97
7 9 0.05 0.63
7 12 0.57 0.71
7 13 0.36 0.02
7 14 0.17 0.03
8 15 0.14 0.96
11 15 0.03 0.08
