0 1 0.8 0.17
0 2 0.18 0.56
0 3 0.98 0.67
0 4 0.7 0.54
0 5 0.2 0.89
0 8 0.66 0.87
0 9 0.94 0.73
0 10 1 0.87
0 12 0.96 0.29
0 13 0.03 0.29
0 15 0.32 0.04
1 2 0.76 0.28
1 3 0.75 0.3
1 4 0.31 0.08
1 5 0.98 0.23
1 6 0.8 0.21
1 7 0.38 0.13
1 10 0.54 0.42
1 12 0.43 0.9
2 3 0.46 0.71
2 4 0.15 0.85
2 5 0.22 0.66
2 6 0.3 0.44
2 7 0.68 0.14
2 8 0.06 0.09
2 13 0.98 0.76
2 14 0.11 0.9
3 4 0.77 0.65
3 11 0.32 0.57
3 13 0.29 0.9
3 14 0.87 0.71
3 15 0.98 0.19
4 5 0.35 0.12
4 6 0.24 0.01
4 7 0.83 0.88
4 9 0.37 0.36
4 11 0.32 0.34
5 6 0.52 0.32
5 7 0.71 0.55
5 9 0.51 0.21
6 8 0.45 0.57
6 10 0.75 0.37
6 13 0.23 0.34
7 8 0.96 0.49
7 9 0.56 0.66
7 10 0.37 0.06
7 14 0.46 0.74
8 11 0.69 0.06
8 12 0.45 0.21
9 11 0.16 0.94
10 15 0.95 0.62
11 12 0.61 0.33
11 15 0.73 0.83
13 14 0.95 0.54
