0 1 0.53 0.47
0 2 0.61 0.12
0 3 0.44 0.97
0 4 0.14 0.91
0 7 0.02 0.44
0 11 0.87 0.73
0 14 0.72 0.03
1 2 0.79 0.35
1 3 0.85 0.23
1 5 0.63 0.46
1 6 0.15 0.71
1 9 0.62 0.43
2 3 0.65 0.27
2 4 0.7 0.92
2 5 0.58 0.43
2 8 0.85 0.84
2 10 0.25 0.57
2 15 0.97 0.87
3 4 0.84 0.47
3 5 0.28 0.27
3 6 0.45 0.72
3 9 0.6 0.78
3 12 0.48 0.33
3 13 0.32 0.72
3 14 0.25 0.57
4 6 0.15 0.63
4 8 0.64 0.39
4 11 0.13 0.67
5 7 0.52 0.16
5 10 0.7 0.45
6 7 0.04 0.09
6 8 0.96 0.31
6 11 0.25 0.78
6 12 0.74 0.02
6 14 0.35 0.86
7 9 0.94 0.68
7 12 0.34 0.82
7 13 0.79 0.92
7 15 0.41 0.35
8 15 0.94 0.92
9 10 0.03 0.24
12 13 0.4 0.77
