0 1 0.89 0.74
0 2 0.54 0.33
0 3 1 0.76
0 4 0.61 0.09
0 6 0.64 0.3
0 7 0.65 0.05
0 9 0.04 0.55
0 11 0.73 0.98
0 12 0.56 0.99
0 13 0.3 0.42
0 14 0.98 0.94
1 2 0.22 0.69
1 3 0.01 0.6
1 4 0.65 0.99
1 5 0.54 0.23
1 8 0.13 0.41
1 9 0.34 0.11
2 3 0.43 0.55
2 4 0.71 0.93
2 10 0.56 0.6
2 14 0.89 0.38
3 5 0.38 0.53
3 6 0.03 0.31
3 7 0.01 0.74
3 10 0.97 0.59
3 11 1 0.91
3 13 0.42 0.99
4 5 0.27 0.94
4 10 0.94 0.23
4 15 0.54 0.1
5 6 0.04 0.04
5 12 0.11 0.89
6 7 0.49 0.17
6 8 0.09 0.44
6 11 0.74 0.89
7 8 0.42 0.39
7 9 0.12 0.69
7 12 0.16 0.12
7 13 0.4 0.87
7 14 0.81 0.83
8 15 0.15 0.21
11 15 0.1 0.75
