0 1 0.65 0.77
0 2 0.77 0.53
0 3 1 0.78
0 4 0.04 0.07
0 5 0.16 0.57
0 6 0.9 0.63
0 7 0.74 0.46
0 11 0.08 0.14
1 2 0.52 0.74
1 3 0.23 0.43
1 4 0.96 0.43
1 5 0.84 0.19
1 6 0.8 0.42
1 7 0.6 0.3
1 8 0.39 0.46
1 9 0.99 0.54
1 11 0.61 0.44
1 12 0.56 0.9
2 3 0.3 0.18
2 4 0.21 0.33
2 5 0.67 0.65
2 6 0.3 0.2
2 7 0.33 0.75
2 9 0.69 0.9
2 10 0.06 0.6
2 15 0.35 0.99
3 4 0.59 0.94
3 5 0.12 0.49
3 6 0.23 0.78
3 8 0.11 0.4
3 10 0.52 0.85
3 11 0.68 0.99
3 12 0.76 0.69
3 14 0.1 0.36
4 12 0.97 0.16
5 7 0.31 0.77
5 8 0.56 0.05
5 9 0.9 0.19
5 10 0.37 0.47
6 12 0.03 0.05
6 14 0.94 0.57
7 8 0.78 0.54
7 9 0.64 0.35
7 10 0.6 0.23
7 11 0.73 0.65
7 15 0.16 0.42
8 13 0.4 0.53
8 14 0.89 0.42
8 15 0.22 0.97
10 13 0.22 0.06
11 13 0.77 0.64
11 15 0.91 0.17
12 13 0.7 0.09
13 14 0.02 1
