0 1 0.85 0.43
0 2 0.03 0.8
0 3 0.26 0.52
0 4 0.91 0.37
0 5 0.46 0.08
0 6 0.41 0.69
0 7 0.48 0.05
0 8 0.14 0.21
0 9 0.29 0.21
0 11 0.78 0.15
0 13 0.82 0.73
0 15 0.99 0.54
1 2 0.18 0.58
1 3 0.05 0.07
1 4 0.48 0.44
1 5 0.93 0.24
1 6 0.1 0.63
1 10 0.41 0.07
1 14 0.34 0.46
1 15 0.26 0.26
2 3 0.25 0.34
2 4 0.22 0.7
2 5 0.7 0.71
2 7 0.92 0.42
2 8 0.35 0.47
2 9 0.93 0.16
2 11 0.83 0.55
2 12 0.05 0.03
2 15 0.32 0.32
3 4 0.09 0.47
3 5 0.4 0.23
3 6 0.81 0.15
3 9 0.34 0.45
3 13 0.05 0.65
4 5 0.96 0.29
4 6 0.13 0.85
4 7 0.1 0.79
4 8 0.69 0.26
4 9 0.48 0.25
4 10 0.5 0.96
4 11 0.95 0.36
4 12 0.53 0.06
4 15 0.02 0.51
5 6 0.38 0.16
5 7 0.79 0.53
5 8 0.34 0.46
5 12 0.11 0.11
5 14 0.22 0.45
6 7 0.65 0.82
6 10 0.3 0.78
6 11 0.87 0.8
6 12 0.05 0.06
6 13 0.12 0.93
7 8 0.63 0.69
7 9 0.98 0.88
7 10 0.6 0.95
7 11 0.64 0.08
7 14 0.56 0.12
8 10 0.18 0.83
10 14 0.63 0.99
10 15 0.35 0.86
11 12 0.72 0.84
11 13 0.98 0.22
11 14 1 0.3
12 13 0.93 0.04
