0 1 0.26 0.91
0 2 0.56 0.56
0 3 1 0.62
0 4 0.91 0.38
0 6 0.81 0.09
0 8 0.85 0.94
0 10 0.1 0.06
0 11 0.76 0.66
0 12 0.71 0.31
0 14 0.7 0.68
0 15 0.69 0.48
1 2 0.07 0.77
1 3 0.16 0.47
1 4 0.86 0.92
1 5 0.03 0.02
1 6 0.2 0.2
1 9 0.7 0.76
1 14 0.52 0.31
2 3 0.15 0.47
2 4 0.33 0.82
2 5 0.88 0.2
2 6 0.07 0.13
2 7 0.11 0.89
2 8 0.88 0.23
2 10 0.33 0.45
2 14 0.49 0.31
3 4 0.33 0.84
3 5 0.8 0.11
3 6 0.02 0.26
3 7 0.9 0.92
3 8 0.62 0.23
3 9 0.06 0.69
3 10 0.84 0.18
4 5 0.43 0.07
4 7 0.79 0.41
4 10 0.26 0.66
4 12 0.48 0.78
4 13 0.31 0.17
5 11 0.29 0.72
5 13 0.27 0.53
6 7 0.4 0.43
6 8 0.96 0.33
6 9 0.35 0.92
7 9 0.17 0.5
7 13 0.72 0.55
7 14 0.99 0.74
7 15 0.45 0.27
8 11 0.76 0.61
8 12 0.32 0.99
8 13 0.94 0.26
9 11 0.78 0.12
10 12 0.43 0.07
11 15 0.73 0.52
13 15 0.18 0.3
