0 1 0.5 0.34
0 2 0.07 0.94
0 3 0.54 0.64
0 4 0.16 0.87
0 5 0.36 0.33
0 7 0.81 0.14
0 8 0.09 0.21
0 9 0.6 0.33
0 10 0.1 0.8
0 12 0.25 0.27
0 15 0.35 0.66
1 2 0.48 0.29
1 3 0.88 0.67
1 4 0.98 0.83
1 5 0.66 0.99
1 6 0.57 0.69
1 8 0.6 0.1
1 11 0.58 0.76
1 12 0.4 0.68
2 3 0.84 0.88
2 4 0.49 0.61
2 5 1 0.63
2 6 0.56 0.12
2 7 0.85 0.9
3 4 0.77 0.86
3 7 0.01 0.75
3 9 0.05 0.41
3 10 0.67 0.65
3 12 0.66 0.47
3 13 0.1 0.98
3 14 0.03 0.96
4 5 0.68 0.54
4 6 0.35 0.7
4 8 0.24 0.47
4 9 0.3 0.5
4 14 0.84 0.4
4 15 0.98 0.88
5 6 0.66 0.68
5 12 0.85 0.03
6 7 0.45 0.13
6 8 0.59 0.56
6 11 0.85 0.13
6 13 0.64 0.93
6 14 0.51 0.71
6 15 0.08 0.74
7 9 0.16 0.7
7 10 0.19 0.01
7 11 0.94 0.71
7 15 0.76 0.56
9 10 0.74 0.98
9 11 0.26 0.61
10 13 0.4 0.56
12 13 0.04 0.62
12 14 0.21 1
