0 1 0.25 0.94
0 2 0.55 0.46
0 3 0.89 0.98
0 4 0.03 0.77
0 5 0.99 0.09
0 6 0.7 0.17
0 7 0.45 0.25
0 8 0.31 0.7
0 9 0.41 0.28
0 11 0.75 0.87
0 12 0.75 0.17
0 13 0.64 0.04
0 14 0.7 0.48
0 15 0.02 0.43
1 2 0.64 0.06
1 3 0.75 0.82
1 4 0.74 0.53
1 5 0.56 0.7
1 6 0.43 0.26
1 7 0.17 0.48
1 8 0.3 0.77
1 10 0.34 0.55
1 12 0.35 0.41
1 13 0.92 0.29
2 3 0.95 0.26
2 4 0.76 0.19
2 5 0.89 0.9
2 6 0.89 0.04
2 8 0.62 0.02
2 9 0.86 0.23
2 15 0.1 0.49
3 4 0.43 0.36
3 7 0.69 0.86
3 10 0.92 0.64
3 13 0.84 0.43
3 15 0.72 0.84
4 5 0.2 0.05
4 6 0.06 0.1
4 8 0.88 0.32
5 7 0.01 1
5 9 0.14 0.19
5 10 0.65 0.81
5 11 0.67 0.74
5 14 0.82 0.66
6 11 0.37 0.94
6 15 0.98 0.8
7 14 0.35 0.82
8 9 0.81 0.24
8 10 0.96 0.81
8 12 0.83 0.69
9 11 0.91 0.56
10 12 0.4 0.91
10 13 0.14 0.2
10 14 0.06 0.85
