0 1 0.17 0.83
0 2 0.55 0.49
0 3 0.25 0.62
0 4 0.85 0.02
0 5 0.07 0.14
0 6 0.2 0.43
1 2 0.52 0.57
1 3 0.95 0.63
1 4 0.16 0.86
1 5 0.31 0.78
1 6 0.79 0.2
1 9 0.91 0.37
1 11 0.93 0.05
1 12 0.98 0.86
2 3 0.22 0.37
2 7 0.23 0.13
2 10 0.77 0.63
2 11 0.02 0.04
2 12 0.57 0.4
3 4 0.29 0.62
3 5 0.52 0.96
3 8 0.17 0.91
3 10 0.71 0.49
3 13 0.15 0.51
4 6 0.96 0.88
4 8 0.09 0.12
5 7 0.64 0.86
5 9 0.88 0.79
5 10 0.22 0.87
5 13 0.2 0.54
5 14 0.24 0.46
5 15 0.26 0.28
6 7 0.79 0.49
6 8 0.09 0.59
6 11 0.45 0.53
6 14 0.33 0.35
8 9 0.35 0.8
8 12 0.76 0.77
8 14 0.81 0.77
8 15 0.05 0.64
9 13 0.32 0.88
9 15 0.92 0.63
