0 1 0.66 0.47
0 2 0.95 0.11
0 3 0.77 0.11
0 4 0.97 0.6
0 10 0.89 0.53
0 11 0.45 0.19
0 12 0.14 0.89
0 13 0.72 0.99
0 14 0.89 0.59
0 15 0.27 0.55
1 2 0.13 0.84
1 3 0.38 0.93
1 5 0.03 0.98
1 6 0.16 0.44
1 8 0.65 0.74
1 9 0.77 0.08
1 11 0.2 0.43
1 13 0.16 0.21
2 3 0.22 0.36
2 4 0.35 0.08
2 7 0.87 0.08
2 8 0.23 0.52
2 15 0.84 0.57
3 4 0.27 0.98
3 5 0.4 0.2
3 6 0.79 0.59
3 7 0.41 0.42
3 10 0.44 0.02
3 12 0.87 0.43
3 14 1 0.12
3 15 0.06 0.35
4 5 0.54 0.93
4 6 0.53 0.13
4 7 0.66 0.76
4 11 0.5 0.26
4 13 0.73 0.88
6 9 0.33 0.75
6 12 0.91 0.8
6 14 0.36 0.38
7 8 0.02 0.13
7 9 0.74 0.24
7 10 0.62 0.63
