0 1 0.38 0.79
0 2 0.95 0.2
0 3 0.8 0.85
0 4 0.01 0.69
0 5 0.92 0.14
0 6 0.56 0.29
0 7 0.93 0.74
0 8 0.01 0.08
0 9 0.8 0.12
0 11 0.69 0.12
0 13 0.76 0.95
0 14 0.69 0.36
0 15 0.71 0.88
1 2 0.16 0.97
1 3 0.6 0.98
1 4 0.94 0.14
1 5 0.37 0.98
1 11 0.81 0.69
1 12 0.09 0.73
1 14 0.44 0.95
1 15 0.96 0.76
2 3 0.4 0.7
2 4 0.46 0.14
2 6 0.89 0.28
2 7 0.44 0.86
2 13 0.31 0.34
2 14 0.1 0.98
3 4 0.41 0.48
3 5 0.55 0.57
3 6 0.01 0.79
3 8 0.08 0.66
3 9 0.19 0.05
3 15 0.37 0.28
4 5 0.6 0.65
4 6 0.87 0.16
4 7 0.99 0.09
4 10 0.05 0.49
4 12 0.85 0.77
5 7 0.34 0.94
5 8 0.39 0.38
5 9 0.43 0.31
5 10 0.18 0.11
5 11 0.28 0.65
5 12 0.03 0.52
5 13 0.12 0.2
6 9 0.34 0.11
6 10 0.12 0.67
6 11 0.74 0.41
6 13 0.18 0.44
6 14 0.53 0.3
7 8 0.36 0.74
7 12 0.32 0.85
8 10 0.41 0.15
13 15 0.11 0.61
