0 1 0.06 0.95
0 2 0.88 0.53
0 3 0.97 0.28
0 4 0.92 0.03
0 5 0.82 0.39
0 6 0.16 0.47
0 7 0.44 0.8
0 8 0.61 0.58
0 10 0.83 0.46
0 12 0.74 0.84
0 14 0.02 0.92
1 2 0.56 0.65
1 3 0.33 1
1 4 0.49 0.42
1 10 0.84 0.87
1 11 0.84 0.19
2 3 0.43 0.18
2 4 0.05 0.49
2 5 0.48 0.55
2 6 0.02 0.51
2 7 0.5 0.64
2 8 0.65 0.26
2 10 0.85 0.01
2 11 0.85 0.73
2 13 0.48 0.19
2 14 0.32 0.5
3 4 0.11 0.46
3 5 0.06 0.26
3 6 0.86 0.42
3 7 0.76 0.35
3 9 0.06 0.8
3 13 0.88 0.32
3 15 0.02 0.85
4 5 0.62 0.4
4 6 0.68 0.99
4 8 0.74 0.33
4 9 0.48 0.92
4 10 0.22 0.61
4 14 0.18 0.55
5 7 0.06 0.01
6 9 0.82 0.96
6 11 0.22 0.48
7 8 0.12 0.69
7 9 0.84 0.36
8 11 0.38 0.73
8 12 0.29 0.09
8 13 0.07 0.01
8 15 0.39 0.48
9 12 1 0.36
9 15 0.76 0.14
10 13 0.97 0.05
11 12 0.66 0.79
12 15 0.58 0.13
13 14 0.58 0.04
