0 1 0.97 0.81
0 2 0.87 0.36
0 3 0.19 0.03
0 4 0.48 0.09
0 9 0.57 0.01
0 14 0.94 0.35
1 2 0.18 0.66
1 3 0.61 0.84
1 4 0.81 0.26
1 5 0.39 0.8
1 6 0.32 0.29
1 7 0.65 0.65
1 8 0.06 0.45
1 11 0.99 0.38
1 13 0.57 0.65
1 14 0.58 0.46
2 3 0.9 0.47
2 6 0.54 0.11
2 8 0.15 0.26
2 12 0.07 0.78
3 4 0.76 0.05
3 5 0.88 0.91
3 6 0.06 0.19
3 9 0.83 0.28
3 10 0.07 0.96
3 12 0.24 0.3
4 5 0.62 0.66
4 8 0.95 0.12
4 9 0.85 0.68
4 10 0.9 0.69
4 13 0.34 0.98
4 14 0.27 0.96
5 7 0.51 0.31
5 15 0.07 0.59
6 7 0.57 0.11
6 10 0.58 0.58
6 11 0.68 0.28
6 12 0.55 0.26
6 15 0.05 0.35
7 15 0.06 0.02
9 13 0.88 0.52
10 11 0.17 0.09
