0 1 0.3 0.1
0 2 0.61 0.48
0 3 0.25 1
0 4 0.79 0.04
0 5 0.98 0.11
0 6 0.01 0.81
0 8 0.36 0.78
0 10 0.63 0.75
0 12 0.53 0.66
0 15 0.64 0.91
1 2 0.15 0.22
1 3 0.99 0.3
1 4 0.55 0.15
1 6 0.73 0.02
1 7 0.5 0.83
1 9 0.84 0.46
2 3 0.57 0.23
2 5 0.11 0.75
3 4 0.16 0.66
3 5 0.4 0.02
3 6 0.75 0.37
3 7 0.85 0.12
3 8 0.54 0.07
3 10 0.95 0.31
3 11 0.83 0.62
3 12 0.64 0.01
4 10 0.69 0.3
4 11 0.82 0.7
4 13 0.57 0.64
4 15 0.94 0.54
5 9 0.13 0.89
5 13 0.78 0.74
5 14 0.87 0.19
6 7 0.81 0.1
6 12 0.6 0.01
6 13 0.24 0.01
6 14 0.6 0.81
6 15 0.96 0.79
7 8 0.74 0.83
7 9 0.2 0.57
10 11 0.52 0.38
11 14 0.67 0.75
