0 1 0.2 0.1
0 2 0.96 0.93
0 3 0.71 0.14
0 4 1 0.25
0 5 0.19 0.66
0 6 0.44 0.72
0 8 0.41 0.24
0 9 0.77 0.86
0 10 0.76 0.65
1 2 0.46 0.61
1 3 0.29 0.21
1 4 0.06 0.2
1 7 0.43 0.19
1 8 0.54 0.38
1 9 0.13 0.19
1 10 0.69 0.69
1 11 0.31 0.76
1 13 0.1 0.24
2 3 0.21 0.22
2 4 0.99 0.43
2 5 0.39 0.17
2 6 0.68 0.19
2 7 0.93 0.26
2 11 1 0.36
3 4 0.34 0.65
3 5 0.77 0.98
3 6 0.7 0.14
4 5 0.11 0.15
4 7 0.03 0.69
4 8 0.35 0.3
4 9 0.39 0.99
4 11 0.61 0.38
4 12 0.65 0.19
4 14 0.57 0.5
5 6 0.35 0.21
5 7 0.53 0.41
5 10 0.34 0.04
5 15 0.46 0.52
6 11 0.73 0.18
6 12 0.05 0.1
6 15 0.18 0.63
7 8 0.7 0.3
7 12 0.69 0.19
7 13 0.48 0.4
7 14 0.34 0.66
7 15 0.5 0.37
8 9 0.16 0.67
8 10 0.39 0.88
9 12 0.82 0.41
9 13 1 0.44
10 15 0.97 0.65
11 13 0.58 0.41
12 14 0.55 0.5
13 14 0.48 0.69
