0 1 0.85 0.9
0 2 0.25 0.08
0 3 0.41 0.72
0 4 0.43 0.63
0 5 0.68 0.42
0 6 0.55 0.08
0 7 0.96 0.6
0 8 0.1 0.38
0 9 0.04 0.54
0 11 0.4 0.56
0 12 0.57 0.29
0 13 0.17 0.49
0 14 0.57 0.51
0 15 0.74 0.3
1 2 0.91 0.16
1 3 0.8 0.04
1 4 0.53 0.62
1 5 0.03 0.87
1 6 0.88 0.92
1 7 0.5 0.16
1 8 0.62 0.93
1 10 0.8 0.55
1 12 0.39 0.04
1 13 0.39 0.29
2 3 0.96 0.57
2 4 0.52 0.94
2 5 0.38 0.47
2 6 0.72 0.34
2 8 0.85 0.28
2 9 0.45 0.28
2 15 0.77 0.7
3 4 0.61 0.78
3 7 0.6 0.78
3 10 0.11 0.45
3 13 0.38 0.53
3 15 0.42 0.84
4 5 0.56 0.42
4 6 0.87 0.87
4 8 0.14 0.1
5 7 0.13 0.93
5 9 0.13 0.44
5 10 0.4 0.82
5 11 0.11 0.2
5 14 1 0.66
6 11 0.45 0.5
6 15 0.08 0.29
7 14 0.63 0.04
8 9 0.54 0.36
8 10 0.22 0.24
8 12 0.21 0.17
9 11 0.7 0.1
10 12 0.29 0.32
10 13 0.53 0.7
10 14 0.33 0.85
