0 1 0.39 0.75
0 2 0.24 0.6
0 3 0.38 0.02
0 4 0.12 0.24
0 5 0.28 0.47
0 6 0.02 0.79
0 7 0.94 0.94
0 8 0.55 0.96
0 9 0.28 0.37
0 11 0.93 0.29
0 13 0.71 0.2
0 15 0.6 0.54
1 2 0.93 0.01
1 3 0.91 0.3
1 4 0.49 0.08
1 5 0.06 0.48
1 6 0.66 0.16
1 10 0.19 0.42
1 14 0.07 0.6
1 15 0.42 0.62
2 3 0.78 0.17
2 4 1 0.2
2 5 0.09 0.71
2 7 0.21 0.62
2 8 0.75 0.07
2 9 0.88 0.08
2 11 0.41 0.75
2 12 0.65 0.05
2 15 0.08 0.84
3 4 0.43 0.96
3 5 0.18 0.81
3 6 0.66 0.86
3 9 0.61 0.65
3 13 0.96 0.66
4 5 0.83 0.09
4 6 0.39 0.54
4 7 0.47 0.97
4 8 0.81 0.32
4 9 0.17 0.57
4 10 0.11 0.72
4 11 0.38 0.11
4 12 0.62 0.87
4 15 0.24 0.41
5 6 0.13 0.25
5 7 0.16 0.34
5 8 0.54 0.74
5 12 0.24 0.33
5 14 0.27 0.76
6 7 0.7 0.82
6 10 0.95 0.23
6 11 0.95 0.78
6 12 0.82 0.58
6 13 0.93 0.19
7 8 0.02 0.57
7 9 0.47 0.39
7 10 0.74 0.2
7 11 0.88 0.11
7 14 0.2 0.22
8 10 0.96 0.82
10 14 0.36 0.9
10 15 0.44 0.63
11 12 0.32 0.5
11 13 0.31 0.4
11 14 0.01 0.72
12 13 0.99 0.34
