0 1 0.68 0.73
0 2 0.65 0.87
0 3 0.45 0.72
0 4 0.98 0.36
0 5 0.75 0.29
0 6 0.45 0.65
0 7 0.05 0.51
0 8 0.4 0.37
0 10 0.14 1
0 12 1 0.48
0 13 0.64 0.99
0 14 0.98 0.23
0 15 0.98 0.61
1 2 0.06 0.28
1 3 0.05 0.71
1 4 0.55 0.9
1 5 0.51 0.52
1 6 0.87 0.11
1 7 0.23 0.86
1 8 0.64 0.58
1 12 0.06 0.05
1 13 0.22 0.71
1 15 0.43 0.05
2 3 0.6 0.59
2 4 0.46 0.74
2 5 0.82 0.26
2 8 0.21 0.77
2 9 0.21 0.67
2 15 0.83 0.5
3 4 0.95 0.67
3 6 0.53 0.4
3 9 0.17 0.34
3 11 0.3 0.65
3 14 0.78 0.2
4 5 0.79 0.14
4 6 0.49 0.61
4 7 0.52 0.4
4 9 0.13 0.59
4 11 0.18 0.4
4 12 0.23 0.02
4 15 0.93 0.29
5 8 0.56 0.4
5 10 0.52 0.65
5 11 0.6 0.18
5 13 0.4 0.35
6 7 0.2 0.57
6 9 0.3 0.58
6 10 0.93 0.78
6 11 0.71 0.86
6 14 0.51 0.45
8 12 0.44 0.43
9 10 0.88 0.24
9 13 0.19 0.99
10 14 0.85 0.89
