0 1 0.05 0.31
0 2 0.08 0.34
0 3 0.44 0.23
0 4 0.46 0.61
0 6 0.95 0.37
0 7 0.32 0.79
0 9 0.68 0.51
0 11 0.41 0.18
0 12 0.85 0.31
0 13 0.42 0.96
0 14 0.48 0.85
1 2 0.43 0.8
1 3 0.34 0.13
1 4 0.51 0.52
1 5 0.43 0.36
1 8 0.12 0.25
1 9 0.54 0.73
2 3 0.74 0.93
2 4 0.15 0.13
2 10 0.62 0.02
2 14 0.64 0.65
3 5 0.09 0.16
3 6 0.57 0.55
3 7 0.03 0.36
3 10 0.27 0.07
3 11 0.72 0.77
3 13 0.46 0.15
4 5 0.23 0.4
4 10 0.85 0.9
4 15 0.08 0.5
5 6 0.74 0.51
5 12 1 0.65
6 7 0.93 0.4
6 8 0.66 0.6
6 11 0.16 0.13
7 8 0.81 0.38
7 9 0.87 0.78
7 12 0.89 0.7
7 13 0.46 0.86
7 14 0.04 0.03
8 15 0.77 0.55
11 15 0.87 0.54
