0 1 0.07 0.88
0 2 0.11 0.21
0 3 0.8 0.92
0 4 0.96 0.48
0 6 0.26 0.86
0 8 0.2 0.77
0 10 0.19 0.55
0 11 0.13 0.81
0 12 0.76 0.67
0 14 0.48 0.17
0 15 0.31 0.75
1 2 0.36 0.73
1 3 0.61 0.64
1 4 0.07 0.39
1 5 0.27 0.12
1 6 0.51 0.38
1 9 0.43 0.94
1 14 0.44 0.88
2 3 0.46 0.48
2 4 0.31 0.32
2 5 0.29 0.48
2 6 0.6 0.21
2 7 0.09 0.85
2 8 0.06 0.48
2 10 0.89 0.52
2 14 0.64 0.55
3 4 0.51 0.47
3 5 0.76 0.15
3 6 0.94 0.79
3 7 0.22 0.79
3 8 0.52 0.11
3 9 0.8 0.13
3 10 0.84 0.59
4 5 0.47 0.05
4 7 0.13 0.23
4 10 0.68 0.49
4 12 0.14 0.4
4 13 0.31 0.73
5 11 0.77 0.46
5 13 0.91 0.02
6 7 0.02 0.01
6 8 0.68 1
6 9 0.89 0.6
7 9 0.43 0.3
7 13 0.86 0.21
7 14 0.36 0.6
7 15 0.71 0.99
8 11 0.7 0.35
8 12 0.49 0.7
8 13 0.96 0.66
9 11 0.48 0.3
10 12 0.53 0.01
11 15 0.28 0.69
13 15 0.84 0.15
