0 1 0.79 0.26
0 2 0.84 0.75
0 3 0.71 0.9
0 4 0.85 0.01
0 5 0.16 0.35
0 6 0.4 0.04
1 2 0.74 0.72
1 3 0.96 0.76
1 4 0.6 0.06
1 5 0.28 0.28
1 6 0.56 0.68
1 9 0.2 0.08
1 11 0.95 0.38
1 12 0.4 0.24
2 3 0.66 0.63
2 7 0.12 0.99
2 10 0.75 0.24
2 11 0.57 0.4
2 12 0.71 0.89
3 4 0.5 0.01
3 5 0.85 0.48
3 8 0.88 0.24
3 10 0.02 0.49
3 13 0.61 0.21
4 6 0.46 0.95
4 8 0.86 0.09
5 7 0.66 0.53
5 9 0.72 0.64
5 10 0.9 0.21
5 13 0.72 0.6
5 14 0.25 0.63
5 15 0.75 0.16
6 7 0.5 0.01
6 8 0.42 0.31
6 11 0.83 0.19
6 14 0.8 0.18
8 9 0.87 0.04
8 12 0.88 0.46
8 14 0.19 0.45
8 15 0.21 1
9 13 0.93 0.55
9 15 0.73 0.73
