0 1 0.49 0.96
0 2 0.35 0.5
0 3 0.83 0.17
0 4 0.19 0.51
0 5 0.85 0.71
0 6 0.4 0.65
0 7 0.31 0.12
0 8 0.9 0.56
0 10 0.49 0.57
0 12 0.16 0.6
0 14 0.94 0.81
1 2 0.86 0.07
1 3 0.53 0.75
1 4 0.93 0.11
1 10 1 0.01
1 11 0.53 0.99
2 3 0.8 0.05
2 4 0.48 0.25
2 5 0.54 0.91
2 6 0.92 0.82
2 7 0.13 0.38
2 8 0.83 1
2 10 0.58 0.09
2 11 0.92 0.39
2 13 0.94 0.94
2 14 0.81 0.85
3 4 0.19 0.21
3 5 0.16 0.27
3 6 0.94 0.51
3 7 0.63 0.42
3 9 0.34 0.01
3 13 0.65 0.05
3 15 0.28 0.82
4 5 0.48 0.51
4 6 0.19 0.31
4 8 0.18 0.36
4 9 0.29 0.17
4 10 0.31 0.09
4 14 0.06 0.39
5 7 0.46 0.73
6 9 0.72 0.17
6 11 0.29 0.66
7 8 0.27 0.54
7 9 0.71 0.74
8 11 0.79 0.63
8 12 0.95 0.86
8 13 0.97 0.03
8 15 0.9 0.89
9 12 0.18 0.51
9 15 0.21 0.95
10 13 0.88 0.5
11 12 0.74 0.8
12 15 0.86 0.97
13 14 0.76 0.62
