0 1 0.63 0.31
0 2 0.44 0.97
0 3 0.33 0.05
0 4 0.64 0.77
0 5 0.1 0.72
0 6 0.62 0.85
0 7 0.3 0.21
0 8 0.08 0.42
0 9 0.4 0.14
0 11 0.11 0.71
0 13 0.96 0.31
0 15 0.31 0.92
1 2 0.8 0.59
1 3 0.86 0.22
1 4 0.38 0.13
1 5 0.94 0.63
1 6 0.82 0.61
1 10 0.01 0.46
1 14 0.23 0.12
1 15 0.77 0.45
2 3 0.57 0.51
2 4 0.96 0.59
2 5 0.27 0.95
2 7 0.97 0.11
2 8 0.56 0.72
2 9 0.33 0.63
2 11 0.47 0.94
2 12 0.97 0.82
2 15 0.33 0.54
3 4 0.41 0.59
3 5 0.34 0.21
3 6 0.35 0.39
3 9 0.01 0.42
3 13 0.87 0.99
4 5 0.89 0.97
4 6 0.69 0.4
4 7 0.94 0.01
4 8 0.63 0.16
4 9 0.77 0.46
4 10 0.26 0.98
4 11 0.73 0.97
4 12 0.39 0.07
4 15 0.06 0.48
5 6 0.03 0.51
5 7 0.62 0.78
5 8 0.64 0.72
5 12 0.56 0.83
5 14 0.09 0.7
6 7 0.48 0.93
6 10 0.62 0.41
6 11 0.85 0.45
6 12 0.64 0.79
6 13 0.22 0.79
7 8 0.58 0.22
7 9 0.86 0.03
7 10 0.15 0.5
7 11 0.98 0.53
7 14 0.54 0.86
8 10 0.55 0.96
10 14 0.08 0.88
10 15 0.88 0.16
11 12 0.74 0.37
11 13 0.93 0.29
11 14 0.59 0.71
12 13 0.65 0.94
