0 1 0.85 0.68
0 2 0.96 0.19
0 3 0.05 0.34
0 4 0.51 0.81
0 5 0.54 0.81
0 6 0.21 0.95
1 2 0.78 0.62
1 3 0.36 0.38
1 4 0.07 0.08
1 5 0.8 0.59
1 6 0.92 0.35
1 9 0.18 0.96
1 11 0.44 0.92
1 12 0.63 0.28
2 3 0.88 0.24
2 7 0.59 0.14
2 10 0.96 0.4
2 11 0.47 0.57
2 12 0.56 0.8
3 4 0.37 0.98
3 5 0.83 0.33
3 8 0.67 0.38
3 10 0.9 0.1
3 13 0.46 0.85
4 6 0.81 0.62
4 8 0.95 0.12
5 7 0.41 0.47
5 9 0.55 0.63
5 10 0.71 0.32
5 13 0.26 0.06
5 14 0.79 0.42
5 15 0.8 0.3
6 7 0.57 0.07
6 8 0.38 0.02
6 11 0.52 0.48
6 14 0.3 0.81
8 9 0.52 0.78
8 12 0.55 0.21
8 14 0.89 0.92
8 15 1 0.43
9 13 0.01 0.5
9 15 0.9 0.05
