0 1 0.1 1
0 2 0.54 0.93
0 3 0.38 0.91
0 4 0.4 0.33
0 5 0.22 0.2
0 6 0.92 0.83
0 7 0.35 0.19
0 9 0.23 0.27
0 10 0.25 0.49
0 11 0.36 0.69
0 12 0.03 0.35
0 13 0.74 0.85
1 2 1 0.6
1 3 0.41 0.05
1 4 0.93 0.76
1 6 0.37 0.84
1 7 0.22 0.46
1 8 0.95 0.7
1 12 0.09 0.5
1 13 0.75 0.7
2 3 0.34 0.06
2 4 0.32 0.17
2 5 0.34 0.18
2 6 0.47 0.71
2 7 0.97 0.22
2 8 0.56 0.06
2 9 0.95 0.89
2 10 0.75 0.87
2 13 0.45 0.93
2 14 0.33 0.91
3 4 0.75 0.65
3 5 0.72 0.92
3 10 0.63 0.08
3 11 0.79 0.94
3 12 0.94 0.64
3 14 0.48 0.19
3 15 0.1 0.28
4 5 0.04 0.16
4 6 0.55 1
4 7 0.86 0.52
4 9 0.32 0.26
4 12 0.68 0.13
4 14 0.37 0.96
4 15 0.51 0.06
5 8 0.5 0.45
5 9 0.53 0.66
5 13 0.86 0.09
6 8 0.49 0.25
6 15 0.94 0.64
7 11 0.44 0.32
7 14 0.52 0.78
9 10 0.94 0.98
9 15 0.5 0.55
10 11 0.04 0.71
