0 1 0.88 0.81
0 2 0.72 0.68
0 3 0.91 0.79
0 4 0.58 0.87
0 10 0.22 0.9
0 11 0.75 0.02
0 12 0.97 0.95
0 13 0.72 0.41
0 14 0.44 0.7
0 15 0.31 0.54
1 2 0.42 0.11
1 3 0.2 0.73
1 5 0.65 0.82
1 6 0.62 0.77
1 8 0.32 0.98
1 9 0.43 0.99
1 11 0.18 0.55
1 13 0.78 0.06
2 3 0.75 0.09
2 4 0.64 0.85
2 7 0.86 0.39
2 8 0.26 0.87
2 15 0.34 0.41
3 4 0.62 0.14
3 5 0.4 0.38
3 6 0.14 0.1
3 7 0.35 0.51
3 10 0.72 0.19
3 12 0.36 0.99
3 14 0.45 0.35
3 15 0.92 0.72
4 5 0.51 0.15
4 6 0.69 0.51
4 7 0.75 0.3
4 11 0.4 0.69
4 13 0.14 0.71
6 9 0.44 0.01
6 12 0.63 0.72
6 14 0.07 0.15
7 8 0.81 0.12
7 9 0.14 0.6
7 10 0.44 0.88
