0 1 0.14 0.91
0 2 0.23 0.8
0 3 0.77 0.44
0 4 0.02 0.4
0 7 0.34 0.56
0 11 0.05 0.66
0 14 0.89 0.85
1 2 0.96 0.98
1 3 0.64 0.07
1 5 0.97 0.91
1 6 0.95 0.17
1 9 0.62 0.57
2 3 0.14 0.55
2 4 0.04 0.68
2 5 0.06 0.36
2 8 0.36 0.46
2 10 0.65 0.01
2 15 0.81 0.6
3 4 0.84 0.76
3 5 0.26 0.16
3 6 0.38 0.26
3 9 0.83 0.56
3 12 0.12 0.15
3 13 0.51 0.38
3 14 0.77 0.38
4 6 0.7 0.13
4 8 0.06 0.78
4 11 0.27 0.51
5 7 0.46 0.38
5 10 0.56 0.01
6 7 0.27 0.72
6 8 0.58 0.99
6 11 0.22 0.43
6 12 0.18 0.79
6 14 0.02 0.52
7 9 0.14 0.99
7 12 0.01 0.75
7 13 0.64 0.53
7 15 0.5 0.23
8 15 0.49 0.57
9 10 0.42 0.92
12 13 0.71 0.45
