0 1 0.76 0.98
0 2 0.01 0.76
0 3 0.29 0.66
0 4 0.8 0.81
0 5 0.86 0.51
0 6 0.41 0.06
0 8 0.9 0.5
0 10 0.38 0.2
0 12 0.88 0.17
0 15 0.69 0.54
1 2 0.89 0.16
1 3 0.79 0.35
1 4 0.23 0.43
1 6 0.35 0.82
1 7 0.91 0.59
1 9 0.45 0.1
2 3 0.28 0.27
2 5 0.04 0.16
3 4 0.85 1
3 5 0.22 0.16
3 6 0.2 0.69
3 7 0.64 0.86
3 8 0.75 0.92
3 10 0.82 0.12
3 11 0.96 0.63
3 12 0.61 0.31
4 10 0.26 0.53
4 11 0.19 0.24
4 13 0.47 0.67
4 15 0.25 0.15
5 9 0.87 0.14
5 13 0.65 0.34
5 14 0.22 0.16
6 7 0.74 0.05
6 12 0.74 0.33
6 13 0.8 0.69
6 14 0.99 0.08
6 15 0.27 0.5
7 8 0.42 0.37
7 9 0.66 0.71
10 11 0.81 0.42
11 14 0.95 0.56
