0 1 0.73 0.26
0 2 0.37 0.31
0 3 0.86 0.75
0 4 0.72 0.72
0 10 0.85 0.98
0 11 0.5 0.2
0 12 0.63 0.19
0 13 0.29 0.46
0 14 0.51 0.57
0 15 0.05 0.96
1 2 0.24 0.4
1 3 0.42 0.32
1 5 0.12 0.06
1 6 0.69 0.91
1 8 0.93 0.96
1 9 0.89 0.8
1 11 0.36 0.25
1 13 0.57 0.56
2 3 0.75 0.67
2 4 0.82 0.81
2 7 0.23 0.48
2 8 0.53 0.47
2 15 0.53 0.09
3 4 0.05 0.05
3 5 0.38 0.07
3 6 0.8 0.21
3 7 0.29 0.65
3 10 0.99 0.01
3 12 0.81 0.29
3 14 0.07 0.71
3 15 0.42 0.9
4 5 0.92 0.45
4 6 0.76 0.05
4 7 0.75 0.84
4 11 0.16 0.83
4 13 0.11 0.7
6 9 0.07 0.24
6 12 0.93 0.96
6 14 0.64 0.72
7 8 0.31 0.75
7 9 0.32 0.58
7 10 0.52 0.79
