0 1 0.24 0.54
0 2 0.96 0.41
0 3 0.03 0.67
0 4 0.74 0.21
0 5 0.17 0.42
0 6 0.69 0.71
0 7 0.14 0.98
0 8 0.23 0.72
0 9 0.85 0.51
0 11 0.03 0.59
0 12 0.97 0.3
0 13 0.43 0.73
0 14 0.01 0.93
0 15 0.62 0.12
1 2 0.76 0.97
1 3 0.31 0.42
1 4 0.71 0.6
1 5 0.48 0.31
1 6 0.53 0.93
1 7 0.2 0.4
1 8 0.47 0.35
1 10 0.5 0.12
1 12 0.15 0.16
1 13 0.32 0.53
2 3 0.09 0.3
2 4 0.74 0.26
2 5 0.04 0.56
2 6 0.85 0.58
2 8 0.16 0.74
2 9 0.78 0.43
2 15 0.49 0.07
3 4 0.54 0.04
3 7 0.75 0.86
3 10 0.91 0.87
3 13 0.18 0.51
3 15 0.77 0.06
4 5 0.84 0.93
4 6 0.17 0.75
4 8 0.27 0.77
5 7 0.13 0.9
5 9 0.15 0.81
5 10 0.84 0.96
5 11 0.82 0.07
5 14 0.02 0.62
6 11 0.41 0.25
6 15 0.88 0.19
7 14 0.18 0.5
8 9 0.67 0.1
8 10 1 0.02
8 12 0.99 0.51
9 11 0.2 0.76
10 12 0.7 0.53
10 13 0.64 0.29
10 14 0.46 0.4
