0 1 0.14 0.71
0 2 0.44 0.92
0 3 0.65 0.77
0 4 0.67 0.51
0 6 0.84 0.92
0 7 0.89 0.27
0 9 0.07 0.56
0 11 0.55 0.08
0 12 0.57 0.8
0 13 0.25 0.07
0 14 0.46 0.03
1 2 0.46 0.89
1 3 0.6 0.24
1 4 0.5 0.87
1 5 0.46 0.12
1 8 0.62 0.37
1 9 0.94 0.61
2 3 0.86 0.53
2 4 0.92 0.72
2 10 0.8 1
2 14 0.28 0.78
3 5 0.71 0.09
3 6 0.16 0.49
3 7 0.62 0.04
3 10 0.15 0.6
3 11 0.47 0.98
3 13 0.17 0.68
4 5 0.04 0.93
4 10 0.41 0.84
4 15 0.19 0.91
5 6 0.59 0.1
5 12 0.36 0.52
6 7 0.03 0.07
6 8 0.9 0.98
6 11 1 0.36
7 8 0.78 0.27
7 9 0.01 0.47
7 12 0.42 0.07
7 13 0.11 0.41
7 14 0.63 0.94
8 15 0.52 0.18
11 15 0.92 0.27
