0 1 0.55 0.41
0 2 0.11 0.34
0 3 0.37 0.44
0 4 0.68 0.19
0 5 0.12 0.66
0 6 0.9 0.11
0 7 0.36 0.23
0 8 0.04 0.44
0 9 0.55 0.37
0 11 0.3 0.18
0 12 0.5 0.95
0 13 0.42 0.06
0 14 0.4 0.67
0 15 0.53 0.21
1 2 0.21 0.85
1 3 0.95 0.14
1 4 0.16 0.22
1 5 0.7 0.11
1 6 0.21 0.05
1 7 0.48 0.19
1 8 0.05 0.23
1 10 0.38 0.1
1 12 0.43 0.23
1 13 0.01 0.9
2 3 0.78 0.3
2 4 0.12 0.97
2 5 0.45 0.2
2 6 0.16 0.72
2 8 0.12 0.22
2 9 0.63 0.42
2 15 0.28 0.56
3 4 0.59 0.23
3 7 0.39 0.77
3 10 0.65 0.41
3 13 0.79 0.77
3 15 0.57 0.73
4 5 0.09 0.76
4 6 0.26 0.98
4 8 0.95 0.93
5 7 0.52 0.53
5 9 0.76 0.37
5 10 0.82 0.82
5 11 0.04 0.66
5 14 0.93 0.26
6 11 0.21 0.3
6 15 0.68 0.54
7 14 0.77 0.7
8 9 0.68 0.97
8 10 0.6 0.47
8 12 0.44 0.9
9 11 0.7 0.73
10 12 0.52 0.94
10 13 0.08 0.04
10 14 0.98 0.62
