0 1 0.52 0.76
0 2 0.54 0.27
0 3 0.44 0.92
0 4 0.59 0.12
0 9 0.94 0.23
0 14 0.9 0.05
1 2 0.54 0.38
1 3 0.91 0.13
1 4 0.62 0.03
1 5 0.44 0.58
1 6 0.27 0.11
1 7 0.26 0.47
1 8 0.08 0.16
1 11 0.19 0.24
1 13 0.94 0.95
1 14 0.05 0.52
2 3 0.56 0.71
2 6 0.45 0.15
2 8 0.77 0.34
2 12 0.16 0.35
3 4 0.3 0.8
3 5 0.9 0.88
3 6 0.86 0.29
3 9 0.67 0.04
3 10 0.25 0.94
3 12 0.69 0.43
4 5 0.11 0.14
4 8 0.2 0.16
4 9 0.47 0.77
4 10 0.26 0.4
4 13 0.82 0.52
4 14 0.97 0.84
5 7 0.17 0.7
5 15 0.24 0.32
6 7 0.85 0.86
6 10 0.95 0.86
6 11 0.94 1
6 12 0.93 0.68
6 15 0.82 0.56
7 15 0.73 0.71
9 13 0.03 0.35
10 11 0.72 0.83
