0 1 0.55 0.92
0 2 0.82 0.4
0 3 0.79 0.12
0 4 0.71 0.24
0 5 0.46 0.24
0 6 0.06 0.17
0 7 0.5 0.8
0 9 0.64 0.36
0 10 0.88 0.51
0 11 0.76 0.29
0 12 0.65 0.69
0 13 0.88 0.36
1 2 0.38 0.08
1 3 0.16 0.65
1 4 0.85 0.82
1 6 0.37 0.67
1 7 0.92 0.92
1 8 0.25 0.8
1 12 0.84 0.25
1 13 0.04 0.07
2 3 0.26 0.02
2 4 0.09 0.28
2 5 0.71 0.69
2 6 0.65 0.33
2 7 0.97 0.58
2 8 0.68 0.47
2 9 0.92 0.19
2 10 0.61 0.14
2 13 0.46 0.15
2 14 0.38 0.62
3 4 0.78 0.53
3 5 0.45 0.93
3 10 0.77 0.75
3 11 0.81 0.2
3 12 0.39 0.83
3 14 0.21 0.94
3 15 0.35 0.59
4 5 0.05 0.41
4 6 0.34 0.69
4 7 0.01 0.43
4 9 0.2 0.17
4 12 0.46 0.67
4 14 0.52 0.74
4 15 0.79 0.28
5 8 0.91 0.09
5 9 0.14 0.49
5 13 0.19 0.58
6 8 0.38 0.95
6 15 0.61 0.9
7 11 0.95 0.14
7 14 0.63 0.15
9 10 0.65 0.8
9 15 0.08 0.2
10 11 0.63 0.35
