0 1 0.69 0.56
0 2 0.61 0.14
0 3 0.37 0.58
0 4 0.39 0.7
0 5 0.1 0.76
0 6 0.1 0.72
1 2 0.71 0.43
1 3 0.38 0.6
1 4 0.2 0.72
1 5 0.35 0.8
1 6 0.49 0.21
1 9 0.16 0.11
1 11 0.51 0.38
1 12 0.84 0.18
2 3 0.83 0.58
2 7 0.48 0.88
2 10 0.61 0.54
2 11 0.41 0.21
2 12 0.21 0.16
3 4 0.15 0.61
3 5 0.21 0.03
3 8 0.87 0.36
3 10 0.44 0.09
3 13 0.79 0.17
4 6 0.76 0.92
4 8 0.23 0.65
5 7 0.59 0.14
5 9 0.54 0.47
5 10 0.44 0.05
5 13 0.67 0.6
5 14 0.23 0.56
5 15 0.34 0.93
6 7 0.17 0.18
6 8 0.61 0.15
6 11 0.78 0.02
6 14 0.72 0.57
8 9 0.9 0.29
8 12 1 0.62
8 14 0.18 0.79
8 15 0.96 0.44
9 13 0.9 0.66
9 15 0.66 0.24
