0 1 0.26 0.85
0 2 0.61 0.86
0 3 0.31 0.72
0 4 0.19 0.81
0 5 0.19 0.32
0 6 0.79 0.64
0 7 0.63 0.06
0 11 0.75 0.82
1 2 0.09 0.9
1 3 0.32 0.23
1 4 0.12 0.13
1 5 0.4 0.53
1 6 0.36 0.79
1 7 0.59 0.16
1 8 0.48 0.69
1 9 0.47 0.24
1 11 0.4 0.33
1 12 0.17 0.23
2 3 0.02 0.05
2 4 0.74 0.37
2 5 0.63 0.03
2 6 0.58 0.38
2 7 0.94 0.17
2 9 0.13 0.67
2 10 0.53 0.88
2 15 0.8 0.91
3 4 0.96 0.04
3 5 0.84 0.95
3 6 0.29 0.54
3 8 0.44 0.43
3 10 0.52 0.26
3 11 0.5 0.96
3 12 0.62 0.11
3 14 0.74 0.87
4 12 0.16 0.88
5 7 0.51 0.72
5 8 0.74 0.08
5 9 0.39 0.71
5 10 0.18 0.7
6 12 0.09 0.47
6 14 0.5 0.69
7 8 0.03 0.72
7 9 0.67 0.46
7 10 0.68 0.76
7 11 0.05 0.99
7 15 0.07 0.28
8 13 0.51 0.19
8 14 0.55 0.2
8 15 0.24 0.51
10 13 0.95 0.42
11 13 0.64 0.61
11 15 0.2 0.43
12 13 0.49 0.87
13 14 0.76 1
