0 1 0.87 0.33
0 2 0.71 0.48
0 3 0.79 0.34
0 4 0.99 0.77
0 5 0.65 0.85
0 6 0.48 0.08
0 7 0.08 0.94
0 8 0.51 0.42
0 9 0.88 0.27
0 11 0.6 0.8
0 12 0.09 0.48
0 13 0.65 0.49
0 14 0.23 0.64
0 15 0.44 0.27
1 2 0.8 0.78
1 3 0.3 1
1 4 0.2 0.45
1 5 0.24 0.69
1 6 0.62 0.41
1 7 0.89 0.51
1 8 0.06 0.55
1 10 0.67 0.31
1 12 0.99 0.81
1 13 0.29 0.96
2 3 0.85 0.38
2 4 0.43 0.19
2 5 0.13 0.42
2 6 0.14 1
2 8 0.82 0.28
2 9 0.58 0.58
2 15 0.7 0.64
3 4 0.34 0.59
3 7 0.08 0.72
3 10 0.43 0.41
3 13 0.59 0.74
3 15 0.63 0.54
4 5 0.26 0.34
4 6 0.46 0.01
4 8 0.66 0.24
5 7 0.16 0.33
5 9 0.12 0.4
5 10 0.03 0.87
5 11 0.62 0.13
5 14 0.32 0.55
6 11 0.49 0.61
6 15 0.75 0.97
7 14 0.62 0.16
8 9 0.47 0.92
8 10 0.72 0.91
8 12 0.93 0.9
9 11 0.88 0.2
10 12 0.81 0.29
10 13 0.8 0.13
10 14 0.45 0.52
