0 1 0.59 0.41
0 2 0.57 0.67
0 3 0.69 0.68
0 4 0.92 0.26
0 9 0.94 0.14
0 14 0.1 0.54
1 2 0.14 0.99
1 3 0.85 0.51
1 4 0.67 0.6
1 5 0.03 0.58
1 6 0.41 0.06
1 7 0.83 0.75
1 8 0.06 0.35
1 11 0.88 0.81
1 13 0.35 0.84
1 14 0.14 0.4
2 3 0.65 0.87
2 6 0.18 0.14
2 8 0.32 0.19
2 12 0.2 0.55
3 4 0.03 0.3
3 5 0.47 0.81
3 6 0.89 0.78
3 9 0.12 0.81
3 10 0.73 0.92
3 12 0.46 0.78
4 5 0.07 0.63
4 8 0.78 0.82
4 9 0.54 0.89
4 10 0.46 0.3
4 13 0.78 0.76
4 14 0.53 0.38
5 7 0.46 0.58
5 15 0.49 0.09
6 7 0.02 0.76
6 10 0.14 0.75
6 11 0.78 0.94
6 12 0.21 0.49
6 15 0.28 0.65
7 15 0.95 0.4
9 13 0.33 0.79
10 11 0.17 0.88
