0 1 1 0.49
0 2 0.66 0.15
0 3 0.24 0.97
0 4 0.2 0.93
0 5 0.87 0.84
0 6 0.11 0.95
0 8 0.75 0.13
0 9 0.47 0.93
0 10 0.88 0.65
1 2 0.52 0.81
1 3 0.58 0.13
1 4 0.16 0.88
1 7 0.19 0.27
1 8 0.98 0.14
1 9 0.75 0.38
1 10 0.92 0.44
1 11 0.31 0.42
1 13 0.86 0.19
2 3 0.07 0.07
2 4 0.8 0.92
2 5 0.1 0.14
2 6 0.93 0.64
2 7 0.1 0.41
2 11 0.77 0.05
3 4 0.36 0.54
3 5 0.65 0.43
3 6 0.91 0.14
4 5 0.82 0.21
4 7 0.71 0.06
4 8 0.65 0.29
4 9 0.58 0.7
4 11 0.79 0.59
4 12 0.91 0.81
4 14 0.65 0.65
5 6 0.58 0.82
5 7 0.57 0.52
5 10 0.52 0.6
5 15 0.74 0.65
6 11 0.74 0.64
6 12 0.38 1
6 15 0.02 0.47
7 8 0.72 0.65
7 12 0.7 0.66
7 13 0.2 0.41
7 14 0.52 0.97
7 15 0.77 0.43
8 9 0.36 0.9
8 10 0.76 0.54
9 12 0.98 0.38
9 13 0.51 0.39
10 15 0.24 0.19
11 13 0.8 0.98
12 14 0.69 0.17
13 14 0.05 0.27
