0 1 0.88 0.63
0 2 0.24 0.47
0 3 0.82 0.44
0 4 0.74 0.19
0 10 0.41 0.77
0 11 0.45 0.89
0 12 0.01 0.31
0 13 0.35 0.89
0 14 0.33 0.98
0 15 0.02 0.36
1 2 0.51 0.65
1 3 0.79 0.3
1 5 0.55 0.45
1 6 0.39 0.22
1 8 0.17 0.47
1 9 0.75 0.17
1 11 0.62 0.3
1 13 0.9 1
2 3 0.93 0.93
2 4 0.74 0.07
2 7 0.06 0.73
2 8 0.84 0.8
2 15 0.38 0.83
3 4 0.59 0.18
3 5 0.11 0.88
3 6 0.9 0.84
3 7 0.2 0.58
3 10 0.46 0.85
3 12 0.49 0.23
3 14 0.14 0.07
3 15 0.59 0.36
4 5 0.06 0.11
4 6 0.61 0.19
4 7 0.37 0.02
4 11 0.03 0.61
4 13 0.21 0.35
6 9 0.21 0.01
6 12 0.28 0.94
6 14 0.06 0.92
7 8 0.87 0.86
7 9 0.75 0.18
7 10 0.46 0.74
