0 1 0.08 0.55
0 2 0.03 0.76
0 3 0.4 0.97
0 4 0.96 0.55
0 5 0.07 0.91
0 7 0.53 0.84
0 8 0.87 0.01
0 10 0.43 0.83
0 12 0.89 0.38
0 14 0.03 0.88
1 2 0.35 0.58
1 3 0.78 0.07
1 4 0.94 0.42
1 5 0.12 0.58
1 6 0.4 0.7
1 10 0.41 0.51
2 3 0.67 0.37
2 4 0.69 0.69
2 5 0.54 0.7
2 6 0.95 0.98
2 7 0.78 0.13
2 8 0.09 0.09
2 9 0.91 0.92
2 10 0.14 0.38
2 11 0.08 0.6
2 13 0.43 0.13
2 14 0.75 0.32
2 15 0.38 0.07
3 4 0.44 0.67
3 5 0.41 0.74
3 6 0.97 0.34
3 7 0.9 0.66
3 8 0.06 0.46
3 9 0.78 0.99
3 11 0.18 0.21
3 12 0.73 0.95
4 9 0.83 0.49
4 15 0.67 0.27
5 6 0.51 0.3
5 11 0.45 0.34
5 13 0.78 0.55
6 7 0.43 0.44
6 8 0.78 0.75
6 9 0.78 0.91
6 14 0.31 0.76
7 12 0.81 0.84
8 10 0.22 0.04
8 13 0.14 0.91
9 11 0.26 0.17
9 13 0.53 0.9
9 15 0.38 0.06
10 14 0.38 0.36
10 15 0.18 0.26
11 12 0.12 0.18
