0 1 0.81 0.36
0 2 0.71 0.72
0 3 0.74 0.12
0 4 0.92 0.62
0 5 0.14 0.44
0 6 0.05 0.2
0 7 0.13 0.18
0 9 0.29 0.49
0 10 0.1 0.66
0 11 0.82 0.35
0 12 0.52 0.23
0 13 0.97 0.12
1 2 0.76 0.07
1 3 0.75 0.77
1 4 0.76 0.92
1 6 0.9 0.98
1 7 0.63 0.49
1 8 0.15 0.07
1 12 0.1 0.92
1 13 0.97 0.23
2 3 0.01 0.33
2 4 0.61 0.85
2 5 0.01 0.83
2 6 1 0.08
2 7 0.35 0.51
2 8 0.37 0.64
2 9 0.56 0.53
2 10 0.41 0.19
2 13 0.91 0.43
2 14 0.92 0.82
3 4 0.44 0.98
3 5 0.99 0.38
3 10 0.91 0.44
3 11 0.66 0.57
3 12 0.98 0.75
3 14 0.39 0.24
3 15 0.82 0.2
4 5 0.51 0.73
4 6 0.07 0.76
4 7 0.39 0.68
4 9 0.17 0.56
4 12 0.74 0.86
4 14 0.16 0.49
4 15 0.65 0.14
5 8 0.74 0.21
5 9 0.02 0.34
5 13 0.95 0.08
6 8 0.71 0.16
6 15 0.52 0.52
7 11 0.81 0.53
7 14 0.68 0.26
9 10 0.78 0.07
9 15 0.31 0.27
10 11 0.6 0.21
