0 1 0.68 0.37
0 2 0.11 0.62
0 3 0.57 0.12
0 4 0.26 0.15
0 5 0.36 0.82
0 8 0.1 0.08
0 9 0.25 0.02
0 10 0.33 0.34
0 12 0.88 0.58
0 13 0.09 0.88
0 15 0.16 0.29
1 2 0.99 0.5
1 3 0.89 0.81
1 4 0.35 0.05
1 5 0.87 0.81
1 6 0.69 0.05
1 7 0.49 0.85
1 10 0.24 0.34
1 12 0.58 0.51
2 3 0.44 0.18
2 4 0.76 0.77
2 5 0.2 0.97
2 6 0.86 0.32
2 7 0.67 0.8
2 8 0.66 0.52
2 13 0.22 0.73
2 14 0.59 0.05
3 4 0.72 0.72
3 11 0.61 0.03
3 13 0.43 0.9
3 14 0.08 0.36
3 15 1 0.75
4 5 0.38 0.14
4 6 0.98 0.9
4 7 0.21 0.82
4 9 0.79 0.77
4 11 0.15 0.18
5 6 0.76 0.38
5 7 0.32 0.15
5 9 0.3 0.74
6 8 0.99 0.39
6 10 0.07 0.69
6 13 0.18 0.83
7 8 0.07 0.03
7 9 0.18 0.72
7 10 0.7 0.61
7 14 0.11 0.19
8 11 0.38 0.06
8 12 0.14 0.36
9 11 0.33 0.37
10 15 0.09 0.41
11 12 0.8 0.14
11 15 0.87 0.69
13 14 0.35 0.43
