0 1 0.04 0.32
0 2 0.38 0.75
0 3 0.45 0.74
0 4 0.08 0.85
0 5 0.96 0.85
0 6 0.89 0.93
0 7 0.1 0.79
0 8 0.21 0.15
0 9 0.93 0.35
0 11 0.12 0.56
0 13 0.97 0.81
0 15 0.93 0.45
1 2 0.33 0.15
1 3 0.03 0.14
1 4 0.76 0.54
1 5 0.02 0.7
1 6 0.93 0.46
1 10 0.84 0.5
1 14 0.17 0.57
1 15 0.82 0.22
2 3 0.21 0.08
2 4 0.84 0.65
2 5 0.06 0.56
2 7 0.13 0.53
2 8 0.64 0.76
2 9 1 0.93
2 11 0.21 0.48
2 12 0.06 0.26
2 15 0.32 0.29
3 4 0.31 0.71
3 5 0.89 0.54
3 6 0.51 1
3 9 0.76 0.66
3 13 0.54 0.49
4 5 0.86 0.48
4 6 0.55 0.47
4 7 0.58 0.42
4 8 0.53 0.56
4 9 0.3 0.94
4 10 0.88 0.7
4 11 0.07 0.69
4 12 0.62 0.29
4 15 0.89 0.74
5 6 0.5 0.21
5 7 0.39 0.34
5 8 0.11 0.89
5 12 0.28 0.06
5 14 0.5 0.19
6 7 0.71 0.65
6 10 0.32 0.83
6 11 0.19 0.39
6 12 0.59 0.97
6 13 0.96 0.45
7 8 0.32 0.17
7 9 0.72 0.32
7 10 0.94 0.53
7 11 0.39 0.33
7 14 0.04 0.06
8 10 0.53 0.49
10 14 0.98 0.61
10 15 0.15 0.24
11 12 0.97 0.84
11 13 0.28 0.91
11 14 0.01 0.56
12 13 0.58 0.77
