0 1 0.21 0.93
0 2 0.71 0.4
0 3 0.58 0.99
0 4 0.17 0.38
0 5 0.25 0.51
0 6 1 0.25
0 7 0.64 0.75
0 9 0.56 0.85
0 10 0.69 0.57
0 11 0.93 0.4
0 12 0.99 0.57
0 13 0.83 0.89
1 2 0.66 0.62
1 3 0.44 0.58
1 4 0.62 0.17
1 6 0.24 0.91
1 7 0.57 0.49
1 8 0.41 0.27
1 12 0.77 0.19
1 13 0.58 0.85
2 3 0.62 0.98
2 4 0.44 0.09
2 5 0.74 0.45
2 6 0.42 0.27
2 7 0.21 0.59
2 8 0.09 1
2 9 0.63 0.79
2 10 0.64 0.19
2 13 0.42 0.02
2 14 0.37 0.93
3 4 0.49 0.23
3 5 0.62 0.86
3 10 0.91 0.95
3 11 0.89 0.66
3 12 0.75 0.41
3 14 0.41 0.49
3 15 0.99 0.43
4 5 0.05 0.51
4 6 0.37 0.17
4 7 0.5 0.83
4 9 0.16 0.79
4 12 0.45 0.16
4 14 0.11 0.29
4 15 0.83 0.61
5 8 0.32 0.67
5 9 0.57 0.63
5 13 0.51 0.55
6 8 0.69 0.6
6 15 0.5 0.53
7 11 0.23 0.88
7 14 0.74 0.1
9 10 0.08 0.94
9 15 0.89 0.7
10 11 0.36 0.31
