0 1 0.46 0.27
0 2 0.11 0.65
0 3 0.5 0.09
0 4 0.29 0.01
0 5 0.53 0.14
0 6 0.78 0.02
0 8 0.74 0.18
0 10 0.25 0.3
0 12 0.92 0.05
0 15 0.27 0.52
1 2 0.72 0.74
1 3 0.29 0.2
1 4 0.03 0.89
1 6 0.79 0.27
1 7 0.32 0.35
1 9 0.82 1
2 3 0.37 0.12
2 5 0.96 0.62
3 4 0.72 0.08
3 5 0.95 0.23
3 6 0.09 0.33
3 7 0.21 0.03
3 8 0.06 0.16
3 10 0.14 0.16
3 11 0.98 0.24
3 12 0.29 0.01
4 10 0.74 0.33
4 11 0.83 0.63
4 13 0.58 0.6
4 15 0.16 0.19
5 9 0.95 0.56
5 13 0.84 0.53
5 14 0.8 0.15
6 7 0.18 0.75
6 12 0.72 0.94
6 13 0.42 0.41
6 14 0.83 0.56
6 15 1 0.38
7 8 0.49 0.8
7 9 0.17 0.47
10 11 0.3 0.21
11 14 0.35 0.44
