0 1 0.64 0.52
0 2 0.62 0.25
0 3 0.59 0.76
0 4 0.22 0.84
0 5 0.82 0.65
0 8 0.99 0.97
0 9 0.17 0.02
0 10 0.78 0.65
0 12 0.92 0.71
0 13 0.74 0.26
0 15 0.24 0.27
1 2 0.21 0.46
1 3 0.71 0.64
1 4 0.02 0.44
1 5 0.39 0.36
1 6 0.95 0.81
1 7 0.1 0.43
1 10 0.42 0.72
1 12 0.71 0.39
2 3 0.91 1
2 4 0.11 0.62
2 5 0.1 0.09
2 6 0.02 0.49
2 7 0.5 0.8
2 8 0.02 0.12
2 13 0.17 0.78
2 14 0.9 0.24
3 4 0.91 0.81
3 11 0.25 0.96
3 13 0.88 0.4
3 14 0.06 0.15
3 15 0.13 0.99
4 5 0.79 0.47
4 6 0.37 0.13
4 7 0.86 0.75
4 9 0.7 0.75
4 11 0.29 0.85
5 6 0.54 0.94
5 7 0.23 0.34
5 9 0.42 0.47
6 8 0.3 0.54
6 10 0.58 0.46
6 13 0.86 0.71
7 8 0.65 0.77
7 9 0.61 0.86
7 10 0.82 0.22
7 14 0.12 0.72
8 11 0.66 0.44
8 12 1 0.02
9 11 0.25 0.39
10 15 0.84 0.65
11 12 0.81 0.76
11 15 0.73 0.05
13 14 0.57 0.74
