0 1 0.17 0.22
0 2 0.69 0.9
0 3 1 0.76
0 4 0.45 0.45
0 5 0.24 0.44
0 8 0.89 0.47
0 9 0.47 0.52
0 10 0.32 0.85
0 12 0.06 0.05
0 13 0.03 0.4
0 15 0.63 0.27
1 2 0.73 0.11
1 3 0.54 0.21
1 4 0.41 0.99
1 5 0.96 0.24
1 6 0.01 0.22
1 7 0.02 0.53
1 10 0.83 0.32
1 12 0.56 0.59
2 3 0.91 0.45
2 4 0.1 0.6
2 5 0.06 0.61
2 6 0.02 0.75
2 7 0.62 0.53
2 8 0.74 0.48
2 13 0.55 0.76
2 14 0.82 0.24
3 4 0.41 0.08
3 11 0.98 0.37
3 13 0.97 0.24
3 14 0.18 0.83
3 15 0.18 0.49
4 5 0.47 0.79
4 6 0.79 0.17
4 7 0.92 0.81
4 9 0.92 0.69
4 11 0.97 0.94
5 6 0.33 0.72
5 7 0.79 0.54
5 9 0.17 0.04
6 8 0.31 0.55
6 10 0.9 0.78
6 13 0.14 0.07
7 8 0.65 0.91
7 9 0.26 0.44
7 10 0.85 0.78
7 14 0.71 0.37
8 11 0.26 0.41
8 12 0.07 0.4
9 11 0.11 0.31
10 15 0.15 0.79
11 12 0.98 0.19
11 15 0.66 0.11
13 14 0.5 0.26
