0 1 0.65 0.17
0 2 0.81 0.32
0 3 0.13 0.53
0 4 1 0.83
0 9 0.99 0.25
0 14 0.25 0.49
1 2 0.52 0.86
1 3 0.81 0.85
1 4 0.25 0.47
1 5 0.8 0.17
1 6 0.97 0.18
1 7 0.51 0.59
1 8 0.41 0.45
1 11 0.55 0.79
1 13 0.31 0.05
1 14 0.77 0.87
2 3 0.12 0.99
2 6 0.95 0.06
2 8 0.63 0.46
2 12 0.52 0.29
3 4 0.43 0.41
3 5 0.75 0.03
3 6 0.05 0.17
3 9 0.5 0.52
3 10 0.47 0.35
3 12 0.09 0.77
4 5 0.77 0.46
4 8 0.45 0.15
4 9 0.91 0.71
4 10 0.56 0.81
4 13 0.81 0.75
4 14 0.5 0.07
5 7 0.82 0.37
5 15 0.23 0.4
6 7 0.38 0.36
6 10 0.64 0.39
6 11 0.54 0.3
6 12 0.75 0.46
6 15 0.18 0.73
7 15 0.39 0.7
9 13 0.99 0.18
10 11 0.69 0.08
