0 1 0.97 0.7
0 2 0.02 0.5
0 3 0.28 0.7
0 4 0.08 0.78
0 5 0.65 0.36
0 6 0.12 0.61
0 7 0.96 0.41
0 11 0.4 0.76
1 2 0.92 0.17
1 3 0.78 0.63
1 4 0.26 0.65
1 5 0.6 0.27
1 6 0.67 0.24
1 7 0.81 0.68
1 8 0.9 0.15
1 9 0.72 1
1 11 0.27 0.2
1 12 0.14 0.39
2 3 0.92 0.38
2 4 0.8 0.8
2 5 0.43 0.75
2 6 0.55 0.37
2 7 0.29 0.91
2 9 0.91 0.41
2 10 0.83 0.05
2 15 0.93 0.1
3 4 0.11 0.04
3 5 0.78 0.05
3 6 0.09 0.5
3 8 0.77 0.92
3 10 0.35 0.25
3 11 0.4 0.64
3 12 0.5 0.89
3 14 0.32 0.94
4 12 0.4 0.51
5 7 0.63 0.85
5 8 0.3 0.34
5 9 0.84 0.09
5 10 0.49 0.41
6 12 0.7 0.3
6 14 0.05 0.22
7 8 0.19 0.69
7 9 0.33 0.1
7 10 0.85 0.32
7 11 0.17 0.12
7 15 0.89 0.7
8 13 0.53 0.9
8 14 0.64 0.25
8 15 0.14 0.91
10 13 0.98 0.18
11 13 0.79 0.37
11 15 0.92 0.47
12 13 0.61 0.42
13 14 0.73 0.82
