0 1 0.23 0.4
0 2 0.93 0.05
0 3 0.45 0.74
0 4 0.84 0.72
0 5 0.23 0.98
0 6 0.46 0.84
0 8 0.55 0.38
0 10 0.35 0.55
0 12 0.18 0.54
0 15 0.94 0.19
1 2 0.78 0.32
1 3 0.08 0.62
1 4 0.75 0.24
1 6 0.19 0.52
1 7 0.91 0.75
1 9 0.99 0.88
2 3 0.1 0.24
2 5 0.56 0.77
3 4 1 0.51
3 5 0.27 0.82
3 6 0.15 0.28
3 7 0.37 0.21
3 8 0.91 0.12
3 10 0.81 0.23
3 11 0.35 0.6
3 12 0.21 0.17
4 10 0.75 0.1
4 11 0.13 0.13
4 13 0.76 0.53
4 15 0.48 0.12
5 9 0.64 0.35
5 13 0.44 0.06
5 14 0.28 0.15
6 7 0.74 0.67
6 12 0.57 0.37
6 13 0.54 1
6 14 0.73 0.93
6 15 0.94 0.73
7 8 0.51 0.26
7 9 0.91 0.41
10 11 0.99 0.16
11 14 0.14 0.81
