0 1 0.19 0.96
0 2 0.85 0.63
0 3 0.09 0.61
0 4 0.23 0.29
0 5 0.62 0.64
0 6 0.66 0.71
0 7 0.97 0.83
0 9 0.8 0.67
0 10 0.49 0.24
0 11 0.97 0.25
0 12 0.75 0.94
0 13 0.77 0.43
1 2 0.59 0.17
1 3 0.87 0.33
1 4 0.76 0.08
1 6 0.2 0.56
1 7 0.23 0.58
1 8 0.08 0.38
1 12 0.26 0.55
1 13 0.01 0.62
2 3 0.46 0.69
2 4 0.65 0.64
2 5 0.14 0.42
2 6 0.78 0.14
2 7 0.22 0.02
2 8 0.48 0.14
2 9 0.39 0.7
2 10 0.83 0.07
2 13 0.5 0.83
2 14 0.19 0.51
3 4 0.77 0.19
3 5 0.75 0.27
3 10 0.5 0.7
3 11 0.64 0.54
3 12 0.64 0.81
3 14 0.6 0.19
3 15 0.69 0.51
4 5 0.99 0.77
4 6 0.91 0.36
4 7 0.07 0.6
4 9 0.44 0.44
4 12 0.6 0.61
4 14 0.96 0.65
4 15 0.19 0.79
5 8 0.43 0.11
5 9 0.83 0.15
5 13 0.27 0.85
6 8 0.24 0.74
6 15 0.82 0.7
7 11 0.41 0.07
7 14 0.69 0.32
9 10 0.61 1
9 15 0.42 0.35
10 11 0.88 0.64
