0 1 0.11 0.11
0 2 0.59 0.6
0 3 0.29 0.96
0 4 0.44 0.9
0 7 0.18 0.71
1 2 0.94 0.11
1 3 0.76 0.09
1 4 0.49 0.7
1 5 0.07 0.58
1 6 0.02 0.39
1 10 0.06 0.26
1 12 0.46 0.17
2 3 0.33 0.38
2 4 0.23 0.4
2 7 0.6 0.28
2 9 0.05 0.54
2 10 0.72 0.8
2 11 0.93 0.61
2 12 0.63 0.79
3 5 0.9 0.81
3 6 0.56 0.6
3 8 0.29 0.67
3 11 0.12 0.38
3 12 0.9 0.09
3 15 0.22 0.95
4 5 0.9 0.98
4 6 0.16 0.43
4 8 0.93 0.86
4 11 0.62 0.95
4 14 0.7 0.2
5 14 0.62 0.11
6 7 0.65 0.25
6 8 0.95 0.93
6 9 0.8 0.95
6 10 0.01 0.66
6 13 0.27 0.6
6 15 0.28 0.08
7 9 0.98 0.15
7 14 0.1 0.33
11 13 0.94 0.81
12 13 0.91 0.81
12 15 0.35 0.1
