0 1 0.78 0.37
0 2 0.71 0.95
0 3 0.75 0.29
0 4 0.58 0.38
0 5 0.72 0.48
0 6 0.86 0.85
0 8 0.15 0.01
0 10 0.69 0.71
0 12 0.3 0.04
0 15 0.07 0.12
1 2 0.37 0.32
1 3 0.32 0.98
1 4 0.12 0.39
1 6 0.75 0.37
1 7 0.14 0.83
1 9 0.08 0.16
2 3 0.39 0.9
2 5 0.9 0.02
3 4 0.69 0.64
3 5 0.05 0.36
3 6 0.23 0.56
3 7 0.02 0.08
3 8 0.36 0.52
3 10 0.47 0.5
3 11 0.15 0.19
3 12 0.89 0.74
4 10 0.74 0.28
4 11 0.03 0.11
4 13 0.54 0.36
4 15 0.3 0.4
5 9 0.73 0.33
5 13 0.36 0.87
5 14 0.9 0.33
6 7 0.64 0.45
6 12 0.07 0.06
6 13 0.89 0.33
6 14 0.15 0.68
6 15 0.21 0.71
7 8 0.83 0.34
7 9 0.04 0.62
10 11 0.26 0.98
11 14 0.09 0.61
