0 1 0.44 0.91
0 2 0.18 0.48
0 3 0.11 0.41
0 4 0.65 0.13
0 10 0.1 0.53
0 11 0.76 0.87
0 12 0.1 0.82
0 13 0.45 0.09
0 14 0.61 0.8
0 15 0.84 0.36
1 2 0.92 0.47
1 3 0.82 0.69
1 5 0.67 0.32
1 6 0.97 0.82
1 8 0.54 0.38
1 9 0.75 0.28
1 11 0.27 0.67
1 13 0.63 0.22
2 3 0.65 0.3
2 4 0.38 0.54
2 7 0.84 0.27
2 8 0.12 0.51
2 15 0.74 0.08
3 4 0.87 0.96
3 5 0.79 0.76
3 6 0.21 0.47
3 7 0.94 0.51
3 10 0.93 0.18
3 12 0.54 0.63
3 14 0.72 0.11
3 15 0.8 0.12
4 5 0.27 0.33
4 6 0.89 0.07
4 7 0.47 0.52
4 11 0.8 0.03
4 13 0.61 0.39
6 9 0.67 0.94
6 12 0.63 0.18
6 14 0.77 0.71
7 8 0.29 0.84
7 9 0.63 0.62
7 10 0.14 0.21
