0 1 0.37 0.62
0 2 0.69 0.9
0 3 0.57 1
0 4 0.61 0.26
0 9 0.26 0.37
0 14 0.5 0.37
1 2 0.54 0.95
1 3 0.97 0.45
1 4 0.12 0.52
1 5 0.49 0.32
1 6 0.36 0.71
1 7 0.71 0.58
1 8 0.04 0.36
1 11 0.8 0.51
1 13 0.92 0.54
1 14 0.18 0.96
2 3 0.93 0.2
2 6 0.13 0.75
2 8 0.97 0.76
2 12 0.03 0.96
3 4 0.47 0.77
3 5 0.5 0.91
3 6 0.38 0.21
3 9 0.4 0.25
3 10 0.29 0.48
3 12 0.43 0.31
4 5 0.3 0.75
4 8 0.06 0.83
4 9 0.63 0.95
4 10 0.27 0.47
4 13 0.38 0.47
4 14 0.06 0.79
5 7 0.26 0.6
5 15 0.69 0.78
6 7 0.04 0.94
6 10 0.13 0.66
6 11 0.98 0.54
6 12 0.97 0.71
6 15 0.39 0.91
7 15 0.41 0.71
9 13 0.13 0.88
10 11 0.06 0.19
