0 1 0.72 0.1
0 2 0.11 0.95
0 3 0.54 0.53
0 4 0.26 0.59
0 5 0.68 0.55
0 6 0.97 0.38
0 7 0.53 0.02
0 8 0.89 0.84
0 10 0.63 0.68
0 12 0.85 0.15
0 14 0.33 0.04
1 2 0.77 0.77
1 3 0.5 0.22
1 4 0.79 0.88
1 10 0.22 0.88
1 11 0.26 0.66
2 3 0.47 0.35
2 4 0.23 0.75
2 5 0.11 0.84
2 6 0.26 0.71
2 7 0.16 0.29
2 8 0.66 0.66
2 10 0.56 0.36
2 11 0.75 0.83
2 13 0.5 0.18
2 14 0.78 0.96
3 4 0.35 0.13
3 5 0.42 0.38
3 6 0.81 0.4
3 7 0.97 0.4
3 9 0.45 0.64
3 13 0.56 0.86
3 15 0.84 0.03
4 5 0.41 0.35
4 6 0.76 0.72
4 8 0.72 0.36
4 9 0.12 0.4
4 10 0.31 0.69
4 14 0.39 0.34
5 7 0.41 0.4
6 9 0.13 0.87
6 11 0.18 0.01
7 8 0.39 0.82
7 9 0.18 0.56
8 11 0.74 0.28
8 12 0.17 0.35
8 13 0.71 0.28
8 15 0.85 0.39
9 12 0.71 0.62
9 15 1 0.64
10 13 0.58 0.22
11 12 0.1 1
12 15 0.99 0.85
13 14 0.12 0.93
