0 1 0.78 0.44
0 2 0.21 0.22
0 3 0.19 0.16
0 4 0.51 0.57
0 5 0.29 0.39
0 7 0.45 0.69
0 8 0.5 0.64
0 10 0.64 0.97
0 12 0.21 0.95
0 14 0.46 0.39
1 2 0.13 0.32
1 3 0.23 0.85
1 4 0.39 0.04
1 5 0.32 0.58
1 6 0.77 0.67
1 10 0.63 0.53
2 3 0.41 0.79
2 4 0.98 0.36
2 5 0.43 0.25
2 6 0.73 0.23
2 7 0.75 0.47
2 8 0.74 0.04
2 9 0.88 0.77
2 10 0.87 0.8
2 11 0.63 0.71
2 13 0.37 0.61
2 14 0.93 0.74
2 15 0.75 0.85
3 4 0.6 0.87
3 5 0.36 0.41
3 6 0.2 0.57
3 7 0.13 0.59
3 8 0.36 0.6
3 9 0.88 0.34
3 11 0.31 0.69
3 12 0.94 0.71
4 9 0.45 0.25
4 15 0.31 0.67
5 6 0.86 0.16
5 11 0.73 0.27
5 13 0.25 0.87
6 7 0.49 0.36
6 8 0.67 0.75
6 9 0.83 0.47
6 14 0.9 0.18
7 12 0.06 0.13
8 10 0.21 0.97
8 13 0.49 0.49
9 11 0.35 0.59
9 13 0.63 0.54
9 15 0.52 0.28
10 14 0.77 0.89
10 15 0.09 0.78
11 12 0.3 0.79
