0 1 0.83 0.45
0 2 0.4 0.28
0 3 0.92 0.86
0 4 0.93 0.12
0 5 0.32 0.93
0 6 0.32 0.71
0 7 0.42 0.03
0 8 0.23 1
0 10 0.5 0.05
0 12 0.73 0.91
0 14 0.09 0.83
1 2 0.12 0.97
1 3 0.39 0.41
1 4 0.12 0.77
1 10 0.41 0.51
1 11 0.4 0.22
2 3 0.38 0.6
2 4 0.55 0.04
2 5 0.96 1
2 6 0.06 0.01
2 7 0.14 0.38
2 8 0.9 0.61
2 10 0.13 0.01
2 11 0.61 0.99
2 13 0.55 0.95
2 14 0.97 0.28
3 4 0.99 0.28
3 5 0.87 0.19
3 6 0.48 0.37
3 7 0.49 0.77
3 9 0.32 0.64
3 13 0.78 0.83
3 15 0.75 0.65
4 5 0.32 0.86
4 6 0.75 0.01
4 8 0.48 0.12
4 9 0.75 0.48
4 10 0.47 0.29
4 14 0.43 0.18
5 7 0.84 0.62
6 9 0.18 0.72
6 11 0.96 0.83
7 8 0.01 0.32
7 9 0.23 0.77
8 11 0.72 0.23
8 12 0.45 0.88
8 13 0.17 0.19
8 15 0.53 0.22
9 12 0.46 0.58
9 15 0.48 0.05
10 13 0.52 0.34
11 12 0.93 0.33
12 15 0.15 0.53
13 14 0.66 0.19
