0 1 0.49 0.57
0 2 0.17 0.98
0 3 0.12 0.37
0 4 0.2 0.3
0 5 0.67 0.53
0 6 0.21 0.57
0 7 1 0.26
0 8 0.85 0.01
0 9 0.28 0.85
0 11 0.25 0.49
0 13 0.32 0.08
0 15 0.24 0.69
1 2 0.58 0.6
1 3 0.41 0.13
1 4 0.95 0.56
1 5 0.2 0.86
1 6 0.03 0.62
1 10 0.03 0.46
1 14 0.13 0.87
1 15 0.67 0.08
2 3 0.44 0.46
2 4 0.62 0.22
2 5 0.24 0.91
2 7 0.13 0.04
2 8 0.67 0.84
2 9 0.39 0.42
2 11 0.54 0.03
2 12 0.54 0.09
2 15 0.65 0.48
3 4 0.2 0.21
3 5 0.28 0.57
3 6 0.48 0.73
3 9 0.52 0.28
3 13 0.56 0.39
4 5 0.01 0.83
4 6 0.14 0.23
4 7 0.99 0.09
4 8 0.64 0.1
4 9 0.5 0.74
4 10 0.84 0.33
4 11 0.73 0.52
4 12 0.34 0.81
4 15 0.19 0.63
5 6 0.41 0.85
5 7 0.36 0.78
5 8 0.12 0.6
5 12 0.92 0.07
5 14 0.84 0.86
6 7 0.94 0.91
6 10 0.62 0.8
6 11 0.98 0.96
6 12 0.1 0.31
6 13 0.27 0.88
7 8 0.62 0.56
7 9 0.18 0.8
7 10 0.57 0.12
7 11 0.69 0.75
7 14 1 0.18
8 10 0.79 0.59
10 14 0.87 0.09
10 15 0.99 0.3
11 12 0.7 0.07
11 13 0.37 0.27
11 14 0.22 0.53
12 13 0.71 0.88
