0 1 0.94 0.7
0 2 0.64 0.63
0 3 0.34 0.83
0 4 0.8 0.49
0 5 0.89 0.99
0 7 0.73 0.24
0 8 0.44 0.94
0 10 0.21 0.23
0 11 0.15 0.56
0 13 0.57 0.88
0 14 0.55 0.83
0 15 0.34 0.37
1 2 0.55 0.22
1 3 0.5 0.2
1 4 0.75 0.61
1 5 0.58 0.47
1 6 0.96 0.68
1 7 0.27 0.28
1 9 0.84 0.35
1 10 0.73 0.31
1 11 0.54 0.66
1 13 0.83 0.99
1 14 0.92 0.95
2 3 0.52 0.36
2 4 0.54 0.51
2 5 0.53 0.34
2 8 0.26 0.16
2 9 0.88 0.77
2 11 0.15 0.44
3 4 0.76 0.23
3 5 0.26 0.21
3 6 0.89 0.39
3 7 0.22 0.94
4 6 0.09 0.23
4 8 0.81 0.86
4 10 0.31 0.37
5 6 0.11 0.07
5 8 0.66 0.87
5 9 0.99 0.93
5 11 0.82 0.5
5 12 0.25 0.23
6 7 0.31 0.78
6 12 0.46 0.85
6 13 0.5 0.84
6 14 0.31 0.68
6 15 0.71 0.95
7 9 0.83 0.97
7 10 0.48 0.1
7 12 0.15 0.45
8 14 0.95 0.73
9 13 0.22 0.98
11 12 0.24 0.88
12 15 0.73 0.64
14 15 0.28 0.89
