0 1 0.87 0.38
0 2 0.91 0.19
0 3 0.71 0.74
0 4 0.66 0.58
0 5 0.31 0.61
0 6 0.52 0.72
0 7 0.8 0.98
0 8 0.16 0.77
0 10 0.76 0.4
0 12 0.29 0.68
0 13 0.34 0.19
0 14 0.23 0.59
0 15 0.44 0.44
1 2 0.19 0.87
1 3 0.91 0.97
1 4 0.24 0.48
1 5 0.09 0.46
1 6 0.54 0.96
1 7 0.34 0.18
1 8 0.8 0.14
1 12 0.42 0.68
1 13 0.52 0.12
1 15 0.59 0.36
2 3 0.39 0.23
2 4 0.55 0.87
2 5 0.92 0.62
2 8 0.48 0.65
2 9 0.76 0.37
2 15 0.52 0.74
3 4 0.15 0.34
3 6 0.51 0.72
3 9 0.77 0.44
3 11 0.81 0.6
3 14 0.97 0.38
4 5 0.38 0.92
4 6 0.98 0.91
4 7 0.17 0.8
4 9 0.01 0.42
4 11 0.77 0.7
4 12 0.06 0.15
4 15 0.97 0.7
5 8 0.91 0.81
5 10 0.47 0.27
5 11 0.21 0.48
5 13 0.36 0.81
6 7 0.01 0.16
6 9 0.59 0.84
6 10 0.95 0.44
6 11 0.28 0.99
6 14 0.96 0.42
8 12 0.94 0.82
9 10 0.28 0.7
9 13 1 0.39
10 14 0.43 0.59
