0 1 0.66 0.36
0 2 0.07 0.16
0 3 0.57 0.9
0 4 0.08 0.6
0 5 0.56 0.61
0 6 0.93 0.86
0 7 0.78 0.84
0 8 0.74 0.7
0 10 0.17 0.3
0 12 0.44 0.38
0 14 0.87 0.21
1 2 0.87 0.51
1 3 0.53 1
1 4 0.52 0.93
1 10 0.72 0.53
1 11 0.39 0.64
2 3 0.6 0.84
2 4 0.8 0.76
2 5 0.31 0.11
2 6 0.57 0.45
2 7 0.9 0.43
2 8 0.79 0.39
2 10 0.11 0.94
2 11 0.58 0.85
2 13 0.85 0.45
2 14 0.51 0.96
3 4 0.68 0.3
3 5 0.12 0.29
3 6 0.53 0.83
3 7 0.42 0.6
3 9 0.46 0.47
3 13 0.56 0.79
3 15 0.71 0.87
4 5 0.41 0.4
4 6 0.09 0.73
4 8 0.38 0.34
4 9 0.37 0.91
4 10 0.38 0.39
4 14 0.74 0.38
5 7 0.14 0.07
6 9 0.78 0.74
6 11 0.89 0.08
7 8 0.36 0.86
7 9 0.17 0.25
8 11 0.68 0.68
8 12 0.49 0.31
8 13 0.34 0.3
8 15 0.74 0.65
9 12 0.22 0.33
9 15 0.88 0.12
10 13 0.26 0.54
11 12 0.79 0.24
12 15 0.7 1
13 14 0.43 0.66
