0 1 0.76 0.48
0 2 0.14 0.78
0 3 0.94 0.87
0 4 0.95 0.69
0 9 0.89 0.58
0 14 0.67 0.45
1 2 0.17 0.98
1 3 0.76 0.56
1 4 0.58 0.43
1 5 0.16 0.55
1 6 0.8 0.48
1 7 0.45 0.33
1 8 0.69 0.43
1 11 0.26 0.66
1 13 0.26 0.88
1 14 0.27 0.86
2 3 0.45 0.58
2 6 0.24 0.72
2 8 0.62 0.01
2 12 0.51 0.78
3 4 0.47 0.65
3 5 0.13 0.72
3 6 0.95 0.86
3 9 0.74 0.46
3 10 0.77 0.21
3 12 0.11 0.03
4 5 1 0.96
4 8 0.66 0.94
4 9 0.25 0.29
4 10 0.67 0.94
4 13 0.02 0.11
4 14 0.24 0.14
5 7 0.05 0.55
5 15 0.58 0.86
6 7 0.94 0.12
6 10 0.66 0.28
6 11 0.24 0.55
6 12 0.83 0.7
6 15 0.31 0.75
7 15 0.38 0.79
9 13 0.7 0.37
10 11 0.53 0.34
