0 1 0.62 0.62
0 2 0.24 0.05
0 3 0.67 0.49
0 4 0.19 0.71
0 5 0.85 0.08
0 7 0.22 0.95
0 8 0.15 0.59
0 9 0.36 0.54
0 10 0.86 0.46
0 12 0.79 0.78
0 15 0.97 0.16
1 2 0.27 0.84
1 3 0.85 0.87
1 4 0.55 0.6
1 5 0.7 1
1 6 0.95 0.01
1 8 0.01 0.56
1 11 0.97 0.06
1 12 0.86 0.66
2 3 0.8 0.79
2 4 0.09 0.13
2 5 0.83 0.92
2 6 1 0.29
2 7 0.15 0.54
3 4 0.27 0.46
3 7 0.32 0.52
3 9 0.78 0.78
3 10 0.8 0.25
3 12 0.11 0.21
3 13 0.34 0.7
3 14 0.84 0.25
4 5 0.17 0.93
4 6 0.69 0.05
4 8 0.23 0.91
4 9 0.64 0.73
4 14 0.6 0.23
4 15 0.93 0.79
5 6 0.59 0.8
5 12 0.07 0.53
6 7 0.18 1
6 8 0.56 0.65
6 11 0.01 0.21
6 13 0.19 0.64
6 14 0.29 0.65
6 15 0.35 0.27
7 9 0.14 0.48
7 10 0.72 0.39
7 11 0.68 0.25
7 15 0.32 0.06
9 10 0.06 0.32
9 11 0.56 0.83
10 13 0.26 1
12 13 0.91 0.02
12 14 0.72 0.64
