0 1 0.61 0.54
0 2 0.49 0.06
0 3 0.78 0.21
0 4 0.5 0.61
0 6 0.05 0.2
0 7 0.14 0.87
0 9 0.87 0.14
0 11 1 0.98
0 12 0.21 0.09
0 13 0.97 0.21
0 14 0.44 0.84
1 2 0.78 0.15
1 3 0.22 0.22
1 4 0.06 0.52
1 5 0.96 0.99
1 8 0.96 0.49
1 9 0.08 0.13
2 3 0.06 0.63
2 4 0.39 0.9
2 10 0.42 0.88
2 14 0.57 0.92
3 5 0.27 0.54
3 6 0.56 0.77
3 7 0.91 0.04
3 10 0.12 0.75
3 11 0.59 0.97
3 13 0.45 0.13
4 5 0.25 0.08
4 10 0.48 0.8
4 15 0.72 0.43
5 6 0.65 0.3
5 12 0.25 0.91
6 7 0.53 0.18
6 8 0.37 0.43
6 11 0.19 0.4
7 8 0.78 0.94
7 9 0.59 0.96
7 12 0.59 0.05
7 13 0.43 0.16
7 14 0.37 0.64
8 15 0.67 0.07
11 15 0.45 0.84
