0 1 0.63 0.27
0 2 0.4 0.13
0 3 0.45 0.14
0 4 0.65 0.58
0 5 0.31 0.09
0 6 0.74 0.56
0 7 0.38 0.12
0 8 0.85 0.83
0 9 0.97 0.24
0 11 0.6 0.37
0 13 0.09 0.74
0 15 0.05 1
1 2 0.3 0.49
1 3 0.82 0.14
1 4 0.17 0.17
1 5 0.79 0.83
1 6 0.53 0.66
1 10 0.9 0.06
1 14 0.38 0.51
1 15 0.76 0.94
2 3 0.24 0.33
2 4 0.63 0.33
2 5 0.74 0.24
2 7 0.02 0.74
2 8 0.83 0.29
2 9 1 0.13
2 11 0.32 0.18
2 12 0.17 0.13
2 15 0.42 0.53
3 4 0.14 0.09
3 5 0.64 0.54
3 6 0.92 0.7
3 9 0.55 0.6
3 13 0.62 0.43
4 5 0.25 0.3
4 6 0.27 0.64
4 7 0.68 0.52
4 8 0.85 0.53
4 9 0.63 0.72
4 10 0.34 0.84
4 11 0.22 0.36
4 12 0.93 0.81
4 15 0.3 0.38
5 6 0.36 0.76
5 7 0.76 0.88
5 8 0.58 0.98
5 12 0.25 0.14
5 14 0.96 0.98
6 7 0.8 0.81
6 10 0.8 0.23
6 11 1 0.46
6 12 0.1 0.96
6 13 0.8 0.34
7 8 0.77 0.16
7 9 0.36 0.94
7 10 0.49 0.58
7 11 0.06 0.68
7 14 0.84 0.78
8 10 1 0.23
10 14 0.68 0.24
10 15 0.99 0.03
11 12 0.93 0.83
11 13 0.06 0.32
11 14 0.33 0.98
12 13 0.65 0.56
