0 1 0.56 0.6
0 2 0.65 0.81
0 3 0.87 0.09
0 4 0.12 0.88
0 5 0.14 0.62
0 6 0.25 0.46
0 7 0.54 0.41
0 9 0.63 0.9
0 10 0.19 0.72
0 11 0.3 0.23
0 12 0.61 0.35
0 13 0.32 0.81
1 2 0.95 0.14
1 3 0.7 0.55
1 4 0.42 0.26
1 6 0.16 0.64
1 7 0.56 0.24
1 8 0.7 0.43
1 12 0.08 0.54
1 13 0.72 0.71
2 3 0.76 0.63
2 4 0.1 0.88
2 5 0.07 0.29
2 6 0.94 0.78
2 7 0.07 1
2 8 0.78 0.62
2 9 0.56 0.66
2 10 0.39 0.71
2 13 0.68 0.53
2 14 0.72 0.29
3 4 0.7 0.09
3 5 0.95 0.96
3 10 0.36 0.66
3 11 0.16 0.02
3 12 0.63 0.8
3 14 0.7 0.97
3 15 0.85 0.56
4 5 0.46 0.22
4 6 0.18 0.14
4 7 0.59 0.47
4 9 0.41 0.2
4 12 0.38 0.13
4 14 0.58 0.14
4 15 0.16 0.89
5 8 0.85 0.93
5 9 0.02 0.76
5 13 0.03 0.3
6 8 0.28 0.37
6 15 0.85 0.53
7 11 0.59 0.54
7 14 0.96 0.76
9 10 0.83 0.66
9 15 0.81 0.11
10 11 0.92 0.26
