0 1 0.09 0.69
0 2 0.01 0.36
0 3 0.46 0.53
0 4 0.04 0.26
0 5 0.12 0.27
0 6 0.74 0.26
1 2 0.35 0.58
1 3 0.53 0.51
1 4 0.74 0.91
1 5 0.5 0.05
1 6 0.19 0.5
1 9 0.32 0.19
1 11 0.06 0.59
1 12 0.78 0.03
2 3 0.26 0.18
2 7 0.06 0.8
2 10 0.4 0.23
2 11 0.46 0.66
2 12 0.08 0.37
3 4 0.89 0.89
3 5 0.02 0.06
3 8 0.8 0.59
3 10 0.08 0.5
3 13 0.19 0.38
4 6 0.15 0.68
4 8 0.19 0.09
5 7 0.66 0.05
5 9 0.22 0.74
5 10 0.98 0.32
5 13 0.1 0.7
5 14 0.14 0.59
5 15 0.13 0.55
6 7 0.16 0.12
6 8 0.41 0.77
6 11 0.8 0.59
6 14 0.7 0.93
8 9 0.6 0.04
8 12 0.91 0.61
8 14 0.8 0.88
8 15 0.57 0.36
9 13 0.41 0.5
9 15 0.25 0.82
