0 1 0.81 0.19
0 2 0.74 0.65
0 3 0.38 0.73
0 4 0.99 0.04
0 5 0.15 0.04
0 6 0.78 0.71
0 8 0.81 0.91
0 9 0.83 0.47
0 10 0.67 0.2
1 2 0.47 0.45
1 3 0.48 0.15
1 4 0.93 0.46
1 7 0.62 0.06
1 8 0.79 0.29
1 9 0.37 0.43
1 10 0.14 0.59
1 11 0.22 0.11
1 13 0.31 0.39
2 3 0.51 0.92
2 4 0.33 0.96
2 5 1 0.99
2 6 0.85 0.57
2 7 0.28 0.34
2 11 0.49 0.83
3 4 0.02 0.01
3 5 0.15 0.2
3 6 0.32 0.18
4 5 0.68 0.36
4 7 0.82 0.95
4 8 0.45 0.28
4 9 0.61 0.31
4 11 0.32 0.26
4 12 0.83 0.16
4 14 0.89 0.31
5 6 0.68 0.31
5 7 0.92 0.48
5 10 0.82 0.28
5 15 0.72 0.6
6 11 0.21 0.41
6 12 0.95 0.23
6 15 0.73 0.35
7 8 0.04 0.92
7 12 0.09 0.33
7 13 0.82 0.62
7 14 0.4 0.52
7 15 0.88 0.13
8 9 0.54 0.37
8 10 0.07 0.56
9 12 0.78 0.13
9 13 0.79 0.39
10 15 0.24 0.92
11 13 0.08 0.46
12 14 0.1 0.13
13 14 0.15 0.99
