0 1 0.18 0.95
0 2 0.38 0.78
0 3 0.89 0.99
0 4 0.67 0.03
0 9 0.71 0.61
0 14 0.52 0.48
1 2 0.19 0.23
1 3 0.9 0.7
1 4 0.67 0.19
1 5 0.68 0.18
1 6 0.09 0.89
1 7 0.06 0.41
1 8 0.92 0.8
1 11 0.1 0.62
1 13 0.1 0.06
1 14 0.09 0.22
2 3 0.48 0.44
2 6 0.59 0.26
2 8 0.55 0.33
2 12 0.06 0.01
3 4 0.33 0.38
3 5 0.07 0.83
3 6 0.29 0.66
3 9 0.93 0.84
3 10 0.64 0.88
3 12 0.21 0.06
4 5 0.53 0.15
4 8 0.72 0.22
4 9 0.85 0.79
4 10 0.23 0.49
4 13 0.99 0.7
4 14 0.05 0.05
5 7 0.92 0.73
5 15 1 0.08
6 7 0.3 0.23
6 10 0.48 0.13
6 11 0.91 0.93
6 12 0.12 0.81
6 15 0.69 0.53
7 15 0.83 0.1
9 13 0.21 0.02
10 11 0.61 0.09
