0 1 0.19 0.35
0 2 0.91 0.11
0 3 0.19 0.76
0 4 0.18 0.16
0 5 0.15 0.72
0 6 0.44 0.26
0 7 0.15 0.27
0 11 0.23 0.96
1 2 0.92 0.62
1 3 0.47 0.94
1 4 0.24 0.44
1 5 0.98 0.77
1 6 0.12 0.68
1 7 0.8 0.36
1 8 0.51 0.63
1 9 0.99 0.05
1 11 0.32 0.76
1 12 0.57 0.14
2 3 0.72 0.94
2 4 0.93 0.99
2 5 0.55 0.69
2 6 0.06 0.7
2 7 0.63 0.46
2 9 0.21 0.69
2 10 0.67 0.97
2 15 0.23 0.18
3 4 0.04 0.11
3 5 0.77 0.87
3 6 0.64 0.26
3 8 0.29 0.5
3 10 0.9 0.22
3 11 0.47 0.3
3 12 0.25 0.33
3 14 0.96 0.6
4 12 0.91 0.54
5 7 0.11 0.27
5 8 0.03 0.16
5 9 0.04 0.28
5 10 0.55 0.11
6 12 0.47 0.28
6 14 0.96 0.27
7 8 0.95 0.36
7 9 0.79 0.68
7 10 0.66 0.58
7 11 0.17 0.63
7 15 0.47 0.3
8 13 0.67 0.67
8 14 0.76 0.63
8 15 0.62 0.67
10 13 0.71 0.01
11 13 0.3 0.56
11 15 0.03 0.51
12 13 0.6 0.38
13 14 0.37 0.24
