0 1 0.69 0.5
0 2 0.99 0.4
0 3 0.89 0.19
0 4 0.27 0.44
0 5 0.07 0.66
0 6 0.33 0.64
0 7 0.22 0.92
0 8 0.1 0.25
0 9 0.72 0.6
0 11 0.66 0.28
0 13 0.18 0.98
0 15 0.94 0.56
1 2 0.34 0.29
1 3 0.7 0.3
1 4 0.85 0.13
1 5 0.6 0.55
1 6 0.91 0.25
1 10 0.35 0.91
1 14 0.79 0.64
1 15 0.07 0.67
2 3 0.19 0.97
2 4 0.36 0.4
2 5 0.89 0.54
2 7 0.59 0.84
2 8 0.28 0.73
2 9 0.11 0.5
2 11 0.08 0.85
2 12 0.91 0.12
2 15 0.61 0.32
3 4 0.68 0.61
3 5 0.08 0.96
3 6 0.78 0.43
3 9 0.34 0.14
3 13 0.18 0.81
4 5 0.11 0.17
4 6 0.96 0.15
4 7 0.51 0.02
4 8 0.47 0.96
4 9 0.33 0.35
4 10 0.54 0.95
4 11 0.87 0.95
4 12 0.82 0.6
4 15 0.75 0.61
5 6 0.14 1
5 7 0.71 0.65
5 8 0.65 0.58
5 12 0.1 0.8
5 14 0.82 0.56
6 7 0.49 0.79
6 10 0.75 0.69
6 11 0.36 0.31
6 12 0.49 0.92
6 13 0.49 0.34
7 8 0.84 0.2
7 9 0.28 0.01
7 10 0.58 0.31
7 11 0.79 0.43
7 14 0.8 0.96
8 10 0.79 0.53
10 14 0.67 0.01
10 15 0.52 0.91
11 12 0.82 0.65
11 13 0.03 0.19
11 14 0.09 0.67
12 13 0.74 0.66
