0 1 0.6 0.28
0 2 0.54 0.26
0 3 0.35 0.98
0 4 0.4 0.79
0 5 0.95 0.19
0 6 0.78 0.4
0 7 0.01 0.55
0 8 0.51 0.07
0 9 0.82 0.2
0 11 0.19 0.42
0 13 0.77 0.5
0 14 0.6 0.19
0 15 0.16 0.6
1 2 0.36 0.11
1 3 0.58 0.63
1 4 0.51 0.7
1 5 0.57 0.85
1 11 0.5 0.88
1 12 0.42 0.57
1 14 0.47 0.74
1 15 0.07 0.47
2 3 0.07 0.87
2 4 0.82 0.59
2 6 0.8 0.89
2 7 0.3 0.19
2 13 0.9 0.12
2 14 0.69 0.75
3 4 0.27 0.64
3 5 0.41 0.89
3 6 0.07 0.04
3 8 0.17 0.95
3 9 0.12 0.27
3 15 0.13 0.41
4 5 0.64 0.58
4 6 0.91 0.1
4 7 0.72 0.36
4 10 0.06 0.21
4 12 0.28 0.1
5 7 0.37 0.23
5 8 0.68 0.2
5 9 0.68 0.94
5 10 0.98 0.64
5 11 0.29 0.5
5 12 0.74 0.96
5 13 0.78 0.43
6 9 0.83 0.04
6 10 0.03 1
6 11 0.67 0.62
6 13 0.59 0.11
6 14 0.67 0.26
7 8 0.65 0.81
7 12 0.43 0.81
8 10 0.62 0.38
13 15 0.53 0.81
