0 1 0.66 0.03
0 2 0.24 0.73
0 3 0.62 0.34
0 4 0.7 0.37
0 10 0.6 0.64
0 11 0.67 0.55
0 12 0.69 0.96
0 13 0.44 0.06
0 14 0.21 0.24
0 15 0.58 0.08
1 2 0.49 0.16
1 3 0.85 0.15
1 5 0.86 0.55
1 6 0.71 0.98
1 8 0.36 0.05
1 9 0.42 0.74
1 11 0.08 0.13
1 13 0.81 0.2
2 3 0.35 0.3
2 4 0.11 0.62
2 7 0.91 0.32
2 8 0.79 0.01
2 15 0.42 0.92
3 4 0.64 0.88
3 5 0.59 0.14
3 6 0.49 0.82
3 7 0.18 0.59
3 10 0.45 0.99
3 12 0.43 0.83
3 14 0.7 0.22
3 15 0.74 0.06
4 5 0.26 0.43
4 6 0.17 0.21
4 7 0.62 0.52
4 11 0.07 0.27
4 13 0.16 0.51
6 9 0.6 0.17
6 12 0.06 0.41
6 14 0.19 0.78
7 8 0.55 0.15
7 9 0.19 0.62
7 10 0.8 0.91
