0 1 0.15 0.14
0 2 0.12 0.01
0 3 0.92 0.35
0 4 0.67 0.06
0 5 0.52 0.68
0 6 0.97 0.08
0 7 0.87 0.55
0 8 0.71 0.83
0 10 0.31 0.51
0 12 0.96 0.4
0 13 0.96 0.2
0 15 0.48 0.78
1 2 0.08 0.86
1 3 0.86 0.64
1 4 0.83 0.6
1 5 0.57 0.35
1 7 0.62 0.27
1 11 0.78 0.24
1 12 0.88 0.95
1 13 0.01 0.5
1 14 0.16 0.85
2 3 0.41 0.47
2 4 0.5 0.5
2 5 0.75 0.56
2 6 0.18 0.96
2 9 0.33 0.12
2 11 0.17 0.61
2 12 0.78 0.25
3 4 0.95 0.46
3 5 0.21 0.97
3 6 0.97 0.17
3 8 0.43 0.99
3 9 0.08 0.9
3 11 0.65 0.07
3 13 0.09 0.7
3 14 0.35 0.23
4 6 0.97 0.67
4 7 0.85 0.91
4 8 0.31 0.98
4 9 0.23 0.84
4 10 0.61 0.56
6 7 0.19 0.61
6 10 1 0.83
6 14 0.95 0.74
6 15 0.97 0.31
7 8 0.58 1
7 11 0.27 0.24
7 15 0.89 0.15
8 9 0.31 0.39
8 10 0.29 0.37
8 12 0.32 0.98
8 15 0.9 0.34
12 13 0.67 0.72
12 14 0.81 0.88
