0 1 0.14 0.83
0 2 0.65 0.4
0 3 0.28 0.88
0 4 0.16 0.61
0 6 0.29 0.18
0 7 0.29 0.45
0 9 0.92 0.37
0 11 0.6 0.26
0 12 0.96 0.55
0 13 1 0.77
0 14 0.04 0.62
1 2 0.39 0.98
1 3 0.01 0.28
1 4 0.78 0.62
1 5 0.12 0.52
1 8 0.73 0.8
1 9 0.01 0.57
2 3 0.96 0.67
2 4 0.84 0.2
2 10 0.43 0.21
2 14 0.33 0.97
3 5 0.34 0.03
3 6 0.88 0.97
3 7 0.22 0.38
3 10 0.34 0.51
3 11 0.33 0.63
3 13 0.09 0.97
4 5 0.19 0.93
4 10 0.98 0.22
4 15 0.76 0.24
5 6 0.96 0.19
5 12 0.79 0.15
6 7 0.58 0.11
6 8 0.16 0.77
6 11 0.41 0.51
7 8 0.67 0.23
7 9 0.54 0.86
7 12 0.28 0.33
7 13 0.16 0.88
7 14 0.94 0.53
8 15 0.95 0.57
11 15 0.85 0.41
