0 1 0.83 0.97
0 2 0.78 0.1
0 3 0.59 0.39
0 4 0.05 0.53
0 5 0.64 0.46
0 6 0.22 0.25
0 7 0.37 0.54
0 8 0.31 0.22
0 9 0.17 0.16
0 11 0.29 0.75
0 13 0.97 0.21
0 14 0.19 0.35
0 15 0.53 0.12
1 2 0.86 0.93
1 3 0.63 0.81
1 4 0.33 0.51
1 5 0.46 0.14
1 11 0.72 0.2
1 12 0.23 0.03
1 14 0.55 0.08
1 15 0.68 0.48
2 3 0.79 0.14
2 4 0.73 0.87
2 6 0.69 0.75
2 7 0.48 0.15
2 13 0.61 0.22
2 14 0.62 0.18
3 4 0.92 0.08
3 5 0.8 0.15
3 6 0.23 0.62
3 8 0.99 0.63
3 9 0.36 0.53
3 15 0.41 0.76
4 5 0.35 0.52
4 6 0.94 0.23
4 7 1 0.71
4 10 0.43 0.51
4 12 0.71 0.66
5 7 0.53 1
5 8 0.79 0.61
5 9 0.64 0.64
5 10 0.41 0.6
5 11 0.81 0.13
5 12 0.84 0.25
5 13 0.27 0.35
6 9 0.9 0.4
6 10 0.49 0.91
6 11 0.49 0.14
6 13 0.17 0.26
6 14 0.48 0.25
7 8 0.39 0.9
7 12 0.07 0.11
8 10 0.47 0.1
13 15 0.9 0.82
