0 1 0.82 0.06
0 2 0.73 0.7
0 3 0.38 0.04
0 4 0.24 0.75
0 5 0.49 0.16
0 6 0.93 0.68
0 7 0.58 0.97
0 8 0.63 0.4
0 10 0.98 0.83
0 12 0.03 0.49
0 14 0.41 0.27
1 2 0.3 0.92
1 3 0.23 0.53
1 4 0.22 0.38
1 10 0.67 0.72
1 11 0.43 0.68
2 3 0.19 0.79
2 4 0.46 0.15
2 5 0.79 0.62
2 6 0.89 0.04
2 7 0.92 0.24
2 8 0.92 0.63
2 10 0.19 0.27
2 11 0.05 0.79
2 13 0.38 0.68
2 14 0.69 0.91
3 4 0.58 0.41
3 5 0.16 0.38
3 6 0.06 0.13
3 7 0.88 0.9
3 9 0.68 0.11
3 13 0.2 0.09
3 15 1 0.08
4 5 0.31 0.51
4 6 0.16 0.47
4 8 0.03 0.74
4 9 0.21 0.48
4 10 0.88 0.24
4 14 0.46 0.8
5 7 0.62 0.1
6 9 0.61 0.71
6 11 0.83 0.58
7 8 0.55 0.58
7 9 0.18 0.25
8 11 0.92 0.71
8 12 0.53 0.03
8 13 0.41 0.13
8 15 0.9 0.68
9 12 0.28 0.67
9 15 0.49 0.95
10 13 0.4 0.01
11 12 0.62 0.26
12 15 0.58 0.04
13 14 0.77 0.05
