0 1 0.37 0.8
0 2 0.71 0.19
0 3 0.41 0.58
0 4 0.73 0.03
0 6 0.02 0.91
0 9 0.72 0.86
0 10 0.83 0.59
0 11 0.65 0.69
0 13 0.3 0.68
1 2 0.48 0.74
1 3 0.89 0.23
1 4 0.84 0.46
1 5 0.9 0.7
1 12 0.86 0.71
2 3 0.94 0.36
2 4 0.31 0.71
2 6 0.19 0.19
2 7 0.35 0.77
2 8 0.67 0.46
2 9 0.15 0.93
2 10 0.27 0.06
2 11 0.74 0.4
2 13 0.39 0.78
3 5 0.16 0.95
3 8 0.6 0.3
3 15 0.99 0.85
4 5 0.17 0.76
5 6 0.7 0.54
5 7 0.68 0.55
5 8 0.83 0.26
5 9 0.97 0.29
5 11 0.25 0.04
5 15 0.42 0.31
6 7 0.45 0.9
6 10 0.15 0.55
6 12 0.85 0.11
6 13 0.21 0.56
8 12 0.76 0.78
8 14 0.62 0.08
11 15 0.12 0.08
12 14 0.57 0.68
13 14 0.92 0.87
