0 1 0.81 0.51
0 2 0.7 0.03
0 3 0.55 0.31
0 4 0.02 0.37
0 7 0.27 0.82
0 11 0.23 0.85
0 14 0.67 0.38
1 2 0.94 0.13
1 3 0.73 0.61
1 5 0.45 0.85
1 6 0.28 0.67
1 9 0.53 0.55
2 3 0.67 0.86
2 4 0.31 0.58
2 5 0.08 0.38
2 8 0.95 0.23
2 10 0.7 0.3
2 15 0.94 0.94
3 4 0.21 0.46
3 5 0.94 0.87
3 6 0.35 0.98
3 9 0.16 0.06
3 12 0.62 0.31
3 13 0.31 0.26
3 14 0.13 0.9
4 6 0.3 0.86
4 8 1 0.95
4 11 0.07 0.1
5 7 0.39 0.47
5 10 0.96 0.64
6 7 0.52 0.21
6 8 0.36 0.57
6 11 0.97 0.36
6 12 0.02 0.24
6 14 0.8 0.78
7 9 0.75 0.31
7 12 0.96 0.86
7 13 0.97 0.98
7 15 1 0.79
8 15 0.98 0.83
9 10 0.9 0.09
12 13 0.15 0.34
