0 1 0.44 0.24
0 2 0.3 0.83
0 3 0.43 0.61
0 4 0.08 0.88
0 10 0.34 0.29
0 11 0.64 0.77
0 12 0.56 0.94
0 13 0.06 0.16
0 14 0.99 0.19
0 15 0.51 0.65
1 2 0.15 0.29
1 3 0.96 0.78
1 5 0.38 0.74
1 6 0.15 0.79
1 8 0.6 0.26
1 9 0.43 0.79
1 11 0.9 0.76
1 13 0.12 0.01
2 3 0.77 0.21
2 4 0.84 0.91
2 7 0.43 0.87
2 8 0.91 0.22
2 15 0.77 0.41
3 4 0.55 0.35
3 5 0.54 0.7
3 6 0.07 0.24
3 7 0.13 0.8
3 10 0.48 0.76
3 12 0.07 0.71
3 14 0.7 0.75
3 15 0.04 1
4 5 0.45 0.98
4 6 0.91 0.91
4 7 0.27 0.58
4 11 0.63 0.65
4 13 0.81 0.9
6 9 0.99 0.98
6 12 1 0.82
6 14 0.75 0.22
7 8 0.25 0.57
7 9 0.88 0.32
7 10 0.58 0.49
