0 1 0.66 0.58
0 2 0.23 0.62
0 3 0.13 0.77
0 4 0.35 0.53
0 5 0.05 0.61
0 6 0.67 0.21
0 8 0.69 0.21
0 9 0.23 0.83
0 10 0.8 0.27
1 2 0.69 0.76
1 3 0.1 0.18
1 4 0.55 0.22
1 7 0.11 0.8
1 8 0.24 0.06
1 9 0.94 0.64
1 10 0.93 0.72
1 11 0.14 0.72
1 13 0.01 0.79
2 3 0.73 0.48
2 4 0.12 0.8
2 5 0.08 0.6
2 6 0.76 0.17
2 7 0.58 0.34
2 11 0.9 0.08
3 4 0.52 0.11
3 5 0.7 1
3 6 0.37 0.02
4 5 0.56 0.82
4 7 0.76 0.56
4 8 0.9 0.07
4 9 0.16 0.23
4 11 0.09 0.21
4 12 0.67 0.96
4 14 0.26 0.7
5 6 0.79 0.86
5 7 0.79 0.43
5 10 0.34 0.28
5 15 0.34 0.77
6 11 0.33 0.87
6 12 0.15 0.96
6 15 0.44 0.33
7 8 0.5 0.79
7 12 0.86 0.86
7 13 0.77 0.75
7 14 0.02 0.11
7 15 0.82 0.99
8 9 0.87 0.66
8 10 1 0.97
9 12 0.75 0.91
9 13 0.56 0.83
10 15 0.34 0.49
11 13 0.95 0.23
12 14 0.41 0.66
13 14 0.98 0.44
