0 1 0.75 0.54
0 2 0.21 0.29
0 3 0.84 0.44
0 4 0.31 0.05
0 5 0.34 0.84
0 6 0.09 0.38
0 7 0.45 0.33
0 8 0.28 0.38
0 9 0.55 0.64
0 11 0.87 0.42
0 12 0.59 0.8
0 13 0.71 0.56
0 14 0.35 0.84
0 15 0.79 0.16
1 2 0.23 0.09
1 3 0.37 0.98
1 4 0.79 0.25
1 5 0.65 0.94
1 6 0.48 0.85
1 7 0.55 0.98
1 8 0.21 0.66
1 10 0.41 0.11
1 12 0.81 0.86
1 13 0.59 0.77
2 3 0.74 0.38
2 4 0.94 0.99
2 5 0.27 0.7
2 6 0.61 0.19
2 8 0.31 0.73
2 9 0.24 0.5
2 15 0.86 0.99
3 4 1 0.22
3 7 0.39 0.9
3 10 0.72 0.2
3 13 0.6 0.7
3 15 0.04 0.17
4 5 0.21 0.44
4 6 0.55 0.94
4 8 0.54 0.33
5 7 0.5 0.02
5 9 0.14 0.29
5 10 0.26 0.94
5 11 0.64 0.25
5 14 0.8 0.64
6 11 0.8 0.13
6 15 0.48 0.76
7 14 0.2 0.57
8 9 0.1 0.83
8 10 0.6 0.83
8 12 0.26 0.31
9 11 0.78 0.22
10 12 0.54 0.67
10 13 0.11 0.23
10 14 0.65 0.96
