0 1 0.47 0.85
0 2 0.62 0.17
0 3 1 0.88
0 4 0.04 0.63
0 6 0.83 0.65
0 9 0.78 0.39
0 10 0.56 0.39
0 11 0.95 0.36
0 13 0.62 0.17
1 2 0.27 0.53
1 3 0.71 0.29
1 4 0.09 0.68
1 5 0.36 0.44
1 12 0.49 0.56
2 3 0.72 0.52
2 4 0.79 0.95
2 6 0.35 0.67
2 7 0.12 0.52
2 8 0.25 0.34
2 9 0.47 0.43
2 10 0.27 0.39
2 11 0.94 0.27
2 13 0.58 0.62
3 5 0.14 0.08
3 8 0.64 0.73
3 15 0.24 0.06
4 5 0.32 0.19
5 6 0.29 0.99
5 7 0.78 0.65
5 8 0.26 0.04
5 9 0.98 0.19
5 11 0.8 0.06
5 15 0.17 0.18
6 7 0.02 0.75
6 10 0.13 0.13
6 12 0.61 0.04
6 13 0.76 0.74
8 12 0.73 0.42
8 14 0.92 0.97
11 15 0.54 0.17
12 14 0.6 0.39
13 14 0.42 0.62
