0 1 0.84 0.61
0 2 0.82 0.98
0 3 0.3 0.2
0 4 0.19 0.59
0 5 0.51 0.12
0 6 0.73 0.97
0 7 0.97 0.42
0 9 0.83 0.19
0 10 0.54 0.26
0 11 0.04 0.68
0 12 0.78 0.86
0 13 0.86 0.13
1 2 0.4 0.74
1 3 0.74 0.66
1 4 0.07 0.41
1 6 0.53 0.25
1 7 0.99 0.86
1 8 0.33 0.33
1 12 0.91 0.31
1 13 0.25 0.87
2 3 0.87 0.18
2 4 0.91 0.48
2 5 0.43 0.72
2 6 0.63 0.6
2 7 0.14 0.54
2 8 0.69 0.51
2 9 0.13 0.01
2 10 0.72 0.31
2 13 0.33 0.95
2 14 0.1 0.7
3 4 0.05 0.44
3 5 0.74 0.22
3 10 0.98 0.18
3 11 0.1 0.75
3 12 0.93 0.13
3 14 0.69 0.69
3 15 0.66 0.34
4 5 0.19 0.89
4 6 0.04 0.88
4 7 0.72 0.4
4 9 0.57 0.42
4 12 0.77 0.63
4 14 0.27 0.89
4 15 0.7 0.3
5 8 0.39 0.71
5 9 0.15 0.61
5 13 0.79 0.15
6 8 0.67 0.9
6 15 0.19 0.11
7 11 0.37 0.69
7 14 0.42 0.24
9 10 0.77 0.64
9 15 0.51 0.23
10 11 0.89 0.59
