0 1 0.35 0.42
0 2 0.06 0.68
0 3 0.64 0.1
0 4 0.43 0.2
0 5 0.2 0.62
0 6 0.9 0.58
0 7 0.59 0.3
0 9 0.47 0.6
0 10 0.63 0.14
0 11 0.95 0.06
0 12 0.39 0.48
0 13 0.42 0.52
1 2 0.52 0.53
1 3 0.74 0.56
1 4 0.28 0.97
1 6 0.27 0.29
1 7 0.02 0.85
1 8 0.73 0.41
1 12 0.25 0.14
1 13 0.42 0.76
2 3 0.48 0.71
2 4 0.7 0.5
2 5 0.41 0.75
2 6 0.18 0.7
2 7 0.53 0.85
2 8 0.19 0.39
2 9 0.08 0.14
2 10 0.77 0.7
2 13 0.83 0.88
2 14 0.64 0.93
3 4 0.46 0.77
3 5 0.29 0.12
3 10 0.14 0.51
3 11 0.33 0.51
3 12 0.25 0.52
3 14 0.44 0.3
3 15 0.89 0.56
4 5 0.84 0.88
4 6 0.73 0.17
4 7 0.17 0.09
4 9 0.12 0.42
4 12 0.29 0.92
4 14 0.85 0.68
4 15 0.46 0.09
5 8 0.48 0.87
5 9 0.03 0.81
5 13 0.9 0.74
6 8 0.22 0.52
6 15 0.03 0.01
7 11 0.46 0.53
7 14 0.8 0.91
9 10 0.72 0.99
9 15 0.75 0.39
10 11 0.83 0.65
