0 1 0.17 0.05
0 2 0.31 0.1
0 3 0.26 0.33
0 4 0.8 0.76
0 5 0.81 0.27
0 9 0.43 0.69
0 13 0.44 0.82
1 2 0.6 0.89
1 3 0.21 0.74
1 5 0.46 0.94
1 6 0.21 0.17
1 8 0.54 0.78
1 9 0.3 0.41
1 10 0.17 0.3
2 3 0.24 0.34
2 4 0.97 0.03
2 7 0.92 0.41
2 8 0.17 0.51
2 9 0.24 0.45
2 11 0.8 0.06
2 15 0.8 0.04
3 4 0.17 0.99
3 5 0.74 0.47
3 6 0.83 0.07
3 14 0.16 0.48
4 10 0.22 0.76
4 11 0.19 0.54
4 12 0.56 0.99
5 6 0.07 0.56
5 7 0.11 0.88
5 8 0.66 0.13
6 7 0.2 0.46
6 10 0.36 0.3
6 14 0.46 0.78
7 11 0.31 0.37
7 14 0.85 0.82
8 12 0.4 0.12
9 12 0.48 0.38
9 15 0.51 0.74
10 13 0.79 0.44
12 13 0.26 0.4
14 15 0.84 0.12
