0 1 0.09 0.36
0 2 0.77 0.05
0 3 0.28 0.96
0 4 0.51 0.19
0 5 0.48 0.73
0 6 0.01 0.1
0 7 0.4 0.67
0 8 0.7 0.46
0 9 0.62 0.72
0 11 0.71 0.21
0 12 0.01 0.54
0 13 0.43 0.49
0 14 0.16 0.41
0 15 0.99 1
1 2 0.28 0.75
1 3 0.3 0.56
1 4 0.44 0.7
1 5 0.56 0.8
1 6 0.62 0.71
1 7 0.21 0.59
1 8 0.86 0.8
1 10 0.51 0.96
1 12 0.82 1
1 13 0.49 0.61
2 3 0.98 0.35
2 4 0.09 0.51
2 5 0.45 0.86
2 6 0.99 0.36
2 8 0.49 0.97
2 9 0.62 0.89
2 15 0.61 0.9
3 4 0.55 0.55
3 7 0.01 0.61
3 10 1 0.75
3 13 0.2 0.64
3 15 0.14 0.18
4 5 0.42 0.95
4 6 0.68 0.92
4 8 0.2 0.11
5 7 0.26 0.74
5 9 0.11 0.13
5 10 0.66 0.07
5 11 0.61 0.66
5 14 0.11 0.21
6 11 0.95 0.45
6 15 0.45 0.84
7 14 0.27 0.1
8 9 0.06 0.7
8 10 0.64 0.47
8 12 0.44 0.78
9 11 0.01 0.76
10 12 0.13 0.84
10 13 0.42 0.92
10 14 0.63 0.4
