0 1 0.07 0.41
0 2 0.43 0.31
0 3 0.81 0.17
0 4 0.68 0.33
0 6 0.43 0.01
0 7 0.36 0.45
0 8 0.03 0.21
0 9 0.88 0.59
0 10 0.41 0.46
0 13 0.05 0.39
0 15 0.2 0.52
1 2 0.52 0.85
1 3 0.49 0.67
1 4 0.67 0.59
1 5 0.19 0.34
1 7 0.97 0.85
1 8 0.65 0.3
1 9 0.28 0.52
1 12 0.3 0.73
1 14 0.08 0.86
1 15 0.9 0.67
2 3 0.31 0.38
2 5 0.95 0.28
2 6 0.34 0.04
2 8 0.07 0.7
3 4 0.85 0.65
3 5 0.35 0.9
3 9 0.73 0.17
3 12 0.11 0.99
3 13 0.42 0.88
4 6 0.08 0.19
4 11 0.83 0.67
4 14 0.47 0.79
6 7 1 0.44
6 10 0.45 0.41
6 11 0.43 0.73
6 12 0.74 0.17
6 13 0.48 0.13
7 10 0.38 0.18
8 11 0.15 0.46
9 15 0.35 0.52
10 14 0.43 0.11
