0 1 0.26 0.5
0 2 0.56 0.34
0 3 0.67 0.52
0 4 0.31 0.31
0 10 0.56 0.75
0 12 0.28 0.08
0 13 0.03 0.51
1 2 0.67 0.39
1 3 0.04 0.34
1 5 0.46 0.32
1 6 0.16 0.08
1 7 0.82 0.93
1 9 0.93 0.14
1 10 0.06 0.65
1 11 0.36 0.5
1 13 0.42 0.28
1 14 0.71 0.52
2 3 0.77 0.76
2 4 0.6 0.09
2 6 0.77 0.02
2 7 0.55 0.66
2 8 0.5 0.61
2 9 0.49 0.35
2 11 0.77 0.22
2 12 0.23 0.65
3 4 0.91 0.36
3 5 0.48 0.4
3 6 0.12 0.78
4 5 0.6 0.25
4 14 0.92 0.45
5 15 0.84 0.52
6 7 0.74 0.43
6 8 0.5 0.51
7 8 1 0.65
7 9 0.17 0.1
7 10 0.08 0.61
7 11 0.1 0.1
8 12 0.83 0.46
8 13 0.41 0.86
10 14 0.97 0.03
13 15 0.06 0.41
14 15 0.79 0.27
