0 1 0.49 0.65
0 2 0.03 0.61
0 3 0.73 0.99
0 4 0.4 0.09
0 10 0.37 0.1
0 11 0.53 0.37
0 12 0.92 0.11
0 13 0.38 0.2
0 14 0.43 0.88
0 15 0.35 0.1
1 2 0.9 0.63
1 3 0.53 0.43
1 5 0.48 0.34
1 6 0.51 0.85
1 8 0.77 0.88
1 9 0.27 0.94
1 11 0.42 0.7
1 13 0.39 0.86
2 3 0.34 0.66
2 4 0.44 0.51
2 7 0.52 0.93
2 8 0.68 0.34
2 15 0.6 0.55
3 4 0.6 0.46
3 5 0.8 0.82
3 6 0.91 0.84
3 7 0.27 0.24
3 10 0.37 0.7
3 12 0.31 0.75
3 14 0.75 1
3 15 0.55 0.19
4 5 0.07 0.22
4 6 0.83 0.21
4 7 0.88 0.94
4 11 0.06 0.7
4 13 0.59 0.31
6 9 0.04 0.48
6 12 0.17 0.95
6 14 0.37 0.06
7 8 0.35 1
7 9 0.4 0.93
7 10 0.25 0.64
