0 1 0.14 0.14
0 2 0.24 0.63
0 3 0.98 0.08
0 4 0.43 0.6
0 5 0.02 0.62
0 9 0.24 0.29
0 13 0.71 1
1 2 0.53 0.73
1 3 0.33 0.73
1 5 0.23 0.58
1 6 0.52 0.25
1 8 0.46 0.41
1 9 0.91 0.38
1 10 0.8 0.45
2 3 0.26 0.91
2 4 0.41 0.09
2 7 0.83 0.99
2 8 0.75 0.98
2 9 0.77 0.17
2 11 0.1 0.94
2 15 0.21 0.04
3 4 0.02 0.04
3 5 0.66 0.33
3 6 0.62 0.98
3 14 0.07 0.06
4 10 0.46 0.31
4 11 0.77 0.94
4 12 0.72 0.12
5 6 0.01 0.88
5 7 0.78 0.9
5 8 0.69 0.61
6 7 0.12 0.31
6 10 0.93 0.7
6 14 0.25 0.1
7 11 0.98 0.87
7 14 0.1 0.57
8 12 0.14 0.43
9 12 0.6 0.04
9 15 0.07 0.74
10 13 0.38 0.28
12 13 0.06 0.21
14 15 0.08 0.83
