0 1 0.48 0.31
0 2 0.86 0.42
0 3 0.57 0.93
0 4 0.08 0.46
0 6 0.63 0.46
0 9 0.75 0.05
0 10 0.06 0.45
0 11 0.52 0.93
0 13 0.31 0.4
1 2 0.04 0.03
1 3 0.49 0.31
1 4 0.43 0.75
1 5 0.67 0.68
1 12 0.51 0.06
2 3 0.33 0.3
2 4 0.99 0.33
2 6 0.38 0.66
2 7 0.67 0.35
2 8 0.23 0.26
2 9 0.09 0.33
2 10 0.29 0.1
2 11 0.86 0.02
2 13 0.16 0.01
3 5 0.93 0.51
3 8 0.49 0.56
3 15 0.11 0.78
4 5 0.59 0.89
5 6 0.71 0.08
5 7 0.13 0.71
5 8 0.82 0.42
5 9 0.79 0.14
5 11 0.1 0.24
5 15 0.75 1
6 7 0.87 0.92
6 10 0.77 0.65
6 12 0.18 0.92
6 13 0.28 0.27
8 12 0.17 0.09
8 14 0.15 0.04
11 15 0.97 0.07
12 14 0.43 0.12
13 14 0.13 0.83
