0 1 0.78 0.56
0 2 0.27 0.29
0 3 0.28 0.48
0 4 0.63 0.85
0 5 0.28 0.33
0 6 0.87 0.27
0 8 0.21 0.7
0 10 0.75 0.68
0 12 0.9 0.16
0 15 0.96 0.68
1 2 0.77 0.15
1 3 0.85 0.17
1 4 0.57 0.58
1 6 0.14 0.21
1 7 0.41 0.39
1 9 0.04 0.14
2 3 0.33 0.15
2 5 0.74 0.98
3 4 0.79 0.61
3 5 0.1 0.79
3 6 0.14 0.23
3 7 0.69 0.6
3 8 0.66 0.44
3 10 0.24 0.4
3 11 0.09 0.49
3 12 0.74 0.92
4 10 0.65 0.17
4 11 0.22 0.27
4 13 0.28 0.52
4 15 0.71 0.07
5 9 0.19 0.02
5 13 0.91 0.77
5 14 0.05 0.34
6 7 0.93 0.76
6 12 0.91 0.43
6 13 0.34 0.37
6 14 0.89 0.58
6 15 0.32 0.68
7 8 0.46 0.28
7 9 0.59 0.63
10 11 0.81 0.61
11 14 0.24 0.29
