0 1 0.7 0.57
0 2 0.44 0.81
0 3 0.84 0.8
0 4 0.53 0.53
0 5 0.04 0.76
0 6 0.87 0.13
0 8 0.77 0.93
0 10 0.7 0.67
0 12 0.79 0.37
0 15 0.03 0.35
1 2 0.76 0.5
1 3 0.88 0.37
1 4 0.41 0.38
1 6 0.83 0.43
1 7 0.45 0.12
1 9 0.14 0.68
2 3 0.19 0.05
2 5 0.28 0.02
3 4 0.56 0.54
3 5 0.23 0.14
3 6 0.28 0.58
3 7 0.96 0.14
3 8 0.16 0.92
3 10 0.95 0.83
3 11 0.75 0.04
3 12 0.02 0.47
4 10 0.49 0.88
4 11 0.22 0.8
4 13 0.68 0.02
4 15 0.42 0.06
5 9 0.69 0.33
5 13 0.12 0.7
5 14 0.59 0.28
6 7 0.84 0.09
6 12 0.65 0.76
6 13 0.42 0.23
6 14 0.77 0.47
6 15 0.72 0.67
7 8 0.7 0.97
7 9 0.1 1
10 11 0.1 0.72
11 14 0.54 0.46
