0 1 0.16 0.08
0 2 0.3 0.39
0 3 0.79 0.81
0 4 0.66 0.87
0 7 0.22 0.89
1 2 0.65 0.26
1 3 0.93 0.73
1 4 0.84 0.01
1 5 0.93 0.61
1 6 0.02 0.85
1 10 0.74 0.96
1 12 0.4 0.71
2 3 0.06 0.62
2 4 0.35 0.84
2 7 1 0.16
2 9 0.72 0.46
2 10 0.22 0.24
2 11 0.32 0.08
2 12 0.96 0.22
3 5 0.77 0.8
3 6 0.93 0.47
3 8 0.02 0.14
3 11 0.53 0.97
3 12 0.19 0.39
3 15 0.46 0.84
4 5 0.09 0.1
4 6 0.99 0.27
4 8 0.72 0.52
4 11 0.94 0.07
4 14 0.83 0.13
5 14 0.25 0.59
6 7 0.92 0.18
6 8 0.42 0.04
6 9 0.86 0.99
6 10 0.64 0.7
6 13 0.37 0.8
6 15 0.02 0.18
7 9 0.94 0.91
7 14 0.74 0.6
11 13 0.88 0.31
12 13 0.96 0.37
12 15 0.18 0.68
