0 1 0.57 0.31
0 2 0.68 0.89
0 3 0.5 0.32
0 4 0.9 0.69
0 5 0.16 0.65
0 6 0.97 0.13
0 7 0.61 0.73
0 8 0.03 0.87
0 9 0.11 0.56
0 11 0.9 0.17
0 12 0.79 0.99
0 13 0.11 0.88
0 14 0.54 0.47
0 15 0.64 0.94
1 2 0.7 0.84
1 3 0.59 0.93
1 4 0.52 0.78
1 5 0.21 0.25
1 6 0.04 0.67
1 7 0.71 0.05
1 8 0.57 0.62
1 10 0.18 1
1 12 0.86 0.11
1 13 0.77 0.04
2 3 0.39 0.17
2 4 0.41 0.91
2 5 0.79 0.24
2 6 0.52 0.02
2 8 0.18 0.98
2 9 0.01 0.66
2 15 0.65 0.24
3 4 0.51 0.86
3 7 0.63 0.22
3 10 0.17 0.5
3 13 0.01 0.28
3 15 0.18 0.23
4 5 0.89 0.46
4 6 0.13 0.23
4 8 0.3 0.02
5 7 0.64 0.11
5 9 0.2 0.89
5 10 0.74 0.04
5 11 0.63 0.72
5 14 0.76 0.52
6 11 0.56 0.64
6 15 0.29 0.27
7 14 0.77 0.22
8 9 0.34 0.2
8 10 0.14 0.77
8 12 0.61 0.44
9 11 0.98 0.79
10 12 0.99 0.05
10 13 0.6 0.1
10 14 0.06 0.68
