0 1 0.91 0.16
0 2 0.91 0.06
0 3 0.29 0.93
0 4 0.59 0.98
0 6 0.4 0.31
0 7 0.32 0.86
0 8 0.51 0.97
0 9 0.65 0.76
0 10 0.1 0.78
0 13 0.21 0.3
0 15 0.67 0.66
1 2 0.84 0.15
1 3 0.04 0.67
1 4 0.6 0.34
1 5 0.29 0.13
1 7 0.31 0.91
1 8 0.1 0.06
1 9 0.65 0.67
1 12 0.41 0.51
1 14 0.32 0.94
1 15 0.86 0.15
2 3 0.92 0.96
2 5 0.3 0.43
2 6 0.25 0.79
2 8 1 0.57
3 4 0.25 0.2
3 5 0.68 0.54
3 9 0.86 0.49
3 12 0.25 0.71
3 13 0.02 0.15
4 6 0.13 0.4
4 11 0.32 0.01
4 14 0.57 0.32
6 7 0.36 0.65
6 10 0.54 0.09
6 11 0.87 0.8
6 12 0.7 0.27
6 13 0.08 0.97
7 10 0.12 0.41
8 11 0.79 0.97
9 15 0.36 0.34
10 14 0.09 0.68
