0 1 0.49 0.52
0 2 0.6 0.9
0 3 0.42 0.49
0 4 0.61 0.9
0 5 0.25 0.67
0 7 0.89 0.31
0 8 0.12 0.33
0 9 0.64 0.56
0 10 0.46 0.1
0 12 0.24 0.25
0 15 0.08 0.83
1 2 0.34 0.75
1 3 0.66 0.1
1 4 0.28 0.85
1 5 0.39 0.17
1 6 0.23 0.05
1 8 0.85 0.33
1 11 0.36 0.73
1 12 0.45 0.08
2 3 0.32 0.64
2 4 0.03 0.3
2 5 0.06 0.07
2 6 0.65 0.4
2 7 0.11 0.37
3 4 0.67 0.67
3 7 0.99 0.35
3 9 0.54 0.37
3 10 0.12 0.86
3 12 0.04 0.52
3 13 0.58 0.22
3 14 0.72 0.29
4 5 0.5 0.08
4 6 0.74 0.18
4 8 0.43 0.38
4 9 0.8 0.67
4 14 0.55 0.24
4 15 0.96 0.85
5 6 0.14 0.19
5 12 0.71 0.85
6 7 0.2 0.32
6 8 0.19 0.93
6 11 0.56 0.62
6 13 0.48 0.28
6 14 0.91 0.55
6 15 0.43 0.6
7 9 0.49 0.91
7 10 0.94 0.29
7 11 0.98 0.48
7 15 0.92 0.26
9 10 0.47 0.7
9 11 0.76 0.57
10 13 0.58 0.15
12 13 0.11 0.55
12 14 0.52 0.47
