0 1 0.31 0.9
0 2 0.55 0.84
0 3 0.93 0.68
0 4 0.86 0.77
0 5 0.16 0.56
0 6 0.91 0.91
0 7 0.79 0.53
0 11 0.02 0.35
1 2 0.78 0.56
1 3 0.96 0.84
1 4 0.84 0.45
1 5 0.16 0.94
1 6 0.69 0.73
1 7 0.03 0.34
1 8 0.7 0.31
1 9 0.69 0.51
1 11 0.97 0.52
1 12 0.35 0.74
2 3 0.99 0.05
2 4 0.11 0.82
2 5 0.19 0.82
2 6 0.02 0.65
2 7 0.47 0.83
2 9 0.04 0.28
2 10 0.83 0.45
2 15 0.74 0.23
3 4 0.03 0.66
3 5 0.66 0.79
3 6 0.72 0.06
3 8 1 0.62
3 10 0.41 0.76
3 11 0.07 0.9
3 12 0.78 0.28
3 14 0.53 0.17
4 12 0.53 0.73
5 7 0.46 0.37
5 8 0.95 0.69
5 9 0.13 0.37
5 10 0.57 0.75
6 12 0.57 1
6 14 0.27 0.36
7 8 0.96 0.12
7 9 0.92 0.32
7 10 0.14 0.24
7 11 0.66 0.46
7 15 0.33 0.75
8 13 0.96 0.16
8 14 0.8 0.04
8 15 0.59 0.84
10 13 0.34 0.45
11 13 0.76 0.23
11 15 0.46 0.1
12 13 0.15 0.23
13 14 0.75 0.56
