0 1 0.1 0.85
0 2 0.43 0.76
0 3 0.65 0.15
0 4 0.61 0.85
0 5 0.14 0.47
0 6 0.74 0.27
0 7 0.89 0.35
0 8 0.73 0.63
0 9 0.07 0.74
0 11 0.47 0.49
0 13 0.2 0.04
0 14 0.59 0.14
0 15 0.66 0.97
1 2 0.35 0.95
1 3 0.95 0.01
1 4 0.6 0.99
1 5 0.6 0.37
1 11 0.83 0.17
1 12 0.82 0.98
1 14 0.23 0.96
1 15 0.73 0.45
2 3 0.35 0.71
2 4 0.06 0.75
2 6 0.65 0.23
2 7 0.75 0.19
2 13 0.9 0.62
2 14 0.67 0.92
3 4 0.62 0.06
3 5 0.3 0.91
3 6 0.76 0.63
3 8 0.08 0.66
3 9 0.82 0.99
3 15 0.41 0.42
4 5 0.8 0.01
4 6 0.13 0.09
4 7 0.55 0.16
4 10 0.36 0.16
4 12 0.05 0.68
5 7 0.72 0.04
5 8 0.77 0.64
5 9 0.81 0.92
5 10 0.2 0.86
5 11 0.65 0.41
5 12 0.17 0.39
5 13 0.65 0.15
6 9 0.16 0.16
6 10 0.27 0.2
6 11 0.38 0.93
6 13 0.07 0.65
6 14 0.41 0.34
7 8 0.36 0.22
7 12 0.62 0.03
8 10 0.72 0.42
13 15 1 0.61
