0 1 0.7 0.56
0 2 0.33 0.89
0 3 0.31 0.69
0 4 0.52 0.01
0 6 0.7 0.31
0 7 0.97 0.34
0 8 0.37 0.45
0 9 0.27 0.6
0 10 0.31 0.17
0 13 0.49 0.44
0 15 0.92 0.15
1 2 0.17 0.1
1 3 0.77 0.02
1 4 0.66 0.5
1 5 0.83 0.51
1 7 0.57 0.39
1 8 0.48 0.28
1 9 0.9 0.89
1 12 0.62 0.1
1 14 0.53 0.35
1 15 0.67 0.39
2 3 0.18 0.28
2 5 0.49 0.34
2 6 0.69 0.98
2 8 0.66 0.31
3 4 0.09 0.29
3 5 0.77 0.87
3 9 0.6 0.83
3 12 0.34 0.84
3 13 0.82 0.55
4 6 0.96 0.94
4 11 0.22 0.46
4 14 0.7 0.44
6 7 0.91 0.02
6 10 0.64 0.1
6 11 0.31 0.9
6 12 0.7 0.23
6 13 0.25 0.36
7 10 0.18 0.9
8 11 0.5 0.63
9 15 0.12 0.27
10 14 0.06 0.41
