0 1 0.2 0.64
0 2 0.11 0.46
0 3 0.05 0.14
0 4 0.54 0.44
0 5 0.12 0.33
0 8 0.91 0.14
0 9 0.33 0.17
0 10 0.5 0.38
0 12 0.9 0.75
0 13 0.21 0.32
0 15 0.15 1
1 2 0.19 0.82
1 3 0.97 0.22
1 4 0.54 0.73
1 5 0.06 0.69
1 6 0.08 0.58
1 7 0.36 0.27
1 10 0.22 0.64
1 12 0.15 0.98
2 3 0.82 0.18
2 4 0.21 0.98
2 5 0.69 0.72
2 6 0.82 0.22
2 7 0.86 0.18
2 8 0.01 0.56
2 13 0.24 0.63
2 14 0.93 0.04
3 4 0.08 0.56
3 11 0.52 0.77
3 13 0.27 0.5
3 14 0.17 0.33
3 15 0.95 0.52
4 5 0.9 0.15
4 6 0.44 0.03
4 7 0.88 0.79
4 9 0.09 0.22
4 11 0.83 0.69
5 6 0.3 0.15
5 7 0.63 0.58
5 9 0.63 0.23
6 8 0.04 0.59
6 10 0.83 0.8
6 13 0.02 0.51
7 8 0.99 0.51
7 9 0.98 0.66
7 10 0.82 0.37
7 14 0.45 0.73
8 11 0.46 0.43
8 12 0.7 0.66
9 11 0.74 0.18
10 15 0.45 0.18
11 12 0.69 0.32
11 15 0.09 0.56
13 14 0.53 0.67
