0 1 0.16 0.01
0 2 0.72 0.7
0 3 0.97 0.88
0 4 0.02 0.96
0 7 0.88 0.57
0 11 0.9 0.76
0 14 0.29 0.71
1 2 0.66 0.65
1 3 0.31 0.07
1 5 0.75 0.59
1 6 0.94 0.86
1 9 0.66 0.33
2 3 0.72 0.09
2 4 0.65 0.53
2 5 0.56 0.74
2 8 0.85 0.52
2 10 0.67 0.29
2 15 0.86 0.38
3 4 1 0.18
3 5 0.88 0.75
3 6 0.16 0.97
3 9 0.87 0.9
3 12 0.89 0.25
3 13 0.8 0.16
3 14 0.5 0.63
4 6 0.03 0.35
4 8 0.14 0.32
4 11 0.98 0.95
5 7 0.63 0.78
5 10 0.06 0.91
6 7 0.25 0.65
6 8 0.45 0.16
6 11 0.35 0.87
6 12 0.98 0.92
6 14 0.42 0.49
7 9 0.05 0.4
7 12 0.83 0.27
7 13 0.08 0.52
7 15 0.36 0.58
8 15 0.53 0.83
9 10 0.89 0.98
12 13 0.45 0.59
