0 1 0.77 0.88
0 2 0.24 0.18
0 3 0.44 0.22
0 4 0.11 0.32
0 5 0.8 0.48
0 6 0.27 0.7
1 2 0.94 0.92
1 3 0.17 0.08
1 4 0.99 0.31
1 5 0.79 0.06
1 6 0.45 0.47
1 9 0.06 0.56
1 11 0.58 0.27
1 12 0.64 0.5
2 3 0.23 0.19
2 7 0.67 0.79
2 10 0.27 0.41
2 11 0.53 0.24
2 12 0.42 0.95
3 4 0.9 0.38
3 5 0.32 0.41
3 8 0.77 0.81
3 10 1 0.11
3 13 0.04 0.99
4 6 0.64 0.44
4 8 0.02 0.55
5 7 0.14 0.14
5 9 0.21 0.47
5 10 0.1 0.65
5 13 0.32 0.22
5 14 0.32 0.65
5 15 0.58 0.77
6 7 0.66 0.06
6 8 0.98 0.59
6 11 0.32 0.42
6 14 0.36 0.39
8 9 0.23 0.8
8 12 0.53 0.03
8 14 0.51 0.45
8 15 1 0.43
9 13 0.25 0.45
9 15 0.71 0.96
