0 1 0.18 0.39
0 2 0.2 0.27
0 3 0.83 0.62
0 4 0.04 0.33
0 5 0.55 0.98
0 6 0.56 0.96
0 7 0.59 0.23
0 11 0.48 0.74
1 2 0.74 0.4
1 3 0.8 0.17
1 4 0.93 0.32
1 5 0.38 0.5
1 6 0.39 0.98
1 7 0.64 0.67
1 8 0.21 0.25
1 9 0.94 0.35
1 11 0.98 0.99
1 12 0.45 0.1
2 3 0.38 0.35
2 4 0.96 0.09
2 5 0.58 0.1
2 6 0.99 0.1
2 7 0.15 0.2
2 9 0.12 0.41
2 10 0.49 0.43
2 15 0.09 0.71
3 4 0.08 0.26
3 5 0.82 0.52
3 6 0.18 0.58
3 8 0.05 0.35
3 10 0.19 0.64
3 11 0.35 0.11
3 12 0.6 0.8
3 14 0.21 0.32
4 12 0.5 0.38
5 7 0.68 0.62
5 8 0.81 0.3
5 9 0.82 0.71
5 10 0.21 0.06
6 12 0.9 0.44
6 14 0.05 0.85
7 8 0.28 0.8
7 9 0.43 0.43
7 10 0.33 0.71
7 11 0.01 0.6
7 15 0.62 0.67
8 13 0.1 0.59
8 14 0.67 0.84
8 15 0.76 0.85
10 13 0.28 0.08
11 13 0.36 0.45
11 15 0.18 0.64
12 13 0.96 0.86
13 14 0.49 0.76
