0 1 0.64 0.81
0 2 0.32 0.84
0 3 0.25 0.65
0 4 0.67 0.4
0 6 0.36 0.7
0 7 0.3 0.42
0 9 0.74 0.77
0 11 0.91 0.37
0 12 0.39 0.64
0 13 0.35 0.16
0 14 0.57 0.46
1 2 0.76 0.68
1 3 0.46 0.07
1 4 0.49 0.19
1 5 0.17 0.86
1 8 0.88 0.71
1 9 0.47 0.64
2 3 0.27 0.23
2 4 0.72 0.11
2 10 0.83 0.91
2 14 0.56 0.56
3 5 0.73 0.6
3 6 0.83 0.54
3 7 0.79 0.83
3 10 0.22 0.1
3 11 0.05 0.51
3 13 0.33 0.07
4 5 0.34 0.16
4 10 0.06 0.87
4 15 0.59 0.53
5 6 0.19 0.66
5 12 0.5 0.78
6 7 0.59 0.35
6 8 0.3 0.89
6 11 0.85 0.03
7 8 0.71 0.76
7 9 0.44 0.6
7 12 0.47 0.29
7 13 0.45 0.63
7 14 0.6 0.98
8 15 0.33 0.5
11 15 0.57 0.62
