0 1 0.51 0.76
0 2 0.34 0.33
0 3 0.84 0.65
0 4 0.46 0.27
0 7 0.71 0.98
1 2 0.01 0.88
1 3 0.88 0.39
1 4 0.22 0.07
1 5 0.97 0.71
1 6 0.69 0.03
1 10 0.53 0.36
1 12 0.68 0.21
2 3 0.31 0.65
2 4 0.07 0.14
2 7 0.65 0.27
2 9 0.57 0.74
2 10 0.5 0.76
2 11 0.76 0.09
2 12 0.26 0.57
3 5 0.85 0.29
3 6 0.86 0.58
3 8 0.55 0.59
3 11 0.65 0.32
3 12 0.54 0.35
3 15 0.04 0.86
4 5 0.62 0.18
4 6 0.76 0.62
4 8 0.2 0.76
4 11 0.36 0.46
4 14 0.05 0.85
5 14 0.63 0.58
6 7 0.24 0.72
6 8 0.07 0.3
6 9 0.86 0.99
6 10 0.82 0.86
6 13 0.21 0.92
6 15 0.39 0.12
7 9 0.98 0.06
7 14 0.45 0.08
11 13 0.97 0.76
12 13 0.98 0.72
12 15 0.64 0.82
