0 1 0.02 0.94
0 2 0.21 0.25
0 3 0.6 0.36
0 4 0.3 0.46
0 6 0.97 0.01
0 7 0.28 0.29
0 9 0.07 0.04
0 11 0.6 0.03
0 12 0.16 0.15
0 13 0.41 0.57
0 14 0.91 0.62
1 2 0.13 0.76
1 3 0.43 0.39
1 4 0.06 0.53
1 5 0.42 0.35
1 8 0.52 0.92
1 9 0.3 0.01
2 3 0.37 0.63
2 4 0.59 0.87
2 10 0.67 0.91
2 14 0.02 0.39
3 5 0.07 0.89
3 6 0.03 0.48
3 7 0.29 0.66
3 10 0.53 0.84
3 11 0.97 0.69
3 13 0.88 0.4
4 5 0.97 0.63
4 10 0.87 0.46
4 15 0.4 0.65
5 6 0.66 0.16
5 12 0.56 0.39
6 7 0.75 0.04
6 8 0.82 0.26
6 11 0.08 0.1
7 8 0.36 0.85
7 9 0.05 0.88
7 12 0.78 0.98
7 13 0.68 0.74
7 14 0.43 0.79
8 15 0.21 0.97
11 15 0.13 0.13
