0 1 0.73 0.38
0 2 0.69 0.73
0 3 0.4 0.44
0 4 0.09 0.01
0 5 0.62 0.13
0 7 0.67 0.98
0 8 0.56 0.35
0 9 0.85 0.03
0 10 0.54 0.65
0 12 0.41 0.35
0 15 0.64 0.76
1 2 0.74 0.61
1 3 0.37 0.81
1 4 0.6 0.61
1 5 0.96 0.1
1 6 0.15 0.21
1 8 0.52 0.45
1 11 0.36 0.13
1 12 0.44 0.65
2 3 0.02 0.3
2 4 0.12 0.99
2 5 0.16 0.89
2 6 0.88 0.56
2 7 0.14 0.6
3 4 0.95 0.33
3 7 0.07 0.61
3 9 0.57 0.19
3 10 0.52 0.17
3 12 0.66 0.48
3 13 0.85 0.34
3 14 0.89 0.28
4 5 0.5 0.86
4 6 0.67 0.69
4 8 0.48 0.07
4 9 0.85 0.22
4 14 0.39 0.92
4 15 0.41 0.91
5 6 0.88 0.26
5 12 0.23 0.32
6 7 0.47 0.59
6 8 0.67 0.12
6 11 0.86 0.55
6 13 0.29 0.24
6 14 0.2 0.66
6 15 0.35 0.48
7 9 0.3 0.23
7 10 0.31 0.32
7 11 0.72 0.7
7 15 0.02 0.58
9 10 0.35 0.53
9 11 0.12 0.38
10 13 0.55 0.35
12 13 0.82 0.08
12 14 0.06 0.68
