0 1 0.8 0.62
0 2 0.43 0.32
0 3 0.26 0.94
0 4 0.03 0.89
0 5 0.55 0.17
0 7 0.17 0.19
0 8 0.31 0.08
0 10 0.36 0.93
0 12 0.15 0.09
0 14 0.64 0.36
1 2 0.65 0.1
1 3 0.96 0.35
1 4 0.76 0.57
1 5 0.01 1
1 6 0.65 0.96
1 10 0.43 0.58
2 3 1 0.03
2 4 0.22 0.49
2 5 0.47 0.22
2 6 0.14 0.59
2 7 0.24 0.14
2 8 0.21 0.96
2 9 0.95 0.41
2 10 0.35 0.94
2 11 0.42 0.94
2 13 0.43 0.27
2 14 0.11 0.1
2 15 0.47 0.72
3 4 0.47 0.08
3 5 0.26 0.9
3 6 0.96 0.09
3 7 0.75 0.65
3 8 0.65 0.95
3 9 0.46 0.18
3 11 0.31 0.82
3 12 0.64 0.03
4 9 0.01 0.84
4 15 0.64 0.98
5 6 0.38 0.36
5 11 0.33 0.71
5 13 0.53 0.83
6 7 0.26 0.92
6 8 0.28 0.16
6 9 0.12 0.51
6 14 0.48 0.85
7 12 0.04 0.14
8 10 0.86 0.37
8 13 0.69 0.73
9 11 0.08 0.03
9 13 0.27 0.78
9 15 0.8 0.05
10 14 0.97 0.9
10 15 0.38 0.86
11 12 0.41 0.95
