0 1 0.43 0.82
0 2 0.38 1
0 3 0.72 0.13
0 4 0.03 0.31
0 7 0.31 0.42
1 2 0.95 0.92
1 3 0.47 0.81
1 4 0.19 0.38
1 5 0.13 0.08
1 6 0.98 0.25
1 10 0.54 0.07
1 12 0.9 0.14
2 3 0.57 0.77
2 4 0.41 0.54
2 7 0.25 0.33
2 9 0.63 0.97
2 10 0.85 0.88
2 11 0.52 0.97
2 12 0.75 0.45
3 5 0.77 0.46
3 6 0.21 0.96
3 8 0.05 0.03
3 11 0.71 0.23
3 12 0.09 0.32
3 15 0.31 0.23
4 5 0.96 0.73
4 6 0.27 0.52
4 8 0.53 0.82
4 11 0.48 0.1
4 14 0.46 0.37
5 14 0.02 0.73
6 7 0.78 0.93
6 8 0.01 0.92
6 9 0.7 0.73
6 10 0.99 0.14
6 13 0.91 0.04
6 15 0.7 0.5
7 9 0.58 0.27
7 14 0.54 0.62
11 13 0.53 0.07
12 13 0.34 0.23
12 15 0.74 0.59
