0 1 0.62 0.1
0 2 0.19 0.56
0 3 0.16 1
0 4 0.08 0.28
0 5 0.95 0.06
0 6 0.9 0.74
0 7 0.66 0.45
0 11 0.14 0.95
1 2 0.57 0.31
1 3 0.53 0.05
1 4 0.17 0.51
1 5 0.06 0.25
1 6 0.61 0.45
1 7 0.89 0.75
1 8 0.71 0.45
1 9 1 0.7
1 11 0.31 0.39
1 12 0.23 0.65
2 3 0.01 0.35
2 4 0.72 0.38
2 5 0.17 0.45
2 6 0.36 0.95
2 7 0.04 0.68
2 9 0.54 0.23
2 10 0.53 0.63
2 15 0.86 0.01
3 4 0.9 0.51
3 5 0.89 0.68
3 6 0.46 0.59
3 8 0.93 0.64
3 10 0.87 0.51
3 11 0.63 0.3
3 12 0.64 0.75
3 14 0.48 0.52
4 12 0.5 0.1
5 7 0.6 0.06
5 8 0.98 0.83
5 9 0.58 0.74
5 10 0.3 0.05
6 12 0.81 0.4
6 14 0.33 0.67
7 8 0.15 0.52
7 9 0.98 0.75
7 10 0.45 0.98
7 11 0.22 0.71
7 15 0.03 0.72
8 13 0.67 0.65
8 14 0.98 0.66
8 15 0.64 0.42
10 13 0.95 0.71
11 13 0.02 0.12
11 15 0.12 0.68
12 13 0.52 0.71
13 14 0.79 0.01
