0 1 0.47 0.68
0 2 0.67 0.33
0 3 0.56 0.26
0 4 0.12 1
0 5 0.57 0.18
0 6 0.64 0.96
0 7 0.42 0.04
0 9 0.25 0.92
0 10 0.3 0.27
0 11 0.21 0.91
0 12 0.5 0.04
0 13 0.88 0.27
1 2 0.09 0.62
1 3 0.65 0.83
1 4 0.69 0.37
1 6 0.9 0.98
1 7 0.38 0.83
1 8 0.32 0.4
1 12 0.28 0.97
1 13 0.31 0.18
2 3 0.26 0.11
2 4 0.26 0.83
2 5 0.82 0.08
2 6 0.19 0.27
2 7 0.14 0.98
2 8 0.99 0.52
2 9 0.5 0.99
2 10 0.11 0.59
2 13 0.86 0.4
2 14 0.05 0.75
3 4 0.9 0.88
3 5 0.97 0.91
3 10 0.81 0.98
3 11 0.95 0.75
3 12 0.67 0.45
3 14 1 0.84
3 15 0.58 0.44
4 5 0.42 0.12
4 6 0.41 0.5
4 7 0.19 0.12
4 9 0.31 0.16
4 12 0.53 0.76
4 14 0.56 0.38
4 15 0.5 0.73
5 8 0.34 0.82
5 9 0.09 0.45
5 13 0.23 0.65
6 8 0.94 0.15
6 15 0.6 0.59
7 11 0.07 0.73
7 14 0.42 0.91
9 10 0.33 0.1
9 15 0.48 0.33
10 11 0.24 0.03
