0 1 0.28 0.91
0 2 0.13 0.2
0 3 0.01 0.3
0 4 0.54 0.35
0 6 0.17 0.65
0 8 0.11 0.43
0 10 0.46 0.19
0 11 0.72 0.33
0 12 0.74 0.72
0 14 0.32 0.19
0 15 0.38 0.56
1 2 0.89 0.96
1 3 0.96 0.48
1 4 0.73 0.71
1 5 0.14 0.03
1 6 0.91 0.51
1 9 0.65 0.71
1 14 0.42 0.89
2 3 0.84 0.01
2 4 0.35 0.64
2 5 0.07 0.45
2 6 0.9 0.25
2 7 0.87 0.19
2 8 0.5 0.43
2 10 0.5 0.44
2 14 0.48 0.33
3 4 0.69 0.49
3 5 0.21 0.44
3 6 0.15 0.55
3 7 0.5 0.6
3 8 0.77 0.85
3 9 0.49 0.94
3 10 0.96 0.12
4 5 0.41 0.35
4 7 0.34 0.37
4 10 0.82 0.68
4 12 0.33 0.71
4 13 0.32 0.53
5 11 0.4 0.74
5 13 0.05 0.11
6 7 0.61 0.31
6 8 0.49 0.45
6 9 0.93 0.19
7 9 0.75 0.17
7 13 0.79 0.51
7 14 0.1 0.34
7 15 0.64 0.36
8 11 0.04 0.65
8 12 0.94 0.12
8 13 0.89 0.21
9 11 0.63 0.7
10 12 0.09 0.72
11 15 0.86 0.02
13 15 0.66 0.51
