0 1 0.56 0.3
0 2 0.33 0.41
0 3 0.39 0.86
0 4 0.65 0.05
0 5 0.51 0.29
0 6 0.71 0.26
0 8 0.49 0.54
0 10 0.3 0.79
0 12 0.51 0.07
0 15 0.87 0.51
1 2 0.13 0.55
1 3 0.95 0.84
1 4 0.33 0.44
1 6 0.63 0.85
1 7 0.69 0.09
1 9 0.17 0.47
2 3 0.78 0.29
2 5 0.07 0.27
3 4 0.49 0.44
3 5 0.35 0.6
3 6 0.88 0.75
3 7 0.72 0.29
3 8 0.96 0.73
3 10 0.25 0.18
3 11 0.18 0.44
3 12 0.55 0.3
4 10 0.83 0.43
4 11 0.67 0.84
4 13 0.1 0.84
4 15 0.76 0.2
5 9 0.49 0.13
5 13 0.84 0.74
5 14 0.26 0.48
6 7 0.5 0.9
6 12 0.75 0.83
6 13 0.98 0.72
6 14 0.91 0.02
6 15 0.23 0.95
7 8 0.06 0.5
7 9 0.44 0.28
10 11 0.22 0.1
11 14 0.56 0.86
