0 1 0.22 0.15
0 2 0.47 0.32
0 3 0.19 0.97
0 5 0.65 0.27
0 6 0.29 0.1
0 7 0.27 0.47
0 15 0.93 0.74
1 2 0.29 0.41
1 3 0.56 0.71
1 4 0.17 0.73
1 7 0.26 0.42
1 11 0.29 0.2
1 13 0.32 0.21
2 3 1 0.03
2 4 0.43 0.5
2 5 0.44 0.88
2 7 0.85 0.78
2 10 0.93 0.52
2 12 0.61 0.4
2 15 0.76 0.73
3 4 0.26 0.22
3 5 0.28 0.81
3 6 0.51 0.86
3 8 0.05 1
3 11 0.54 0.42
3 13 0.65 0.76
4 8 0.8 0.21
4 9 0.71 0.63
4 10 0.01 0.88
4 13 0.85 0.53
5 6 0.99 0.57
5 8 0.29 0.16
5 9 0.52 0.83
5 10 0.81 0.59
5 12 0.1 0.05
5 14 0.11 0.03
6 11 0.87 0.67
6 14 0.21 0.48
7 9 0.62 0.49
7 12 0.31 0.11
9 15 0.94 0.54
13 14 0.74 0.48
