0 1 0.91 0.13
0 2 0.61 0.21
0 3 0.67 0.07
0 4 0.53 1
0 6 0.5 0.84
0 7 0.98 1
0 8 0.47 0.18
0 9 0.52 0.27
0 10 0.99 0.21
0 13 0.23 0.47
0 15 0.77 0.34
1 2 0.49 0.37
1 3 0.5 0.69
1 4 0.95 0.5
1 5 0.56 0.82
1 7 0.27 0.77
1 8 0.78 0.7
1 9 0.94 0.98
1 12 0.91 0.85
1 14 0.59 0.4
1 15 0.19 0.35
2 3 0.18 1
2 5 0.28 0.51
2 6 0.99 0.47
2 8 0.75 0.42
3 4 0.75 0.04
3 5 0.14 0.34
3 9 0.94 0.61
3 12 0.98 0.92
3 13 0.52 0.72
4 6 0.05 0.69
4 11 0.43 0.89
4 14 0.66 0.09
6 7 0.95 0.95
6 10 0.15 0.28
6 11 0.66 0.63
6 12 0.82 0.1
6 13 0.34 0.55
7 10 0.84 0.83
8 11 1 0.56
9 15 0.66 0.81
10 14 0.7 0.59
