0 1 0.02 0.47
0 2 0.31 0.41
0 3 0.51 0.96
0 4 0.95 0.81
0 9 0.54 0.06
0 14 0.94 0.59
1 2 0.83 0.6
1 3 0.77 0.97
1 4 0.65 0.77
1 5 0.02 0.02
1 6 0.63 0.98
1 7 0.97 0.72
1 8 0.71 0.12
1 11 0.51 0.25
1 13 0.47 0.17
1 14 0.74 0.4
2 3 0.39 0.33
2 6 0.54 0.44
2 8 0.86 0.03
2 12 0.09 0.27
3 4 0.16 0.71
3 5 0.12 0.77
3 6 0.76 0.92
3 9 0.84 0.4
3 10 0.6 0.25
3 12 0.87 0.1
4 5 0.32 0.85
4 8 0.83 0.69
4 9 0.88 0.86
4 10 0.84 0.42
4 13 0.4 0.42
4 14 0.48 0.21
5 7 0.63 0.54
5 15 0.55 0.22
6 7 0.73 0.5
6 10 0.48 0.13
6 11 0.16 0.61
6 12 0.2 0.25
6 15 0.49 0.45
7 15 0.26 0.01
9 13 0.67 0.64
10 11 0.6 0.72
