0 1 0.2 0.2
0 2 0.68 0.94
0 3 0.76 0.73
0 4 0.87 0.18
0 5 0.26 0.25
0 7 0.09 0.57
0 8 1 0.68
0 10 0.14 0.12
0 12 0.15 0.85
0 14 0.8 0.34
1 2 0.82 0.19
1 3 0.5 0.06
1 4 0.21 0.14
1 5 0.33 0.86
1 6 0.77 0.57
1 10 0.17 0.82
2 3 0.05 0.34
2 4 0.26 0.79
2 5 0.85 0.93
2 6 0.67 0.2
2 7 0.42 0.94
2 8 0.52 0.96
2 9 0.95 0.65
2 10 0.44 0.1
2 11 0.15 0.64
2 13 0.96 0.21
2 14 0.6 0.75
2 15 0.32 0.57
3 4 0.15 0.29
3 5 0.33 0.66
3 6 0.07 0.23
3 7 0.24 0.7
3 8 0.51 0.09
3 9 0.7 0.65
3 11 0.47 0.75
3 12 0.6 0.1
4 9 0.82 0.6
4 15 0.29 0.41
5 6 0.96 0.45
5 11 0.45 0.39
5 13 0.98 0.98
6 7 0.6 0.05
6 8 0.05 0.4
6 9 0.8 0.18
6 14 0.85 0.08
7 12 0.17 0.55
8 10 0.43 0.31
8 13 0.78 0.76
9 11 0.97 0.31
9 13 0.6 0.57
9 15 0.11 0.46
10 14 0.06 0.86
10 15 1 0.75
11 12 0.75 0.24
