0 1 0.36 0.65
0 2 0.44 0.22
0 3 0.42 0.4
0 4 0.62 0.4
0 5 0.38 0.15
0 6 0.93 0.94
0 8 0.25 0.35
0 9 0.54 0.5
0 10 0.99 0.74
1 2 0.24 0.29
1 3 0.12 0.42
1 4 0.39 0.63
1 7 0.1 0.68
1 8 0.58 1
1 9 0.97 0.17
1 10 0.71 0.26
1 11 0.22 0.77
1 13 0.46 0.15
2 3 0.3 0.58
2 4 0.18 0.65
2 5 0.58 0.06
2 6 0.1 0.5
2 7 0.36 0.09
2 11 0.53 0.53
3 4 0.91 0.13
3 5 0.61 0.21
3 6 0.64 0.42
4 5 0.38 0.83
4 7 0.96 0.08
4 8 0.62 0.69
4 9 0.63 0.55
4 11 0.23 0.73
4 12 0.39 0.4
4 14 0.98 0.67
5 6 0.28 0.1
5 7 0.25 0.75
5 10 0.93 0.12
5 15 0.19 0.04
6 11 0.44 0.03
6 12 0.14 0.82
6 15 0.83 0.69
7 8 0.44 0.01
7 12 0.53 0.75
7 13 0.75 0.06
7 14 0.5 0.86
7 15 0.83 0.27
8 9 0.82 0.9
8 10 0.74 0.51
9 12 0.7 0.91
9 13 0.52 0.04
10 15 0.96 0.35
11 13 0.54 0.3
12 14 0.87 0.21
13 14 0.27 0.69
