0 1 0.03 0.09
0 2 0.71 0.99
0 3 0.06 0.81
0 4 0.97 0.65
0 5 0.37 0.11
0 7 0.38 0.37
0 8 0.22 0.42
0 9 0.28 0.93
0 10 0.53 0.26
0 11 0.05 0.35
1 2 0.64 0.63
1 3 0.95 0.28
1 4 0.88 0.55
1 5 0.11 0.76
1 6 0.34 0.21
1 8 0.48 0.41
1 11 0.67 0.2
1 12 0.43 0.95
1 13 0.11 0.2
1 14 0.49 0.91
2 3 0.27 0.46
2 5 0.74 0.07
2 6 0.05 0.92
2 7 0.51 0.23
2 9 0.03 0.15
2 10 0.97 0.49
2 11 0.93 0.34
2 13 0.73 0.07
3 4 0.96 0.81
3 12 0.43 0.83
4 7 0.05 0.43
4 8 0.05 0.16
4 12 0.03 0.78
4 15 0.53 0.3
5 6 0.28 0.29
5 10 0.75 0.86
5 14 0.72 0.62
5 15 0.23 0.53
8 9 0.58 0.23
8 13 0.8 0.82
8 14 0.24 0.47
14 15 0.07 0.84
