0 1 0.81 0.68
0 2 0.74 0.76
0 3 0.78 0.12
0 4 0.81 0.25
0 5 0.64 0.32
0 6 0.6 0.01
0 8 0.58 1
0 9 0.59 0.72
0 10 0.44 0.83
1 2 0.73 0.12
1 3 0.42 0.22
1 4 0.95 0.74
1 7 0.59 0.54
1 8 0.88 0.82
1 9 0.49 0.73
1 10 0.44 0.58
1 11 0.13 0.15
1 13 0.95 0.22
2 3 0.27 0.52
2 4 0.13 0.81
2 5 0.37 0.88
2 6 0.91 0.88
2 7 0.75 0.46
2 11 0.48 0.88
3 4 0.72 0.62
3 5 0.22 0.27
3 6 0.06 0.53
4 5 0.6 0.52
4 7 0.2 0.21
4 8 0.02 0.96
4 9 0.14 0.61
4 11 0.44 0.89
4 12 0.61 0.55
4 14 0.63 0.8
5 6 0.4 0.57
5 7 0.26 0.25
5 10 0.06 0.46
5 15 0.98 0.17
6 11 0.88 0.09
6 12 0.77 0.05
6 15 0.37 0.42
7 8 0.69 0.96
7 12 0.74 0.75
7 13 0.2 0.95
7 14 0.59 0.46
7 15 0.66 0.22
8 9 0.04 0.41
8 10 0.42 0.5
9 12 0.95 0.89
9 13 0.49 0.82
10 15 0.26 0.03
11 13 0.54 0.24
12 14 0.02 0.62
13 14 0.26 0.97
