0 1 0.7 0.36
0 2 0.03 0.67
0 3 1 0.99
0 4 0.15 0.44
0 5 0.12 0.96
0 8 0.16 0.74
0 9 0.29 0.63
0 10 0.03 0.48
0 12 0.46 0.03
0 13 0.22 0.98
0 15 0.58 0.1
1 2 0.4 0.19
1 3 1 0.46
1 4 0.62 0.44
1 5 0.34 0.42
1 6 0.27 0.68
1 7 0.73 0.99
1 10 0.57 0.85
1 12 0.64 0.4
2 3 0.73 0.05
2 4 0.8 0.76
2 5 0.49 0.88
2 6 0.37 0.54
2 7 0.23 0.71
2 8 0.3 0.73
2 13 0.2 0.78
2 14 0.71 0.17
3 4 0.63 0.08
3 11 0.37 0.05
3 13 1 0.06
3 14 0.09 0.76
3 15 0.28 0.94
4 5 0.08 0.48
4 6 0.93 0.76
4 7 0.06 0.29
4 9 0.51 0.69
4 11 0.74 0.91
5 6 0.42 0.35
5 7 0.53 0.59
5 9 0.24 0.17
6 8 0.61 0.75
6 10 0.94 0.63
6 13 0.49 0.33
7 8 0.59 0.71
7 9 0.88 0.33
7 10 0.22 0.94
7 14 0.48 0.16
8 11 0.83 0.21
8 12 0.05 0.43
9 11 0.99 0.61
10 15 0.84 0.52
11 12 0.97 0.87
11 15 0.25 0.85
13 14 0.35 0.06
