0 1 0.31 0.18
0 2 0.71 0.12
0 3 0.66 0.3
0 4 0.6 0.95
0 5 0.95 0.87
0 6 0.01 0.22
1 2 0.3 0.29
1 3 0.95 0.44
1 4 0.16 0.43
1 5 0.42 0.81
1 6 0.64 0.86
1 9 0.17 0.21
1 11 0.47 0.01
1 12 0.94 0.45
2 3 0.11 0.63
2 7 0.14 0.18
2 10 0.48 0.18
2 11 0.83 0.06
2 12 0.46 0.59
3 4 0.88 0.88
3 5 0.44 0.73
3 8 0.4 0.99
3 10 0.63 0.72
3 13 0.04 0.17
4 6 0.98 0.12
4 8 0.93 0.45
5 7 0.2 0.79
5 9 0.13 0.48
5 10 0.39 0.84
5 13 0.31 0.18
5 14 0.53 0.57
5 15 0.53 0.25
6 7 0.39 0.64
6 8 0.04 0.81
6 11 0.79 0.65
6 14 0.4 0.2
8 9 0.93 0.76
8 12 0.13 0.23
8 14 0.75 0.32
8 15 0.29 0.22
9 13 0.02 0.99
9 15 0.27 0.96
