0 1 0.27 0.14
0 2 0.61 0.4
0 3 0.78 0.24
0 4 0.79 0.51
0 5 0.74 0.27
0 6 0.59 0.36
0 7 0.92 0.12
0 8 0.87 0.21
0 10 0.56 0.18
0 12 0.95 0.39
0 14 0.09 0.12
1 2 0.23 0.76
1 3 0.32 0.25
1 4 0.18 0.88
1 10 0.29 0.35
1 11 0.09 0.11
2 3 0.38 0.49
2 4 0.54 0.16
2 5 0.81 0.29
2 6 0.5 0.24
2 7 0.02 0.48
2 8 0.94 0.38
2 10 0.55 0.94
2 11 0.99 0.14
2 13 0.34 0.77
2 14 0.34 1
3 4 0.11 0.41
3 5 0.1 0.49
3 6 0.37 0.21
3 7 0.06 0.85
3 9 0.03 0.48
3 13 0.86 0.68
3 15 0.86 0.34
4 5 0.84 0.51
4 6 0.74 0.94
4 8 0.95 0.06
4 9 0.03 0.02
4 10 0.2 0.82
4 14 0.11 0.51
5 7 0.45 0.78
6 9 0.01 0.03
6 11 0.41 0.72
7 8 0.31 0.15
7 9 0.7 0.7
8 11 0.59 0.06
8 12 0.92 0.81
8 13 0.66 0.7
8 15 0.2 0.24
9 12 0.54 0.7
9 15 0.39 0.77
10 13 0.41 0.87
11 12 0.87 0.38
12 15 0.72 0.42
13 14 0.09 0.12
