0 1 0.46 0.58
0 2 0.77 0.19
0 3 0.72 0.06
0 4 0.68 0.45
0 5 0.08 0.29
0 8 0.36 0.13
0 9 0.63 0.17
0 10 0.93 0.97
0 12 0.06 0.69
0 13 0.04 0.43
0 15 0.96 0.98
1 2 0.13 0.09
1 3 0.14 0.18
1 4 0.88 0.25
1 5 0.92 0.2
1 6 0.18 0.12
1 7 0.32 0.18
1 10 0.9 0.7
1 12 0.73 0.39
2 3 0.93 0.03
2 4 0.35 0.56
2 5 0.24 0.59
2 6 0.01 0.1
2 7 0.19 0.3
2 8 0.35 1
2 13 0.6 0.68
2 14 0.28 0.33
3 4 0.98 0.84
3 11 0.36 0.26
3 13 0.46 0.44
3 14 0.02 0.74
3 15 0.19 0.23
4 5 0.41 0.47
4 6 0.29 0.16
4 7 0.81 0.2
4 9 0.79 0.01
4 11 0.81 0.85
5 6 0.89 0.69
5 7 0.96 0.87
5 9 0.17 0.07
6 8 0.37 0.05
6 10 0.44 0.35
6 13 0.03 0.65
7 8 0.03 0.86
7 9 0.94 0.68
7 10 0.56 0.62
7 14 0.74 0.72
8 11 0.42 0.68
8 12 0.89 0.97
9 11 0.3 0.26
10 15 0.35 0.92
11 12 0.29 0.02
11 15 0.08 0.47
13 14 0.69 0.16
