0 1 0.49 0.11
0 2 0.77 0.94
0 3 0.94 0.91
0 4 0.52 0.76
0 5 0.32 0.87
0 6 0.16 0.62
0 8 0.24 0.52
0 10 0.5 0.57
0 12 0.39 0.7
0 15 0.8 0.71
1 2 0.64 0.6
1 3 0.66 0.92
1 4 0.59 0.71
1 6 0.05 0.42
1 7 0.73 0.11
1 9 0.91 0.81
2 3 0.15 0.8
2 5 0.98 0.9
3 4 0.73 0.28
3 5 0.06 0.42
3 6 0.2 0.88
3 7 0.62 0.12
3 8 0.52 0.7
3 10 0.08 0.73
3 11 0.91 0.6
3 12 0.91 0.52
4 10 0.85 0.82
4 11 0.7 0.59
4 13 0.85 0.74
4 15 0.64 0.75
5 9 0.01 0.95
5 13 0.79 0.58
5 14 0.17 0.83
6 7 0.66 0.32
6 12 0.88 0.61
6 13 0.7 0.79
6 14 0.11 0.85
6 15 0.33 0.8
7 8 0.27 0.19
7 9 0.28 0.61
10 11 0.36 0.56
11 14 0.56 0.76
