0 1 0.63 0.09
0 2 0.04 0.48
0 3 0.59 0.48
0 4 0.11 0.62
0 10 0.69 0.22
0 11 0.83 0.7
0 12 0.14 0.56
0 13 0.98 0.63
0 14 0.04 0.32
0 15 0.87 0.96
1 2 0.49 0.97
1 3 0.89 0.82
1 5 0.24 0.37
1 6 0.8 0.6
1 8 0.21 0.65
1 9 0.92 0.28
1 11 0.51 0.82
1 13 0.94 0.64
2 3 0.77 0.99
2 4 0.26 0.72
2 7 0.87 0.92
2 8 0.66 0.44
2 15 0.75 0.19
3 4 0.97 0.29
3 5 0.12 0.06
3 6 0.01 0.84
3 7 0.7 0.37
3 10 0.34 0.08
3 12 0.08 0.1
3 14 0.16 0.99
3 15 0.96 0.04
4 5 0.69 0.66
4 6 0.41 0.08
4 7 0.35 0.88
4 11 0.58 0.76
4 13 0.07 0.53
6 9 0.49 0.45
6 12 0.49 0.61
6 14 0.75 0.95
7 8 0.92 0.38
7 9 0.62 0.04
7 10 0.24 0.5
