0 1 0.16 0.8
0 2 0.83 0.56
0 3 0.61 0.12
0 4 0.18 0.59
0 6 0.92 0.53
0 7 0.24 0.93
0 8 0.46 0.29
0 9 0.44 0.34
0 10 0.37 0.99
0 13 0.7 0.59
0 15 0.47 0.91
1 2 0.68 0.29
1 3 0.87 0.13
1 4 0.62 0.37
1 5 0.13 0.51
1 7 0.77 0.26
1 8 0.86 0.54
1 9 0.43 0.81
1 12 0.96 0.5
1 14 0.14 0.17
1 15 0.04 0.23
2 3 0.94 0.61
2 5 0.19 0.93
2 6 0.4 0.51
2 8 0.5 0.39
3 4 0.9 0.43
3 5 0.72 0.36
3 9 0.46 0.87
3 12 0.43 0.89
3 13 0.45 0.21
4 6 0.65 0.56
4 11 0.23 0.93
4 14 0.21 0.33
6 7 1 0.35
6 10 0.75 0.63
6 11 0.99 0.23
6 12 0.99 0.1
6 13 0.98 0.51
7 10 0.22 0.73
8 11 0.05 0.75
9 15 0.84 0.57
10 14 0.07 0.99
