0 1 0.17 0.2
0 2 0.63 0.6
0 3 0.07 0.33
0 4 0.58 0.22
0 9 0.67 0.98
0 14 0.48 0.66
1 2 0.52 0.17
1 3 0.87 0.88
1 4 0.98 0.81
1 5 0.95 0.96
1 6 0.25 0.6
1 7 0.65 0.35
1 8 0.12 0.33
1 11 0.54 0.87
1 13 0.19 0.85
1 14 0.67 0.42
2 3 0.63 0.56
2 6 0.36 0.24
2 8 0.91 0.08
2 12 0.76 0.1
3 4 0.14 0.03
3 5 0.44 0.29
3 6 0.81 0.27
3 9 0.79 0.66
3 10 0.57 0.88
3 12 0.21 0.58
4 5 0.24 0.68
4 8 0.39 0.43
4 9 0.77 0.52
4 10 0.41 0.75
4 13 0.56 0.5
4 14 0.06 0.52
5 7 0.56 0.91
5 15 0.88 0.39
6 7 0.58 0.99
6 10 1 0.75
6 11 0.37 0.5
6 12 0.49 0.43
6 15 0.84 0.28
7 15 0.99 0.03
9 13 0.85 0.14
10 11 0.25 0.75
