0 1 0.8 0.89
0 2 0.91 0.06
0 3 0.53 0.35
0 4 0.08 0.16
0 6 0.75 0.78
0 7 0.94 0.74
0 9 0.02 0.65
0 11 0.52 0.8
0 12 0.42 0.97
0 13 0.81 0.51
0 14 0.96 0.95
1 2 0.18 0.32
1 3 0.65 0.04
1 4 0.35 0.64
1 5 0.57 0.13
1 8 0.84 0.83
1 9 0.61 0.6
2 3 0.66 0.64
2 4 0.92 0.06
2 10 0.68 0.9
2 14 0.63 0.47
3 5 0.85 0.65
3 6 0.69 0.89
3 7 0.79 0.8
3 10 0.55 0.53
3 11 0.96 0.95
3 13 0.61 0.76
4 5 0.9 0.88
4 10 0.16 0.54
4 15 0.61 0.59
5 6 0.74 0.6
5 12 0.39 0.08
6 7 0.41 0.81
6 8 0.26 0.6
6 11 0.78 0.78
7 8 0.4 0.5
7 9 0.42 0.8
7 12 0.13 0.04
7 13 0.88 0.97
7 14 0.72 0.9
8 15 0.92 0.91
11 15 0.03 0.69
