0 1 0.32 0.71
0 2 0.32 0.37
0 3 0.59 0.7
0 4 0.07 0.54
0 6 0.51 0.61
0 7 0.43 0.88
0 9 0.74 0.1
0 11 0.71 0.4
0 12 0.91 0.95
0 13 0.39 0.18
0 14 0.18 0.16
1 2 0.86 0.16
1 3 0.41 0.45
1 4 0.6 0.29
1 5 0.56 0.69
1 8 0.52 0.67
1 9 0.53 0.1
2 3 0.65 0.86
2 4 0.77 0.06
2 10 0.52 0.4
2 14 0.41 0.79
3 5 0.04 0.43
3 6 0.14 0.65
3 7 0.64 0.25
3 10 0.73 0.9
3 11 0.19 0.84
3 13 0.36 0.59
4 5 0.32 0.32
4 10 0.28 0.51
4 15 0.62 0.71
5 6 0.86 0.48
5 12 0.02 0.42
6 7 0.43 0.25
6 8 0.59 0.49
6 11 0.43 0.92
7 8 0.18 0.21
7 9 0.18 0.01
7 12 0.08 0.96
7 13 0.02 0.52
7 14 0.55 0.11
8 15 0.59 0.04
11 15 0.44 0.69
