0 1 0.12 0.62
0 2 0.67 0.43
0 3 0.32 1
0 4 0.19 0.97
0 7 0.29 0.97
0 11 0.25 0.63
0 14 0.03 0.33
1 2 0.03 0.17
1 3 0.38 0.68
1 5 0.93 0.08
1 6 0.4 0.26
1 9 0.6 0.01
2 3 0.35 0.67
2 4 0.11 0.43
2 5 0.96 0.01
2 8 0.52 0.91
2 10 0.54 0.11
2 15 0.43 0.84
3 4 0.09 0.32
3 5 0.91 0.2
3 6 0.59 0.83
3 9 0.39 0.6
3 12 0.01 0.71
3 13 0.12 0.77
3 14 0.03 0.07
4 6 0.78 0.89
4 8 0.09 0.66
4 11 0.7 0.92
5 7 0.82 0.44
5 10 0.13 0.73
6 7 0.24 0.06
6 8 0.77 0.42
6 11 0.5 0.83
6 12 0.17 0.81
6 14 0.58 0.63
7 9 0.51 0.43
7 12 0.89 0.32
7 13 0.7 0.8
7 15 0.11 0.24
8 15 0.06 0.51
9 10 0.51 0.4
12 13 0.51 0.6
