0 1 0.71 0.56
0 2 0.14 0.9
0 3 0.24 0.61
0 4 0.35 1
0 7 0.42 0.57
1 2 0.49 0.31
1 3 0.66 0.55
1 4 0.41 0.96
1 5 0.01 0.57
1 6 0.33 0.87
1 10 0.17 0.77
1 12 0.42 0.89
2 3 0.54 0.28
2 4 0.16 0.26
2 7 0.47 0.5
2 9 0.65 0.07
2 10 0.63 0.41
2 11 0.91 0.64
2 12 0.08 0.64
3 5 0.11 0.94
3 6 0.62 0.97
3 8 0.47 0.17
3 11 0.2 0.2
3 12 0.88 0.15
3 15 0.8 0.2
4 5 0.08 0.34
4 6 0.1 0.68
4 8 0.18 0.58
4 11 0.39 0.3
4 14 0.81 0.86
5 14 0.05 0.22
6 7 0.53 0.03
6 8 0.73 0.25
6 9 0.23 0.59
6 10 0.05 0.26
6 13 0.8 0.19
6 15 0.44 0.53
7 9 0.94 0.1
7 14 0.25 0.36
11 13 0.99 0.06
12 13 0.53 0.39
12 15 0.64 0.25
