0 1 0.89 0.02
0 2 0.96 0.61
0 3 0.63 0.18
0 4 0.49 0.21
0 10 0.65 0.4
0 11 0.13 0.99
0 12 0.62 0.6
0 13 0.34 0.64
0 14 0.62 0.78
0 15 0.54 0.16
1 2 0.8 0.01
1 3 0.08 0.94
1 5 0.82 0.28
1 6 0.51 0.49
1 8 0.67 0.86
1 9 0.15 0.06
1 11 0.23 0.62
1 13 0.28 0.16
2 3 0.97 0.59
2 4 0.57 1
2 7 0.87 0.41
2 8 0.26 0.94
2 15 0.82 0.71
3 4 0.91 0.76
3 5 0.11 0.41
3 6 0.06 0.61
3 7 0.31 0.61
3 10 0.76 0.42
3 12 0.05 0.82
3 14 0.36 0.14
3 15 0.5 0.96
4 5 0.45 0.9
4 6 0.27 0.58
4 7 0.74 0.32
4 11 0.54 0.58
4 13 0.49 0.42
6 9 0.88 0.92
6 12 0.18 0.96
6 14 0.87 0.86
7 8 0.71 0.04
7 9 0.55 0.42
7 10 0.79 0.85
