0 1 0.91 0.82
0 2 0.55 0.44
0 3 0.55 0.93
0 4 0.2 0.77
0 5 0.99 0.4
0 7 0.79 0.43
0 8 0.9 0.37
0 9 0.47 0.84
0 10 0.2 0.71
0 12 0.06 0.28
0 15 0.21 0.27
1 2 0.4 0.38
1 3 0.56 0.65
1 4 0.05 0.19
1 5 0.76 0.51
1 6 0.51 0.31
1 8 0.12 0.1
1 11 0.65 0.7
1 12 0.13 0.97
2 3 0.08 0.5
2 4 0.89 0.06
2 5 0.11 0.35
2 6 0.1 0.88
2 7 0.11 0.73
3 4 0.4 0.92
3 7 0.73 0.39
3 9 0.71 0.09
3 10 0.52 0.4
3 12 0.35 0.51
3 13 0.32 0.3
3 14 0.26 0.17
4 5 0.28 0.98
4 6 0.63 0.63
4 8 0.76 0.24
4 9 0.86 0.6
4 14 0.49 0.61
4 15 0.43 0.61
5 6 0.03 0.42
5 12 0.7 0.88
6 7 0.14 0.93
6 8 0.8 0.11
6 11 0.31 0.53
6 13 0.6 0.18
6 14 0.21 0.86
6 15 0.64 0.2
7 9 0.33 0.58
7 10 0.22 0.25
7 11 0.16 0.22
7 15 0.1 0.94
9 10 0.05 0.55
9 11 0.65 0.45
10 13 0.57 0.33
12 13 0.13 0.56
12 14 0.37 0.51
