0 1 0.65 0.51
0 2 0.53 0.35
0 3 0.93 0.73
0 4 0.21 0.75
0 5 0.72 0.84
0 6 0.29 0.2
0 7 0.73 0.8
0 9 0.56 0.67
0 10 0.77 0.64
0 11 0.66 0.2
0 12 0.46 0.1
0 13 0.22 0.89
1 2 0.19 0.92
1 3 0.75 0.31
1 4 0.57 0.06
1 6 0.62 0.61
1 7 0.04 0.98
1 8 0.3 0.82
1 12 0.43 0.24
1 13 0.61 0.26
2 3 0.54 0.14
2 4 0.47 0.34
2 5 0.41 0.4
2 6 0.1 0.08
2 7 0.26 0.23
2 8 0.21 0.07
2 9 0.61 0.98
2 10 0.04 0.23
2 13 0.97 0.97
2 14 0.97 0.23
3 4 0.47 0.15
3 5 0.59 0.9
3 10 0.26 0.39
3 11 0.98 0.14
3 12 0.43 0.79
3 14 0.93 0.92
3 15 0.95 0.09
4 5 0.01 0.13
4 6 0.69 0.05
4 7 0.73 0.7
4 9 0.43 0.79
4 12 0.66 0.35
4 14 0.62 0.51
4 15 0.98 0.95
5 8 0.41 0.32
5 9 0.99 0.72
5 13 0.71 0.79
6 8 0.08 0.63
6 15 0.01 0.7
7 11 0.17 0.55
7 14 0.85 0.98
9 10 0.02 0.19
9 15 0.82 0.74
10 11 0.11 0.24
