0 1 0.2 0.45
0 2 0.42 0.36
0 3 0.47 0.99
0 4 0.4 0.94
0 6 0.93 0.81
0 7 0.71 0.89
0 8 0.9 0.86
0 9 0.41 0.76
0 10 0.67 0.21
0 13 0.42 0.24
0 15 0.55 0.54
1 2 0.84 0.04
1 3 0.18 0.81
1 4 0.93 0.56
1 5 0.39 0.03
1 7 0.34 0.73
1 8 0.36 0.76
1 9 0.32 0.15
1 12 0.51 0.88
1 14 0.73 0.51
1 15 0.31 0.64
2 3 0.48 0.89
2 5 0.74 0.55
2 6 0.09 0.18
2 8 0.51 0.43
3 4 0.16 0.8
3 5 0.14 0.52
3 9 0.31 0.66
3 12 0.96 0.29
3 13 0.13 0.8
4 6 0.61 0.38
4 11 0.39 0.77
4 14 0.66 0.06
6 7 0.3 0.69
6 10 1 0.68
6 11 0.57 0.2
6 12 1 0.65
6 13 0.24 0.29
7 10 0.22 0.22
8 11 0.63 0.37
9 15 0.17 0.41
10 14 0.65 0.35
