0 1 0.12 0.49
0 2 0.1 0.09
0 3 0.41 0.41
0 4 0.86 0.21
0 6 0.87 0.75
0 8 0.6 0.68
0 10 0.35 0.1
0 11 0.91 0.14
0 12 0.59 0.68
0 14 0.23 0.49
0 15 0.48 0.32
1 2 0.93 0.72
1 3 0.05 0.25
1 4 0.03 0.34
1 5 0.16 0.29
1 6 0.94 0.94
1 9 0.99 0.53
1 14 0.85 0.92
2 3 0.06 0.47
2 4 0.09 0.7
2 5 0.26 0.93
2 6 0.19 0.35
2 7 0.46 0.09
2 8 0.71 0.38
2 10 0.39 0.46
2 14 0.28 0.26
3 4 0.81 0.74
3 5 0.32 0.14
3 6 0.26 0.15
3 7 0.44 0.64
3 8 0.71 0.23
3 9 0.77 0.85
3 10 0.12 1
4 5 1 0.72
4 7 0.99 0.45
4 10 0.76 0.3
4 12 0.24 0.39
4 13 0.22 0.4
5 11 0.74 0.07
5 13 0.75 0.69
6 7 0.77 0.16
6 8 0.13 0.18
6 9 0.89 0.39
7 9 0.72 0.32
7 13 0.12 0.86
7 14 0.68 0.26
7 15 0.76 0.32
8 11 0.37 0.63
8 12 1 0.55
8 13 0.18 0.82
9 11 0.06 0.8
10 12 0.27 0.98
11 15 0.86 0.6
13 15 0.37 0.97
