0 1 0.46 0.63
0 2 0.79 0.93
0 3 0.28 0.86
0 4 0.94 0.97
0 6 0.78 0.09
0 7 0.64 0.06
0 9 0.85 0.45
0 11 0.18 0.31
0 12 0.5 0.04
0 13 0.93 0.89
0 14 0.45 0.66
1 2 0.63 0.05
1 3 0.65 0.41
1 4 0.45 0.21
1 5 0.69 0.61
1 8 0.84 0.63
1 9 0.97 0.19
2 3 0.56 0.76
2 4 0.1 0.91
2 10 0.75 0.7
2 14 0.87 0.17
3 5 0.31 0.32
3 6 0.96 0.18
3 7 0.32 1
3 10 0.66 0.57
3 11 0.33 0.76
3 13 0.08 0.29
4 5 0.66 0.33
4 10 0.71 0.88
4 15 0.83 0.26
5 6 0.19 0.51
5 12 0.18 0.11
6 7 0.03 0.05
6 8 0.53 0.35
6 11 0.68 0.26
7 8 0.05 0.23
7 9 0.49 0.78
7 12 0.94 0.18
7 13 0.58 0.38
7 14 0.71 0.89
8 15 0.73 0.75
11 15 0.42 0.37
