0 1 0.57 0.6
0 2 0.8 0.55
0 3 0.95 0.7
0 4 0.88 0.45
0 5 0.5 0.65
0 6 0.65 0.37
0 7 0.27 0.34
0 8 0.66 0.16
0 10 0.19 0.85
0 12 0.41 0.75
0 14 0.75 0.62
1 2 0.05 0.01
1 3 0.21 0.7
1 4 0.37 0.04
1 10 0.74 0.41
1 11 0.6 0.87
2 3 0.57 0.96
2 4 0.88 0.47
2 5 0.76 0.73
2 6 0.87 0.42
2 7 0.65 0.38
2 8 0.87 0.28
2 10 0.45 0.63
2 11 0.53 0.65
2 13 0.64 0.89
2 14 0.57 0.76
3 4 0.21 0.99
3 5 1 0.83
3 6 0.3 0.56
3 7 0.08 0.87
3 9 0.56 0.44
3 13 0.5 0.63
3 15 0.58 0.38
4 5 0.33 0.37
4 6 0.98 0.32
4 8 0.47 0.17
4 9 0.54 0.25
4 10 0.56 0.89
4 14 0.11 0.41
5 7 0.3 0.22
6 9 0.29 0.33
6 11 0.68 0.33
7 8 0.69 0.3
7 9 0.75 0.72
8 11 0.79 0.32
8 12 0.48 0.28
8 13 0.06 0.98
8 15 0.18 0.47
9 12 0.12 0.18
9 15 0.26 0.78
10 13 0.62 0.12
11 12 0.67 0.56
12 15 0.15 0.65
13 14 0.54 0.4
