0 1 0.27 0.95
0 2 0.88 0.09
0 3 0.72 0.63
0 4 0.13 0.59
0 6 0.28 0.49
0 7 0.58 0.84
0 9 0.39 0.67
0 11 0.09 0.82
0 12 0.49 0.54
0 13 0.78 0.55
0 14 0.14 0.48
1 2 0.88 0.44
1 3 0.33 0.52
1 4 1 0.39
1 5 0.72 0.91
1 8 0.19 0.16
1 9 0.96 0.32
2 3 0.71 0.34
2 4 0.1 0.66
2 10 0.37 0.22
2 14 0.38 0.05
3 5 0.93 0.37
3 6 0.63 0.63
3 7 0.2 0.24
3 10 0.22 0.48
3 11 0.31 0.34
3 13 0.72 0.24
4 5 0.91 0.5
4 10 0.56 0.89
4 15 0.61 0.94
5 6 0.23 0.29
5 12 0.23 0.79
6 7 0.15 0.42
6 8 0.48 0.72
6 11 0.84 0.77
7 8 0.58 0.52
7 9 0.01 0.98
7 12 0.31 0.15
7 13 0.56 0.41
7 14 0.35 0.42
8 15 0.44 0.56
11 15 0.12 0.36
