0 1 0.05 0.45
0 2 0.61 0.62
0 3 0.99 0.72
0 4 0.47 0.59
0 5 0.47 0.4
0 8 0.5 0.83
0 9 0.43 0.04
0 10 0.34 0.46
0 12 0.8 0.03
0 13 0.12 0.7
0 15 0.08 0.01
1 2 0.26 0.72
1 3 0.21 0.31
1 4 1 0.01
1 5 0.38 0.31
1 6 0.8 0.72
1 7 0.58 0.24
1 10 0.12 0.89
1 12 0.62 0.71
2 3 0.21 0.2
2 4 0.99 1
2 5 0.65 0.36
2 6 0.74 0.2
2 7 0.08 0.74
2 8 0.46 0.72
2 13 0.63 0.01
2 14 0.42 0.77
3 4 0.92 0.14
3 11 0.55 0.97
3 13 0.6 0.73
3 14 0.36 0.83
3 15 0.74 0.24
4 5 0.92 0.64
4 6 0.06 0.92
4 7 0.9 0.34
4 9 0.08 0.08
4 11 0.39 0.83
5 6 0.87 0.95
5 7 0.23 0.11
5 9 0.1 0.89
6 8 0.08 0.25
6 10 0.61 0.48
6 13 0.49 0.48
7 8 0.05 0.15
7 9 0.18 0.23
7 10 0.24 0.37
7 14 0.23 0.59
8 11 0.94 0.59
8 12 0.72 0.69
9 11 0.52 0.22
10 15 0.72 0.9
11 12 0.95 0.41
11 15 0.65 0.49
13 14 0.15 0.89
