0 1 0.1 0.1
0 2 0.39 0.63
0 3 0.17 0.48
0 4 0.06 0.82
0 7 0.93 0.41
0 11 0.15 0.12
0 14 0.5 0.64
1 2 0.5 0.99
1 3 0.14 0.84
1 5 0.9 0.98
1 6 0.78 0.56
1 9 0.27 0.4
2 3 0.22 0.62
2 4 0.12 0.2
2 5 0.49 0.84
2 8 0.71 0.45
2 10 0.53 0.48
2 15 0.39 1
3 4 0.98 0.08
3 5 0.85 0.75
3 6 0.65 0.81
3 9 0.54 0.23
3 12 0.99 0.74
3 13 0.43 0.86
3 14 0.47 0.38
4 6 0.6 0.96
4 8 0.82 0.57
4 11 0.99 0.58
5 7 0.71 0.9
5 10 0.9 0.08
6 7 0.68 0.61
6 8 0.33 0.89
6 11 0.74 0.67
6 12 0.9 0.43
6 14 0.78 0.37
7 9 0.25 0.69
7 12 0.5 0.09
7 13 0.64 0.54
7 15 0.05 0.82
8 15 0.68 0.92
9 10 0.67 0.87
12 13 0.5 0.44
