0 1 0.15 0.87
0 2 0.73 0.04
0 3 0.81 0.83
0 4 0.44 0.25
0 5 0.67 0.84
0 6 0.42 0.95
0 7 0.03 0.38
0 8 0.18 0.39
0 9 0.66 0.39
0 11 0.02 0.41
0 13 0.14 1
0 14 0.51 0.17
0 15 0.31 0.25
1 2 0.68 0.6
1 3 0.97 1
1 4 0.63 0.32
1 5 0.62 0.8
1 11 0.55 0.53
1 12 0.14 0.72
1 14 0.41 0.5
1 15 0.72 0.46
2 3 0.21 0.2
2 4 0.96 0.8
2 6 0.3 0.18
2 7 0.25 0.72
2 13 0.74 0.64
2 14 0.01 0.3
3 4 0.42 0.87
3 5 0.67 0.6
3 6 0.59 0.91
3 8 0.09 0.9
3 9 0.83 0.65
3 15 0.14 0.81
4 5 0.32 0.84
4 6 0.63 0.86
4 7 0.51 0.59
4 10 0.74 0.16
4 12 0.37 0.98
5 7 0.94 0.43
5 8 0.79 0.81
5 9 0.88 0.79
5 10 0.74 0.41
5 11 0.57 0.35
5 12 0.11 0.36
5 13 0.96 0.4
6 9 0.11 0.82
6 10 0.34 0.01
6 11 0.39 0.97
6 13 0.98 0.18
6 14 0.26 0.6
7 8 0.97 0.32
7 12 0.85 0.51
8 10 0.53 0.73
13 15 0.54 0.93
