0 1 0.67 0.68
0 2 0.27 0.46
0 3 1 0.51
0 4 0.64 0.86
0 6 0.12 0.37
0 7 0.35 0.17
0 9 0.33 0.84
0 11 0.8 0.24
0 12 0.92 0.31
0 13 0.75 0.08
0 14 0.24 0.97
1 2 0.77 0.1
1 3 0.51 0.68
1 4 0.88 0.59
1 5 0.62 0.86
1 8 0.61 0.4
1 9 0.14 0.82
2 3 0.21 0.17
2 4 0.5 0.13
2 10 0.84 0.22
2 14 0.92 0.61
3 5 0.1 0.17
3 6 0.03 0.7
3 7 0.31 0.67
3 10 0.48 0.17
3 11 1 0.46
3 13 0.38 0.18
4 5 0.15 0.17
4 10 0.86 0.31
4 15 0.97 0.6
5 6 0.64 0.45
5 12 0.61 0.82
6 7 1 0.42
6 8 0.73 0.94
6 11 0.79 0.93
7 8 0.37 0.66
7 9 0.4 0.62
7 12 0.74 0.22
7 13 0.18 0.75
7 14 0.05 0.6
8 15 0.24 0.74
11 15 0.94 0.67
