0 1 0.56 0.48
0 2 0.62 0.88
0 3 0.45 0.03
0 4 0.34 0.92
0 5 0.24 0.43
0 6 0.56 0.88
0 7 0.8 0.71
0 8 0.84 0.17
0 9 0.49 0.53
0 11 0.18 0.34
0 12 0.37 0.67
0 13 0.24 0.37
0 14 0.04 0.95
0 15 0.67 0.44
1 2 0.6 0.05
1 3 0.86 0.69
1 4 0.42 0.76
1 5 0.06 0.88
1 6 0.18 0.68
1 7 0.7 0.2
1 8 0.56 0.54
1 10 0.01 0.31
1 12 0.56 0.67
1 13 0.03 0.04
2 3 1 0.24
2 4 0.48 0.78
2 5 0.18 0.56
2 6 0.81 0.34
2 8 0.71 0.04
2 9 0.64 0.84
2 15 0.38 0.72
3 4 0.64 0.83
3 7 0.91 0.98
3 10 0.12 0.78
3 13 0.17 0.54
3 15 0.55 0.89
4 5 0.89 0.37
4 6 0.09 0.41
4 8 0.13 0.97
5 7 0.21 0.68
5 9 0.01 0.43
5 10 0.94 0.1
5 11 0.14 0.64
5 14 0.89 0.09
6 11 0.91 0.79
6 15 0.93 1
7 14 0.22 0.82
8 9 0.44 0.39
8 10 0.85 0.63
8 12 0.52 0.14
9 11 0.53 0.07
10 12 0.55 0.98
10 13 0.57 0.98
10 14 0.97 0.11
