0 1 0.92 0.5
0 2 0.37 0.07
0 3 0.03 0.09
0 4 0.93 0.5
0 5 0.56 0.51
0 6 0.11 0.4
0 7 0.7 0.69
0 8 0.06 0.56
0 10 0.15 0.24
0 12 0.75 0.47
0 14 1 0.03
1 2 0.94 0.17
1 3 0.4 0.48
1 4 0.81 0.5
1 10 0.85 0.77
1 11 0.7 0.04
2 3 0.4 0.56
2 4 0.54 0.93
2 5 0.51 0.54
2 6 0.62 0.92
2 7 0.08 0.01
2 8 0.57 0.81
2 10 0.01 0.18
2 11 0.04 0.72
2 13 0.85 0.69
2 14 0.93 0.11
3 4 0.96 0.53
3 5 0.11 0.97
3 6 0.89 0.18
3 7 0.3 0.51
3 9 0.69 0.04
3 13 0.97 0.14
3 15 0.35 0.02
4 5 0.2 0.23
4 6 0.42 0.54
4 8 0.42 0.38
4 9 0.05 0.5
4 10 0.58 0.76
4 14 0.53 0.67
5 7 0.12 0.71
6 9 0.62 0.43
6 11 0.71 0.35
7 8 0.3 0.66
7 9 0.9 0.67
8 11 0.27 0.92
8 12 0.97 0.42
8 13 0.71 0.05
8 15 0.65 0.7
9 12 0.54 0.95
9 15 0.65 0.42
10 13 0.71 0.36
11 12 0.41 0.58
12 15 0.08 0.71
13 14 0.49 0.98
