0 1 0.19 0.4
0 2 0.22 0.07
0 3 0.61 0.54
0 4 0.69 0.21
0 5 0.8 0.88
0 6 0.35 0.71
0 7 0.19 0.13
0 8 0.9 0.34
0 9 0.2 0.46
0 11 0.39 0.28
0 13 0.68 0.94
0 15 0.57 0.64
1 2 0.69 0.48
1 3 0.49 0.29
1 4 0.39 0.1
1 5 0.15 0.57
1 6 0.66 0.58
1 10 0.57 0.1
1 14 0.68 0.43
1 15 0.29 0.61
2 3 0.22 0.88
2 4 0.36 0.54
2 5 0.33 0.44
2 7 0.64 0.97
2 8 0.67 0.21
2 9 0.84 0.51
2 11 0.73 0.4
2 12 0.91 0.28
2 15 0.86 0.48
3 4 0.59 0.14
3 5 0.44 0.32
3 6 0.54 0.02
3 9 0.85 0.46
3 13 0.77 0.95
4 5 0.89 0.67
4 6 0.34 0.48
4 7 0.02 0.99
4 8 0.53 0.43
4 9 0.62 0.45
4 10 0.8 0.37
4 11 0.42 0.91
4 12 0.42 0.91
4 15 0.12 0.77
5 6 0.48 0.94
5 7 0.21 0.91
5 8 0.23 0.37
5 12 0.02 0.82
5 14 0.55 0.02
6 7 0.18 0.61
6 10 0.81 0.75
6 11 0.26 0.34
6 12 0.02 0.47
6 13 0.43 0.09
7 8 0.26 0.21
7 9 0.04 0.67
7 10 0.32 0.97
7 11 0.85 0.94
7 14 0.75 0.64
8 10 0.59 0.26
10 14 0.22 0.7
10 15 0.42 0.03
11 12 0.69 0.42
11 13 0.27 0.03
11 14 0.54 0.84
12 13 0.43 0.56
