0 1 0.79 0.88
0 2 0.97 0.09
0 3 0.84 0.54
0 4 0.13 0.6
0 5 0.19 0.16
0 7 0.14 0.02
0 8 0.52 0.83
0 9 0.9 0.19
0 10 0.69 0.94
0 12 0.12 0.71
0 15 0.78 0.69
1 2 0.5 0.07
1 3 0.66 0.75
1 4 0.7 0.7
1 5 0.59 0.14
1 6 0.24 0.27
1 8 0.22 0.88
1 11 0.44 0.61
1 12 0.97 0.59
2 3 0.97 0.53
2 4 0.02 0.3
2 5 0.84 0.49
2 6 0.67 0.57
2 7 0.99 0.15
3 4 0.89 0.41
3 7 0.28 0.43
3 9 0.93 0.12
3 10 0.86 0.83
3 12 0.77 0.34
3 13 0.37 0.24
3 14 0.35 0.72
4 5 0.61 0.6
4 6 0.28 0.76
4 8 0.43 0.53
4 9 0.99 0.05
4 14 0.85 0.88
4 15 0.32 0.19
5 6 0.99 0.12
5 12 0.4 0.17
6 7 0.32 0.53
6 8 0.22 0.33
6 11 0.45 0.08
6 13 0.71 0.4
6 14 0.54 0.63
6 15 0.85 0.54
7 9 0.46 0.79
7 10 0.83 0.2
7 11 0.38 0.97
7 15 0.85 0.5
9 10 0.91 0.78
9 11 1 0.03
10 13 0.67 0.68
12 13 0.19 0.84
12 14 0.49 1
