0 1 0.15 0.98
0 2 0.03 0.47
0 3 0.66 0.14
0 4 0.68 0.79
0 5 0.84 0.08
0 6 0.96 0.8
0 7 0.01 0.08
0 9 0.16 0.86
0 10 0.17 0.8
0 11 0.2 0.72
0 12 0.36 0.7
0 13 0.52 0.09
1 2 0.28 0.74
1 3 0.63 0.74
1 4 0.25 0.54
1 6 0.28 0.98
1 7 0.83 0.16
1 8 0.06 0.54
1 12 0.49 0.63
1 13 0.91 0.96
2 3 0.39 0.33
2 4 0.65 0.68
2 5 0.31 0.72
2 6 0.14 0.82
2 7 0.94 0.19
2 8 0.23 0.96
2 9 0.56 0.22
2 10 0.34 0.36
2 13 0.3 0.65
2 14 0.98 0.06
3 4 0.28 0.9
3 5 0.3 0.54
3 10 0.74 0.78
3 11 0.63 0.26
3 12 0.67 0.22
3 14 0.74 0.82
3 15 0.06 0.19
4 5 0.88 0.21
4 6 0.97 0.03
4 7 0.09 0.62
4 9 0.12 0.07
4 12 0.42 0.09
4 14 0.99 0.59
4 15 0.12 0.47
5 8 0.41 0.88
5 9 0.98 0.64
5 13 0.26 0.27
6 8 0.07 0.28
6 15 0.46 0.41
7 11 0.01 1
7 14 0.34 0.42
9 10 0.42 0.31
9 15 0.59 0.22
10 11 0.02 0.56
