0 1 0.4 0.79
0 2 0.92 0.54
0 3 0.07 0.69
0 4 0.18 0.97
0 5 0.85 0.85
0 9 0.11 0.03
0 13 0.57 0.88
1 2 0.32 0.26
1 3 0.92 0.81
1 5 0.54 0.4
1 6 0.51 0.6
1 8 0.72 0.97
1 9 0.05 0.66
1 10 0.05 0.31
2 3 0.91 0.52
2 4 0.96 0.3
2 7 0.49 0.32
2 8 0.64 0.86
2 9 0.65 0.61
2 11 0.82 0.17
2 15 0.01 0.04
3 4 0.05 0.11
3 5 0.4 0.8
3 6 0.14 0.61
3 14 0.34 0.96
4 10 0.26 0.51
4 11 0.94 0.04
4 12 0.23 0.24
5 6 0.71 0.07
5 7 0.55 0.38
5 8 0.19 0.42
6 7 0.76 0.59
6 10 0.11 0.72
6 14 0.19 0.05
7 11 0.39 1
7 14 0.32 0.27
8 12 0.76 0.7
9 12 0.67 0.51
9 15 0.34 0.17
10 13 0.26 0.42
12 13 0.57 0.21
14 15 0.66 0.73
