0 1 0.63 0.05
0 2 0.37 0.23
0 3 0.44 0.72
0 4 0.58 0.58
0 6 0.46 0.86
0 7 1 0.23
0 8 0.55 0.07
0 9 0.18 0.35
0 10 0.33 0.71
0 13 0.19 0.41
0 15 0.91 0.77
1 2 0.6 0.83
1 3 0.75 0.66
1 4 0.08 0.8
1 5 0.87 0.53
1 7 0.29 0.97
1 8 0.55 0.12
1 9 0.81 0.46
1 12 0.6 0.51
1 14 0.78 0.03
1 15 0.58 0.57
2 3 0.07 0.72
2 5 1 0.68
2 6 0.72 0.11
2 8 0.26 0.27
3 4 0.85 0.06
3 5 0.87 0.7
3 9 0.2 0.1
3 12 0.58 0.16
3 13 0.24 0.16
4 6 0.48 0.69
4 11 0.03 0.79
4 14 0.36 0.97
6 7 0.25 0.5
6 10 0.84 0.92
6 11 0.56 0.71
6 12 0.58 0.99
6 13 0.43 0.69
7 10 0.2 0.02
8 11 0.45 0.98
9 15 0.42 0.45
10 14 0.82 0.28
