0 1 0.33 0.56
0 2 1 0.29
0 3 0.42 0.82
0 4 0.42 0.78
0 5 0.3 0.74
0 6 0.66 0.81
0 8 0.27 0.57
0 9 0.11 0.14
0 10 0.21 0.8
0 11 0.17 0.32
0 13 0.24 0.15
1 2 0.11 0.76
1 3 0.71 0.56
1 4 0.25 0.71
1 14 0.23 1
2 3 0.4 0.9
2 4 0.18 0.14
2 5 0.84 0.76
2 6 0.36 0.73
2 7 0.71 0.5
2 12 0.52 0.12
2 13 0.52 0.85
2 15 0.45 0.82
3 4 0.1 0.7
3 5 0.73 0.58
3 7 0.21 0.31
3 9 0.93 0.68
3 13 0.86 0.63
4 5 0.97 0.56
4 6 0.16 0.02
4 7 0.8 0.53
4 15 0.71 0.97
5 6 0.07 0.94
5 7 0.6 0.86
5 8 0.7 0.2
5 10 0.49 0.7
5 11 0.32 0.83
5 12 0.89 0.22
6 8 0.09 0.31
6 9 0.35 0.94
6 11 0.62 0.61
6 14 0.45 0.02
6 15 0.37 0.45
7 8 0.17 0.36
7 12 0.2 0.76
8 9 0.68 0.22
8 10 0.14 0.56
8 13 0.05 0.77
9 10 0.94 0.72
9 11 0.62 0.36
9 14 0.76 0.51
10 15 0.67 0.13
11 12 0.88 0.83
11 14 0.8 0.54
