0 1 0.47 0.14
0 2 0.07 0.27
0 3 0.97 0.95
0 4 0.09 0.27
0 5 0.87 0.12
0 6 0.85 0.9
0 7 0.21 0.71
0 9 0.17 0.64
0 10 0.33 0.25
0 11 0.14 0.94
0 12 0.87 0.07
0 13 0.93 0.48
1 2 0.97 0.23
1 3 0.75 0.86
1 4 0.4 0.6
1 6 0.08 0.85
1 7 0.38 0.74
1 8 0.16 0.27
1 12 0.84 0.15
1 13 0.57 0.01
2 3 0.23 0.87
2 4 0.66 0.47
2 5 0.51 0.68
2 6 0.57 0.12
2 7 0.41 0.06
2 8 0.08 0.25
2 9 0.09 0.96
2 10 0.23 0.36
2 13 0.35 0.08
2 14 0.1 0.07
3 4 0.75 0.46
3 5 0.38 0.94
3 10 0.83 0.88
3 11 0.44 0.55
3 12 0.95 0.31
3 14 0.64 0.1
3 15 0.09 0.18
4 5 0.9 0.1
4 6 1 0.33
4 7 0.35 0.82
4 9 0.17 0.2
4 12 0.88 0.76
4 14 0.19 0.56
4 15 0.43 0.27
5 8 0.02 0.19
5 9 0.25 0.67
5 13 0.88 0.33
6 8 0.32 0.53
6 15 0.35 0.68
7 11 0.73 0.31
7 14 0.71 0.81
9 10 0.41 0.02
9 15 0.23 0.16
10 11 0.44 0.99
