0 1 0.3 0.42
0 2 0.27 0.28
0 3 0.7 0.68
0 4 0.86 0.46
0 5 0.65 0.09
0 6 0.46 0.15
0 8 0.29 0.08
0 10 0.98 0.17
0 12 0.64 0.92
0 15 0.41 0.69
1 2 0.49 0.14
1 3 0.57 0.1
1 4 0.83 0.41
1 6 0.69 0.78
1 7 0.31 0.96
1 9 0.46 0.32
2 3 0.91 0.11
2 5 1 0.48
3 4 0.78 0.21
3 5 0.44 0.42
3 6 0.42 0.75
3 7 0.9 0.2
3 8 0.95 0.45
3 10 0.61 0.15
3 11 0.17 0.8
3 12 0.62 0.67
4 10 0.51 0.19
4 11 0.72 0.75
4 13 0.04 0.75
4 15 0.47 0.41
5 9 0.13 0.95
5 13 0.66 0.02
5 14 0.65 0.44
6 7 0.17 0.31
6 12 0.54 0.99
6 13 0.22 0.59
6 14 0.38 0.63
6 15 0.66 0.49
7 8 0.51 0.73
7 9 0.8 0.26
10 11 0.41 0.88
11 14 0.59 0.46
