0 1 0.73 0.17
0 2 0.19 0.01
0 3 0.15 0.83
0 4 0.57 0.91
0 5 0.39 0.73
0 6 0.74 0.72
0 7 0.61 0.12
0 8 1 0.94
0 10 0.93 0.71
0 12 0.38 0.73
0 14 0.47 0.29
1 2 0.28 0.05
1 3 0.88 0.05
1 4 0.67 0.58
1 10 0.21 0.18
1 11 0.04 0.6
2 3 0.96 0.23
2 4 0.47 0.51
2 5 0.79 0.89
2 6 0.79 0.82
2 7 0.78 0.2
2 8 0.72 0.4
2 10 0.42 0.88
2 11 0.27 0.96
2 13 0.65 0.13
2 14 0.74 0.93
3 4 0.27 0.82
3 5 0.86 0.17
3 6 0.35 0.29
3 7 0.86 0.71
3 9 0.64 0.73
3 13 0.81 0.54
3 15 0.63 0.39
4 5 0.08 0.44
4 6 0.77 0.15
4 8 0.72 0.06
4 9 0.32 0.09
4 10 0.25 0.88
4 14 0.51 0.88
5 7 0.81 1
6 9 0.25 0.19
6 11 0.72 0.34
7 8 0.92 0.85
7 9 0.75 0.61
8 11 0.21 0.8
8 12 0.75 0.35
8 13 0.57 0.29
8 15 0.05 0.84
9 12 0.72 0.58
9 15 0.16 0.11
10 13 0.29 0.64
11 12 0.98 0.38
12 15 0.12 0.38
13 14 0.89 0.87
