0 1 0.97 0.16
0 2 0.51 0.47
0 3 0.74 0.67
0 4 0.47 0.85
0 5 0.19 0.35
0 7 0.62 0.2
0 8 0.12 0.19
0 9 0.52 0.03
0 10 1 0.1
0 12 0.08 0.94
0 15 0.57 0.7
1 2 0.54 0.4
1 3 0.44 0.73
1 4 0.44 0.84
1 5 0.26 0.49
1 6 0.66 0.97
1 8 0.19 0.54
1 11 0.97 0.99
1 12 0.22 0.52
2 3 0.68 0.37
2 4 0.47 0.26
2 5 0.06 0.19
2 6 0.42 0.74
2 7 0.92 0.14
3 4 0.5 0.85
3 7 0.88 0.06
3 9 0.46 0.56
3 10 0.53 0.08
3 12 0.24 0.89
3 13 0.22 0.74
3 14 0.17 0.46
4 5 0.16 0.72
4 6 0.27 0.44
4 8 0.64 0.17
4 9 0.82 0.81
4 14 0.86 0.38
4 15 0.32 0.27
5 6 0.51 0.53
5 12 0.8 0.06
6 7 0.73 0.36
6 8 0.61 0.91
6 11 0.99 0.86
6 13 0.77 0.37
6 14 0.71 0.27
6 15 0.39 0.16
7 9 0.39 0.94
7 10 0.61 0.31
7 11 0.44 0.16
7 15 0.9 0.64
9 10 0.3 1
9 11 1 0.35
10 13 0.03 0.54
12 13 0.99 0.34
12 14 0.15 0.73
