0 1 0.33 0.25
0 2 0.31 0.98
0 3 0.84 0.93
0 4 0.26 0.3
0 5 0.59 0.27
0 6 0.61 0.4
0 7 0.11 0.44
0 9 0.12 0.39
0 10 0.83 0.01
0 11 0.72 0.19
0 12 0.94 0.39
0 13 0.24 0.62
1 2 0.07 0.55
1 3 0.32 0.25
1 4 0.73 0.85
1 6 0.16 0.82
1 7 0.24 0.18
1 8 0.11 0.75
1 12 1 0.88
1 13 0.12 0.25
2 3 0.52 0.02
2 4 0.03 0.36
2 5 0.94 0.27
2 6 0.23 0.38
2 7 0.84 0.11
2 8 0.23 0.68
2 9 0.64 0.82
2 10 0.04 0.65
2 13 0.83 0.88
2 14 0.28 0.51
3 4 0.19 0.48
3 5 1 0.05
3 10 0.43 0.7
3 11 0.88 0.97
3 12 0.37 0.05
3 14 0.66 0.92
3 15 0.66 0.65
4 5 0.03 0.97
4 6 0.29 0.73
4 7 0.51 0.06
4 9 0.18 0.84
4 12 0.17 0.96
4 14 0.59 0.61
4 15 0.58 0.19
5 8 0.78 0.18
5 9 0.07 0.48
5 13 0.73 0.35
6 8 0.25 0.97
6 15 0.09 0.04
7 11 0.3 0.17
7 14 0.16 0.85
9 10 0.63 0.39
9 15 0.91 0.73
10 11 0.72 0.57
