0 1 0.51 0.93
0 2 0.18 0.81
0 3 0.85 0.37
0 4 0.75 0.21
0 6 0.13 0.09
0 7 0.75 0.93
0 8 0.05 0.81
0 9 0.23 0.32
0 10 0.06 0.73
0 13 0.19 0.57
0 15 0.13 0.09
1 2 0.15 0.81
1 3 0.88 0.17
1 4 0.27 0.53
1 5 0.27 0.5
1 7 0.18 0.13
1 8 0.45 0.58
1 9 0.31 0.41
1 12 0.63 0.1
1 14 0.68 0.36
1 15 0.85 0.73
2 3 0.97 0.72
2 5 0.55 0.09
2 6 0.66 0.54
2 8 0.44 0.82
3 4 0.52 0.65
3 5 0.26 0.9
3 9 0.74 0.56
3 12 0.82 0.77
3 13 0.42 0.62
4 6 0.49 0.6
4 11 0.04 0.33
4 14 0.69 0.65
6 7 0.05 0.1
6 10 0.28 0.04
6 11 0.96 1
6 12 0.17 0.91
6 13 0.54 0.14
7 10 0.3 0.7
8 11 0.86 0.81
9 15 0.75 0.03
10 14 0.97 0.11
