0 1 0.09 0.96
0 2 0.6 0.69
0 3 0.67 0.24
0 4 0.54 0.99
0 10 0.24 0.42
0 11 0.33 0.55
0 12 0.49 0.23
0 13 0.65 0.14
0 14 0.54 0.35
0 15 0.65 0.84
1 2 0.92 0.4
1 3 0.29 0.16
1 5 0.22 0.05
1 6 1 0.53
1 8 0.48 0.22
1 9 0.48 0.42
1 11 0.05 0.01
1 13 0.15 0.21
2 3 0.59 0.69
2 4 0.64 0.2
2 7 0.59 0.82
2 8 0.91 0.75
2 15 0.08 0.74
3 4 0.76 0.84
3 5 0.53 0.41
3 6 0.41 0.06
3 7 1 0.96
3 10 0.99 0.77
3 12 0.9 0.88
3 14 0.29 0.61
3 15 0.04 0.22
4 5 0.79 0.68
4 6 0.24 0.73
4 7 0.04 0.88
4 11 0.97 0.06
4 13 0.68 0.07
6 9 0.47 0.01
6 12 0.18 0.92
6 14 0.9 0.72
7 8 0.1 0.17
7 9 0.61 0.24
7 10 0.89 0.18
