0 1 0.55 0.34
0 2 0.44 0.75
0 3 0.88 0.93
0 4 0.35 0.22
0 5 0.57 0.79
0 7 0.94 0.04
0 8 0.86 0.73
0 10 0.84 0.56
0 12 0.75 0.63
0 14 0.72 0.69
1 2 0.59 0.12
1 3 0.01 0.42
1 4 0.67 0.32
1 5 0.02 0.24
1 6 0.2 0.23
1 10 0.4 0.67
2 3 0.45 0.48
2 4 0.22 0.45
2 5 0.49 0.06
2 6 0.9 0.79
2 7 0.15 0.39
2 8 0.9 0.64
2 9 0.6 0.07
2 10 0.83 0.68
2 11 0.56 0.59
2 13 0.25 0.8
2 14 0.72 0.66
2 15 0.5 0.45
3 4 0.28 0.42
3 5 0.08 0.4
3 6 0.44 0.41
3 7 0.4 0.57
3 8 1 0.05
3 9 0.28 0.92
3 11 0.03 0.84
3 12 0.36 0.94
4 9 0.75 0.9
4 15 0.37 0.77
5 6 0.35 0.77
5 11 0.74 0.72
5 13 0.94 0.42
6 7 0.63 0.31
6 8 0.28 0.77
6 9 0.03 0.15
6 14 0.27 0.2
7 12 0.81 0.91
8 10 0.43 0.57
8 13 0.27 0.16
9 11 0.17 0.53
9 13 0.46 0.53
9 15 0.45 0.58
10 14 0.55 0.82
10 15 0.71 0.18
11 12 0.17 0.42
