0 1 0.07 0.31
0 2 0.36 0.36
0 3 0.68 0.88
0 4 0.33 0.12
0 5 0.1 0.97
0 6 0.3 0.72
0 8 0.47 0.29
0 10 0.6 0.32
0 12 0.75 0.97
0 15 0.87 0.95
1 2 0.17 0.48
1 3 0.75 0.32
1 4 0.36 0.04
1 6 0.64 0.94
1 7 0.63 0.93
1 9 0.44 0.94
2 3 0.74 0.63
2 5 0.18 0.05
3 4 0.86 0.16
3 5 0.95 0.04
3 6 0.75 0.74
3 7 0.67 0.09
3 8 0.1 0.98
3 10 0.25 0.53
3 11 0.89 0.52
3 12 0.69 0.98
4 10 0.63 0.37
4 11 0.99 0.52
4 13 0.68 0.68
4 15 0.01 0.34
5 9 0.98 0.03
5 13 0.05 0.54
5 14 0.31 0.29
6 7 0.28 0.46
6 12 0.57 0.53
6 13 0.57 0.5
6 14 0.64 0.59
6 15 0.28 0.19
7 8 0.33 0.24
7 9 0.24 0.91
10 11 0.14 0.75
11 14 0.74 0.55
