0 1 0.19 0.7
0 2 0.45 0.14
0 3 0.42 0.09
0 4 0.29 0.18
0 5 0.2 0.94
0 6 0.74 0.54
0 7 0.74 0.87
0 8 0.54 0.75
0 9 0.3 0.11
0 11 0.07 0.05
0 13 0.61 0.51
0 15 0.9 0.26
1 2 0.54 0.07
1 3 0.42 0.34
1 4 0.23 0.21
1 5 0.9 0.15
1 6 0.85 0.27
1 10 0.34 0.96
1 14 0.75 0.58
1 15 0.52 0.5
2 3 0.25 0.92
2 4 0.04 0.12
2 5 0.73 0.2
2 7 0.02 0.48
2 8 0.97 0.95
2 9 0.02 0.99
2 11 0.15 0.87
2 12 0.84 0.75
2 15 0.68 0.14
3 4 0.78 0.96
3 5 0.73 0.21
3 6 0.74 0.35
3 9 0.81 0.01
3 13 0.05 0.98
4 5 0.49 0.15
4 6 0.01 0.64
4 7 0.43 0.36
4 8 0.51 0.79
4 9 0.3 0.3
4 10 0.53 0.67
4 11 0.59 0.12
4 12 0.72 0.94
4 15 0.75 0.36
5 6 0.03 0.92
5 7 0.22 0.41
5 8 0.75 0.1
5 12 0.47 0.98
5 14 0.78 0.46
6 7 0.02 0.88
6 10 0.55 0.85
6 11 0.37 0.2
6 12 0.61 0.53
6 13 0.03 0.79
7 8 0.56 0.75
7 9 0.49 0.38
7 10 0.03 0.67
7 11 0.61 0.15
7 14 0.62 0.41
8 10 0.98 0.82
10 14 0.86 0.59
10 15 0.93 0.86
11 12 0.45 0.45
11 13 0.17 0.25
11 14 0.21 0.82
12 13 0.3 0.18
