0 1 0.48 1
0 2 0.58 0.29
0 3 0.06 0.63
0 4 0.9 0.89
0 5 0.91 0.14
0 6 0.59 0.96
0 7 0.43 0.64
0 8 0.18 0.29
0 9 0.31 0.93
0 11 0.46 0.89
0 12 0.71 0.03
0 13 0.49 0.38
0 14 0.65 0.25
0 15 0.5 0.5
1 2 0.31 0.26
1 3 0.71 0.68
1 4 0.85 0.8
1 5 0.81 0.39
1 6 0.38 0.25
1 7 0.12 0.25
1 8 0.7 0.76
1 10 0.63 0.43
1 12 0.7 0.15
1 13 0.45 0.76
2 3 0.41 0.58
2 4 0.76 0.29
2 5 0.04 0.51
2 6 0.65 0.96
2 8 0.35 0.37
2 9 0.69 0.82
2 15 0.77 0.6
3 4 0.6 0.74
3 7 0.48 0.36
3 10 0.62 0.07
3 13 0.9 0.85
3 15 0.44 0.61
4 5 0.93 0.54
4 6 0.34 0.08
4 8 0.49 0.41
5 7 0.17 0.01
5 9 0.81 0.56
5 10 0.24 0.59
5 11 0.69 0.89
5 14 0.8 0.03
6 11 0.32 0.69
6 15 0.91 0.71
7 14 0.08 0.04
8 9 0.51 0.08
8 10 0.76 0.26
8 12 0.48 0.35
9 11 0.95 0.01
10 12 0.46 0.97
10 13 0.98 0.96
10 14 0.6 0.96
