0 1 0.66 0.57
0 2 0.53 0.75
0 3 0.15 0.1
0 4 0.98 0.38
0 10 0.86 0.03
0 11 0.34 0.91
0 12 0.73 0.4
0 13 0.65 0.09
0 14 0.32 0.22
0 15 0.79 0.81
1 2 0.13 0.51
1 3 0.5 0.34
1 5 0.32 0.62
1 6 0.67 0.87
1 8 0.86 0.25
1 9 0.75 0.08
1 11 0.15 0.93
1 13 0.7 0.75
2 3 0.34 0.08
2 4 0.7 0.19
2 7 0.14 0.95
2 8 0.33 0.41
2 15 0.63 0.68
3 4 0.39 0.68
3 5 0.9 0.67
3 6 0.67 0.8
3 7 0.57 0.93
3 10 0.66 0.67
3 12 0.35 0.13
3 14 0.27 0.21
3 15 0.4 0.74
4 5 0.78 0.96
4 6 0.57 0.43
4 7 0.64 0.68
4 11 0.61 0.28
4 13 0.28 0.1
6 9 0.6 0.04
6 12 0.55 0.82
6 14 0.4 0.73
7 8 0.05 0.92
7 9 0.88 0.18
7 10 0.73 0.14
