0 1 0.29 0.31
0 2 0.78 0.07
0 3 0.58 0.44
0 4 0.71 0.56
0 5 0.78 0.4
0 6 0.91 0.65
0 7 0.92 0.07
0 8 0.02 1
0 10 0.28 0.25
0 12 0.28 0.72
0 14 0.58 0.53
1 2 0.64 0.19
1 3 0.7 0.89
1 4 0.44 0.59
1 10 0.13 0.22
1 11 0.29 0.02
2 3 0.62 0.86
2 4 0.29 0.56
2 5 0.9 0.6
2 6 0.11 0.78
2 7 0.55 0.02
2 8 0.14 0.67
2 10 0.05 0.24
2 11 0.37 0.37
2 13 0.73 0.08
2 14 0.16 0.76
3 4 0.59 0.08
3 5 0.35 0.42
3 6 0.3 0.51
3 7 0.72 0.74
3 9 0.32 0.26
3 13 0.42 0.71
3 15 0.3 0.09
4 5 0.74 0.63
4 6 0.74 0.8
4 8 0.57 0.18
4 9 0.95 0.45
4 10 0.58 0.92
4 14 0.62 0.71
5 7 0.31 0.46
6 9 0.24 0.44
6 11 0.11 0.09
7 8 0.81 0.2
7 9 0.73 0.73
8 11 0.29 0.58
8 12 0.12 0.95
8 13 0.77 0.29
8 15 0.89 0.22
9 12 0.29 0.42
9 15 0.79 0.85
10 13 0.4 0.99
11 12 0.49 0.18
12 15 0.44 0.24
13 14 0.29 0.17
