0 1 0.17 0.79
0 2 0.82 0.85
0 3 0.62 0.38
0 4 0.39 0.3
0 6 0.95 0.77
0 7 0.6 0.77
0 8 0.76 0.88
0 9 0.43 0.9
0 10 0.05 0.84
0 13 0.64 0.02
0 15 0.36 0.28
1 2 0.33 0.43
1 3 0.16 0.63
1 4 0.58 0.66
1 5 0.35 0.23
1 7 0.43 0.61
1 8 0.31 0.48
1 9 0.71 0.26
1 12 0.96 0.87
1 14 0.18 0.13
1 15 0.4 0.11
2 3 0.21 0.51
2 5 0.81 1
2 6 0.82 0.09
2 8 0.94 0.83
3 4 0.97 0.02
3 5 0.92 0.15
3 9 0.45 0.4
3 12 0.68 0.31
3 13 0.54 0.3
4 6 0.37 0.78
4 11 0.49 0.86
4 14 0.4 0.01
6 7 0.22 0.7
6 10 0.7 0.9
6 11 0.15 0.19
6 12 0.16 0.54
6 13 0.27 0.95
7 10 0.92 0.44
8 11 0.31 0.98
9 15 0.3 0.9
10 14 0.59 0.68
