0 1 0.52 0.27
0 2 0.6 0.38
0 3 0.39 0.84
0 4 0.2 0.18
0 5 0.76 0.48
0 6 0.22 0.61
0 7 0.45 0.59
0 8 0.25 0.71
0 9 0.67 0.09
0 11 0.73 0.17
0 12 0.76 0.61
0 13 0.74 0.59
0 14 0.24 0.89
0 15 0.03 0.27
1 2 0.83 0.6
1 3 0.25 0.85
1 4 0.84 0.47
1 5 0.48 0.62
1 6 0.82 0.26
1 7 0.17 0.95
1 8 0.69 0.88
1 10 0.84 0.4
1 12 0.7 1
1 13 0.2 0.84
2 3 0.64 0.09
2 4 0.53 0.77
2 5 0.87 0.01
2 6 0.43 0.85
2 8 0.01 0.56
2 9 0.38 0.1
2 15 0.3 0.35
3 4 0.65 0.21
3 7 0.32 0.86
3 10 0.09 0.97
3 13 0.21 0.6
3 15 0.67 0.52
4 5 0.5 0.64
4 6 0.06 0.02
4 8 0.97 0.52
5 7 0.98 1
5 9 0.96 0.68
5 10 0.2 0.96
5 11 0.94 0.84
5 14 0.31 0.66
6 11 0.31 0.51
6 15 0.14 0.22
7 14 0.67 0.8
8 9 0.65 0.34
8 10 0.8 0.04
8 12 0.57 0.06
9 11 0.2 0.2
10 12 0.81 0.39
10 13 0.45 0.3
10 14 0.53 0.34
