0 1 0.19 0.25
0 2 0.24 0.93
0 3 0.37 0.46
0 4 0.35 0.71
0 5 0.32 0.41
0 6 0.37 0.39
0 7 0.92 0.92
0 8 0.63 0.37
0 10 0.33 0.35
0 12 0.88 0.37
0 14 0.94 0.87
1 2 0.81 0.07
1 3 0.91 0.28
1 4 0.27 0.44
1 10 0.57 0.08
1 11 0.94 0.64
2 3 0.92 0.51
2 4 0.24 0.22
2 5 0.83 0.77
2 6 0.49 0.02
2 7 0.45 0.86
2 8 0.35 0.67
2 10 0.17 0.47
2 11 0.3 0.27
2 13 0.12 0.99
2 14 0.42 0.68
3 4 0.96 0.22
3 5 0.53 0.76
3 6 0.87 0.42
3 7 0.37 0.15
3 9 0.69 0.55
3 13 0.28 0.17
3 15 0.15 0.99
4 5 0.76 0.4
4 6 0.12 0.84
4 8 0.37 0.2
4 9 0.33 0.6
4 10 0.09 0.96
4 14 0.7 0.98
5 7 0.93 0.61
6 9 0.26 0.84
6 11 0.49 0.62
7 8 0.59 0.35
7 9 0.47 0.13
8 11 0.27 0.66
8 12 0.09 0.05
8 13 0.56 0.23
8 15 0.45 0.97
9 12 0.16 0.01
9 15 0.12 0.16
10 13 0.14 0.19
11 12 0.9 0.08
12 15 0.82 0.39
13 14 0.12 0.13
