0 1 0.51 0.61
0 2 0.66 0.29
0 3 0.43 0.18
0 4 0.94 0.95
0 7 0.95 0.44
1 2 0.68 0.19
1 3 0.76 0.94
1 4 0.31 0.9
1 5 0.83 0.95
1 6 0.76 0.91
1 10 0.95 0.66
1 12 0.72 0.78
2 3 0.99 0.68
2 4 0.69 0.75
2 7 0.1 0.11
2 9 0.59 0.82
2 10 0.8 0.81
2 11 0.52 0.42
2 12 0.2 0.82
3 5 0.04 0.95
3 6 0.09 0.89
3 8 0.14 0.05
3 11 0.08 0.51
3 12 0.29 0.06
3 15 0.85 0.4
4 5 0.6 0.07
4 6 0.23 0.21
4 8 0.48 0.79
4 11 0.74 0.74
4 14 0.44 0.15
5 14 0.4 0.96
6 7 0.95 0.18
6 8 0.04 0.37
6 9 0.78 0.94
6 10 0.02 0.76
6 13 0.78 0.72
6 15 0.67 0.07
7 9 0.83 0.8
7 14 0.27 0.81
11 13 0.64 0.6
12 13 0.8 0.81
12 15 0.3 0.75
