0 1 0.13 0.22
0 2 0.36 0.19
0 3 0.48 0.26
0 4 0.06 0.36
0 5 0.63 0.02
0 6 0.28 0.92
0 7 0.52 0.38
0 8 0.6 1
0 9 0.58 0.71
0 11 0.94 0.63
0 13 0.21 0.83
0 14 0.39 0.47
0 15 0.32 0.28
1 2 0.72 0.39
1 3 0.14 0.81
1 4 0.26 0.28
1 5 0.27 0.82
1 11 0.19 0.29
1 12 0.92 0.92
1 14 0.24 0.46
1 15 0.92 0.23
2 3 0.68 0.78
2 4 0.64 1
2 6 0.42 0.96
2 7 0.03 0.11
2 13 0.05 0.53
2 14 0.55 0.35
3 4 0.93 0.25
3 5 0.22 0.86
3 6 0.15 0.37
3 8 0.26 0.69
3 9 0.87 0.96
3 15 0.55 0.96
4 5 0.77 0.47
4 6 0.18 0.22
4 7 0.42 0.05
4 10 0.13 0.35
4 12 0.92 0.45
5 7 0.8 0.73
5 8 0.88 0.87
5 9 0.18 0.87
5 10 0.84 0.37
5 11 0.56 1
5 12 0.75 0.5
5 13 0.24 0.62
6 9 0.24 0.78
6 10 0.09 0.28
6 11 0.51 0.11
6 13 1 0.69
6 14 0.09 0.08
7 8 0.1 0.45
7 12 0.43 0.21
8 10 0.19 0.99
13 15 0.54 0.06
