0 1 0.56 0.18
0 2 0.75 0.76
0 3 0.51 0.3
0 4 0.27 0.06
0 7 0.81 0.69
1 2 0.11 0.24
1 3 0.75 0.49
1 4 0.44 0.5
1 5 0.09 0.02
1 6 0.38 0.17
1 10 0.43 0.73
1 12 0.68 0.84
2 3 0.16 0.45
2 4 0.7 0.31
2 7 0.2 0.16
2 9 0.38 0.88
2 10 0.71 0.68
2 11 0.63 0.11
2 12 0.94 0.83
3 5 0.01 0.43
3 6 0.6 0.85
3 8 0.52 0.03
3 11 0.7 0.63
3 12 0.01 0.27
3 15 0.56 0.21
4 5 0.73 0.64
4 6 0.54 0.82
4 8 0.54 0.15
4 11 0.99 0.35
4 14 0.81 0.21
5 14 0.44 0.33
6 7 0.92 0.29
6 8 0.63 0.3
6 9 0.97 0.11
6 10 0.88 0.01
6 13 0.65 0.58
6 15 0.45 0.26
7 9 0.8 0.05
7 14 0.33 0.44
11 13 0.47 0.62
12 13 0.84 0.13
12 15 0.34 0.81
