0 1 0.11 0.13
0 2 0.86 0.84
0 3 0.77 0.67
0 4 0.01 0.5
0 7 0.6 0.92
0 11 0.45 0.38
0 14 0.97 0.49
1 2 0.06 0.95
1 3 0.81 0.25
1 5 0.35 0.4
1 6 0.13 0.76
1 9 0.13 0.87
2 3 0.05 0.06
2 4 0.94 0.74
2 5 0.12 0.88
2 8 0.44 0.68
2 10 0.09 0.76
2 15 0.68 0.55
3 4 0.76 0.27
3 5 0.99 0.14
3 6 0.35 0.22
3 9 0.73 0.63
3 12 0.46 0.03
3 13 0.28 0.48
3 14 0.02 0.39
4 6 0.98 0.77
4 8 0.13 0.3
4 11 0.03 0.79
5 7 0.71 0.15
5 10 0.08 0.63
6 7 0.57 0.12
6 8 0.12 0.87
6 11 0.01 0.94
6 12 0.75 0.09
6 14 0.07 0.02
7 9 0.15 0.46
7 12 0.83 0.24
7 13 0.62 0.9
7 15 0.28 0.64
8 15 0.94 0.61
9 10 0.14 0.71
12 13 0.04 0.57
