0 1 0.46 0.72
0 2 0.56 0.77
0 3 0.89 0.1
0 4 0.24 0.15
0 5 0.35 0.4
0 6 0.84 0.42
1 2 0.79 0.42
1 3 0.78 0.15
1 4 0.19 0.33
1 5 0.87 0.79
1 6 0.03 0.2
1 9 0.74 0.81
1 11 0.03 0.01
1 12 0.05 0.35
2 3 0.02 0.65
2 7 0.58 0.04
2 10 0.35 0.66
2 11 0.36 0.17
2 12 0.24 0.46
3 4 0.59 0.65
3 5 0.94 0.19
3 8 0.06 0.76
3 10 0.91 0.56
3 13 0.68 0.77
4 6 0.4 0.51
4 8 0.56 0.86
5 7 0.07 0.79
5 9 0.43 0.96
5 10 0.28 0.92
5 13 0.69 0.06
5 14 0.95 0.97
5 15 0.06 0.08
6 7 0.17 0.5
6 8 0.68 0.32
6 11 0.64 0.31
6 14 1 0.77
8 9 0.42 0.66
8 12 0.89 0.95
8 14 0.41 0.53
8 15 0.79 0.06
9 13 0.86 0.92
9 15 0.18 0.62
