0 1 0.9 0.54
0 2 0.7 0.56
0 3 0.78 0.36
0 4 0.05 0.45
0 5 0.73 0.32
0 6 0.16 0.02
0 7 0.45 0.79
0 11 0.27 0.03
1 2 0.51 0.46
1 3 0.28 0.79
1 4 0.82 0.83
1 5 0.2 0.37
1 6 0.28 0.78
1 7 0.3 0.43
1 8 0.05 0.47
1 9 0.87 0.3
1 11 0.67 1
1 12 0.86 0.77
2 3 0.01 0.74
2 4 0.3 0.76
2 5 0.45 0.15
2 6 0.73 0.15
2 7 0.54 0.81
2 9 0.52 0.19
2 10 0.52 0.38
2 15 0.08 0.86
3 4 0.1 0.26
3 5 0.12 0.14
3 6 0.14 0.88
3 8 0.78 0.72
3 10 0.31 0.87
3 11 0.92 0.33
3 12 0.06 0.24
3 14 0.22 0.84
4 12 0.13 0.3
5 7 0.24 0.94
5 8 0.88 0.37
5 9 0.75 0.18
5 10 0.99 0.69
6 12 0.85 0.56
6 14 0.44 0.53
7 8 0.21 0.43
7 9 0.35 0.74
7 10 0.69 0.24
7 11 0.88 0.83
7 15 0.07 0.86
8 13 0.2 0.13
8 14 0.89 0.15
8 15 0.09 0.29
10 13 0.76 0.67
11 13 0.02 0.68
11 15 0.71 0.94
12 13 0.86 0.29
13 14 0.9 0.72
