0 1 0.08 0.8
0 2 0.26 0.95
0 3 0.46 0.27
0 4 0.2 0.49
0 5 0.42 0.89
0 6 0.89 0.15
0 7 0.17 0.68
0 9 0.11 0.61
0 10 0.05 0.44
0 11 0.07 0.16
0 12 0.29 0.97
0 13 0.53 0.12
1 2 0.98 0.37
1 3 0.55 0.95
1 4 0.22 0.51
1 6 0.38 0.52
1 7 0.92 0.82
1 8 0.87 0.15
1 12 0.84 0.45
1 13 0.61 0.96
2 3 0.12 0.98
2 4 0.91 0.29
2 5 0.8 0.14
2 6 0.02 0.41
2 7 0.68 0.71
2 8 0.4 0.4
2 9 0.6 0.72
2 10 0.25 0.93
2 13 0.61 0.6
2 14 0.84 0.55
3 4 0.89 0.41
3 5 0.1 0.51
3 10 0.77 0.59
3 11 0.92 0.61
3 12 0.99 0.78
3 14 0.94 0.6
3 15 0.38 0.09
4 5 0.22 0.76
4 6 0.57 0.03
4 7 0.78 0.75
4 9 0.93 0.74
4 12 0.99 0.08
4 14 0.97 0.22
4 15 0.99 0.39
5 8 0.03 0.09
5 9 0.28 0.4
5 13 0.37 0.05
6 8 0.28 0.81
6 15 0.26 0.37
7 11 0.93 0.72
7 14 0.91 0.92
9 10 0.05 0.88
9 15 0.32 0.49
10 11 0.24 0.6
