0 1 0.56 0.73
0 2 0.77 0.25
0 3 0.55 0.28
0 4 0.97 0.86
0 5 0.73 0.12
0 6 0.27 0.69
0 7 0.37 0.41
0 8 0.69 0.63
0 9 0.35 0.06
0 11 0.3 0.55
0 13 0.14 0.85
0 15 0.66 0.83
1 2 0.65 0.81
1 3 0.72 0.88
1 4 0.87 0.68
1 5 0.07 0.89
1 6 0.82 0.67
1 10 0.24 0.54
1 14 0.05 0.31
1 15 0.16 0.22
2 3 0.56 0.28
2 4 0.76 0.26
2 5 0.12 0.9
2 7 0.83 0.66
2 8 0.64 0.64
2 9 0.19 0.86
2 11 0.9 0.27
2 12 0.33 0.2
2 15 0.73 0.01
3 4 0.47 0.53
3 5 0.37 0.38
3 6 0.44 0.86
3 9 0.42 0.66
3 13 0.36 0.88
4 5 0.87 0.47
4 6 0.1 0.88
4 7 0.42 0.47
4 8 0.51 0.18
4 9 0.97 0.1
4 10 0.14 0.46
4 11 0.91 0.56
4 12 0.38 0.63
4 15 0.72 0.83
5 6 0.31 0.98
5 7 0.18 0.48
5 8 0.23 0.57
5 12 0.28 0.48
5 14 0.8 0.2
6 7 0.01 0.31
6 10 0.12 0.86
6 11 0.12 0.14
6 12 0.29 0.15
6 13 0.32 0.89
7 8 0.1 0.87
7 9 0.65 0.71
7 10 0.19 0.81
7 11 0.98 0.37
7 14 0.2 0.38
8 10 0.69 0.41
10 14 0.02 0.37
10 15 0.6 0.54
11 12 0.83 0.28
11 13 0.11 0.96
11 14 0.1 0.99
12 13 0.15 0.16
