0 1 0.56 0.6
0 2 0.65 0.82
0 3 0.92 0.92
0 4 0.63 0.01
0 5 0.15 0.22
0 6 0.86 0.61
0 7 1 0.37
0 8 0.56 0.21
0 9 0.64 0.93
0 11 0.46 0.87
0 13 0.86 0.89
0 14 0.59 0.27
0 15 0.43 0.86
1 2 0.35 0.97
1 3 0.83 0.46
1 4 0.07 0.23
1 5 0.37 0.7
1 11 0.74 1
1 12 0.33 0.63
1 14 0.6 0.17
1 15 0.8 0.65
2 3 0.81 0.59
2 4 0.46 0.63
2 6 0.52 0.67
2 7 0.18 0.24
2 13 0.86 0.55
2 14 0.56 0.7
3 4 0.56 0.37
3 5 0.14 0.1
3 6 0.72 0.39
3 8 0.33 0.02
3 9 0.05 0.96
3 15 0.89 0.97
4 5 0.12 0.13
4 6 0.52 0.8
4 7 0.52 0.6
4 10 0.83 0.54
4 12 0.14 0.42
5 7 0.99 0.98
5 8 0.81 0.8
5 9 0.53 0.68
5 10 0.18 1
5 11 0.78 0.7
5 12 0.67 0.27
5 13 0.3 0.6
6 9 0.29 0.44
6 10 0.86 0.65
6 11 0.62 0.73
6 13 0.16 0.84
6 14 0.56 0.31
7 8 0.48 0.3
7 12 0.37 0.43
8 10 0.43 0.26
13 15 0.8 0.8
