0 1 0.37 0.84
0 2 0.34 0.41
0 3 0.66 0.69
0 4 0.24 0.68
0 5 0.63 0.41
0 6 0.34 0.3
0 7 0.28 0.35
0 8 0.1 0.91
0 9 0.11 0.04
0 11 0.84 0.64
0 13 0.76 0.14
0 14 0.19 0.38
0 15 0.35 0.92
1 2 0.98 0.05
1 3 0.93 0.77
1 4 0.96 0.88
1 5 0.07 0.34
1 11 0.37 0.82
1 12 0.94 0.34
1 14 0.3 0.77
1 15 0.3 0.99
2 3 0.29 0.04
2 4 0.56 0.73
2 6 0.66 0.34
2 7 0.6 0.67
2 13 0.5 0.2
2 14 0.08 0.49
3 4 0.47 0.72
3 5 0.16 1
3 6 0.71 0.49
3 8 0.25 0.71
3 9 0.97 0.22
3 15 0.84 0.41
4 5 0.83 0.79
4 6 0.4 0.75
4 7 0.09 0.42
4 10 0.18 0.05
4 12 0.65 0.47
5 7 0.92 0.09
5 8 0.45 0.84
5 9 0.61 0.51
5 10 0.65 0.43
5 11 0.42 0.67
5 12 0.69 0.66
5 13 0.45 0.71
6 9 0.99 0.72
6 10 0.73 0.02
6 11 0.48 0.29
6 13 0.34 0.53
6 14 0.19 0.96
7 8 0.31 0.14
7 12 0.1 0.43
8 10 0.09 0.8
13 15 0.99 0.35
