0 1 0.7 0.33
0 2 0.72 0.02
0 3 0.84 0.22
0 4 0.92 0.98
0 5 0.93 0.41
0 6 0.11 0.32
0 7 0.65 0.27
0 9 0.09 0.35
0 10 0.26 0.12
0 11 0.44 1
0 12 0.44 0.04
0 13 0.25 0.84
1 2 0.95 0.55
1 3 0.2 0.22
1 4 0.75 0.65
1 6 0.96 0.96
1 7 0.75 0.59
1 8 0.84 0.1
1 12 0.2 0.66
1 13 0.83 0.82
2 3 0.08 0.02
2 4 0.07 0.16
2 5 0.1 0.55
2 6 0.97 0.64
2 7 0.22 0.26
2 8 0.29 0.1
2 9 0.83 0.35
2 10 0.51 0.64
2 13 0.84 0.07
2 14 0.29 0.3
3 4 0.4 0.42
3 5 0.78 0.47
3 10 0.4 0.86
3 11 0.21 0.08
3 12 0.4 0.29
3 14 0.56 0.24
3 15 0.55 0.59
4 5 0.56 0.64
4 6 0.99 0.81
4 7 0.58 0.43
4 9 0.77 0.23
4 12 0.63 0.94
4 14 0.93 0.6
4 15 1 0.74
5 8 0.98 0.52
5 9 0.96 0.65
5 13 0.79 0.79
6 8 0.99 0.56
6 15 0.06 0.56
7 11 0.48 0.76
7 14 0.41 0.38
9 10 0.73 0.65
9 15 0.15 0.24
10 11 0.77 0.05
