0 1 0.03 0.36
0 2 0.84 0.89
0 3 0.09 0.47
0 4 0.97 0.28
0 5 0.76 0.82
0 9 0.6 0.62
0 13 0.13 0.81
1 2 0.54 0.07
1 3 0.45 0.61
1 5 0.68 0.17
1 6 0.61 0.76
1 8 0.96 0.78
1 9 0.59 0.82
1 10 0.8 0.23
2 3 0.79 0.48
2 4 0.14 0.63
2 7 0.16 0.03
2 8 0.86 0.35
2 9 0.17 0.25
2 11 0.63 0.15
2 15 0.57 0.57
3 4 0.35 0.63
3 5 0.84 0.31
3 6 0.57 0.47
3 14 0.41 0.56
4 10 0.29 0.8
4 11 0.36 0.04
4 12 0.13 0.02
5 6 0.99 0.5
5 7 0.33 0.76
5 8 0.81 0.67
6 7 0.66 0.53
6 10 0.06 0.99
6 14 0.68 0.85
7 11 0.91 0.82
7 14 0.64 0.1
8 12 0.16 0.72
9 12 0.93 0.68
9 15 0.76 0.16
10 13 0.81 0.14
12 13 0.54 0.91
14 15 0.25 0.34
