0 1 0.95 0.09
0 2 0.36 0.15
0 3 0.78 0.81
0 4 0.59 0.13
0 5 0.37 0.82
0 6 0.19 0.03
1 2 0.91 0.91
1 3 0.7 0.28
1 4 0.73 0.08
1 5 0.79 0.1
1 6 0.86 0.76
1 9 0.11 0.32
1 11 0.09 0.56
1 12 0.65 0.75
2 3 0.31 0.25
2 7 0.26 0.03
2 10 0.31 0.17
2 11 0.66 0.13
2 12 0.41 0.85
3 4 0.37 0.86
3 5 0.12 0.37
3 8 0.52 0.31
3 10 0.92 0.17
3 13 0.33 0.66
4 6 0.73 0.26
4 8 0.1 0.17
5 7 0.59 0.47
5 9 0.61 0.44
5 10 0.19 0.37
5 13 0.57 0.27
5 14 0.19 0.66
5 15 0.14 0.99
6 7 0.48 0.87
6 8 0.9 0.71
6 11 0.1 0.65
6 14 0.98 0.06
8 9 0.59 0.37
8 12 0.38 0.48
8 14 0.37 0.49
8 15 0.74 1
9 13 0.16 0.2
9 15 0.06 0.68
