0 1 0.61 0.67
0 2 0.65 0.67
0 3 0.27 0.07
0 4 0.13 0.5
0 7 0.26 0.2
0 11 0.07 0.16
0 14 0.01 0.19
1 2 0.84 0.89
1 3 0.94 0.43
1 5 0.91 0.67
1 6 0.05 0.28
1 9 0.95 0.54
2 3 0.84 0.92
2 4 0.48 0.27
2 5 0.4 0.23
2 8 0.22 0.15
2 10 0.89 0.56
2 15 0.17 0.28
3 4 0.4 0.03
3 5 0.45 0.22
3 6 0.08 0.73
3 9 0.42 0.98
3 12 0.62 0.67
3 13 0.15 0.08
3 14 0.76 0.4
4 6 0.57 0.16
4 8 0.98 0.51
4 11 0.92 0.12
5 7 0.16 0.25
5 10 0.64 0.43
6 7 0.43 0.07
6 8 0.78 0.15
6 11 0.3 0.35
6 12 0.72 0.79
6 14 0.58 0.31
7 9 0.78 0.32
7 12 0.58 0.86
7 13 0.46 0.33
7 15 0.29 0.4
8 15 0.83 0.38
9 10 0.5 0.35
12 13 0.81 0.96
