0 1 0.03 0.56
0 2 0.12 0.56
0 3 0.17 0.52
0 4 0.94 0.6
0 5 0.75 0.58
0 6 0.15 0.29
0 7 0.78 0.77
0 8 0.6 0.05
0 10 0.98 0.04
0 12 0.62 0.56
0 14 0.58 0.85
1 2 0.76 0.1
1 3 0.75 0.64
1 4 0.03 0.77
1 10 0.81 0.27
1 11 0.39 0.17
2 3 0.3 0.38
2 4 0.72 0.69
2 5 0.04 0.04
2 6 0.17 0.83
2 7 0.29 0.81
2 8 0.77 0.08
2 10 0.97 0.94
2 11 0.29 0.03
2 13 0.78 0.57
2 14 0.43 0.36
3 4 0.72 0.54
3 5 0.08 0.25
3 6 0.34 0.94
3 7 0.89 0.66
3 9 0.44 0.17
3 13 0.16 0.54
3 15 0.14 0.83
4 5 0.21 0.52
4 6 0.16 0.36
4 8 0.93 0.36
4 9 0.97 0.6
4 10 0.9 0.82
4 14 0.71 0.95
5 7 0.46 0.76
6 9 0.97 0.67
6 11 0.8 0.68
7 8 0.74 0.18
7 9 0.8 0.45
8 11 0.74 0.43
8 12 0.4 0.13
8 13 0.8 0.38
8 15 0.02 0.95
9 12 0.63 0.25
9 15 0.99 1
10 13 0.33 0.98
11 12 0.6 0.12
12 15 0.28 0.9
13 14 0.92 0.29
