0 1 0.5 0.16
0 2 0.65 0.81
0 3 0.56 0.35
0 4 0.14 0.61
0 5 0.31 0.58
0 6 0.71 0.02
0 7 0.6 0.63
0 8 0.27 0.9
0 9 0.67 0.79
0 11 0.04 0.1
0 13 0.54 0.37
0 15 0.06 0.9
1 2 0.6 0.41
1 3 0.43 0.19
1 4 0.54 0.04
1 5 0.74 0.62
1 6 0.48 0.85
1 10 0.88 0.54
1 14 0.75 0.59
1 15 0.04 1
2 3 0.37 0.52
2 4 0.6 0.45
2 5 0.23 0.17
2 7 0.04 0.92
2 8 0.18 0.33
2 9 0.67 0.8
2 11 0.56 0.58
2 12 0.78 0.59
2 15 0.38 0.51
3 4 0.89 0.17
3 5 0.78 0.84
3 6 0.15 0.11
3 9 0.07 0.76
3 13 0.41 0.74
4 5 0.48 0.8
4 6 0.15 0.16
4 7 0.03 0.59
4 8 0.33 0.87
4 9 0.69 0.64
4 10 0.91 0.78
4 11 0.53 0.44
4 12 0.91 0.79
4 15 0.41 0.33
5 6 0.45 0.89
5 7 0.55 0.42
5 8 0.38 0.83
5 12 0.7 0.46
5 14 0.38 0.68
6 7 0.26 0.91
6 10 0.53 0.54
6 11 0.88 0.93
6 12 0.68 0.76
6 13 0.07 0.37
7 8 0.27 0.48
7 9 0.19 0.71
7 10 0.04 0.5
7 11 0.68 0.65
7 14 0.34 0.6
8 10 0.41 0.78
10 14 0.07 0.65
10 15 0.41 0.75
11 12 0.36 0.32
11 13 0.3 0.38
11 14 0.13 0.54
12 13 0.43 0.24
