0 1 0.78 0.31
0 2 0.25 0.97
0 3 0.04 0.57
0 4 0.18 0.62
0 5 0.99 0.67
0 6 0.5 0.65
0 7 0.85 0.1
0 11 0.93 0.17
1 2 0.01 0.93
1 3 0.85 0.44
1 4 0.88 0.79
1 5 0.99 0.34
1 6 0.64 0.22
1 7 0.66 0.55
1 8 0.69 0.3
1 9 0.65 0.71
1 11 0.64 0.09
1 12 0.38 0.36
2 3 0.36 0.63
2 4 0.9 0.18
2 5 0.69 0.48
2 6 0.24 0.06
2 7 0.77 0.75
2 9 0.22 0.37
2 10 0.38 0.47
2 15 0.2 0.27
3 4 0.65 0.07
3 5 0.26 0.76
3 6 0.05 0.18
3 8 0.06 0.54
3 10 0.4 0.42
3 11 0.11 0.05
3 12 0.07 0.67
3 14 0.64 0.13
4 12 0.06 0.14
5 7 0.32 0.09
5 8 1 0.76
5 9 0.43 0.21
5 10 0.42 0.82
6 12 0.51 0.5
6 14 0.13 0.28
7 8 0.9 0.33
7 9 0.62 0.24
7 10 0.03 0.05
7 11 0.13 0.77
7 15 0.37 0.19
8 13 0.11 0.02
8 14 0.36 0.34
8 15 0.64 0.53
10 13 0.66 0.8
11 13 0.35 0.75
11 15 0.12 1
12 13 0.83 0.97
13 14 0.45 0.4
