0 1 0.74 0.86
0 2 0.54 1
0 3 0.15 0.72
0 4 0.12 0.11
0 6 0.72 0.24
0 8 0.66 0.72
0 10 0.7 0.23
0 11 0.66 0.7
0 12 0.64 0.28
0 14 0.24 0.96
0 15 0.02 0.14
1 2 0.87 0.12
1 3 0.41 0.81
1 4 0.5 0.57
1 5 0.27 0.45
1 6 0.69 0.5
1 9 0.47 0.2
1 14 0.45 0.23
2 3 0.75 0.5
2 4 0.06 0.65
2 5 0.71 0.92
2 6 0.21 0.57
2 7 0.33 0.23
2 8 0.06 0.6
2 10 0.88 0.71
2 14 0.71 0.13
3 4 0.22 0.14
3 5 0.53 0.11
3 6 0.67 0.81
3 7 0.93 0.42
3 8 0.62 0.6
3 9 0.56 0.73
3 10 0.07 0.62
4 5 0.13 0.31
4 7 0.97 0.08
4 10 0.93 0.78
4 12 0.47 0.41
4 13 0.22 0.42
5 11 0.4 0.63
5 13 0.65 0.31
6 7 0.39 0.58
6 8 0.03 0.02
6 9 0.94 0.55
7 9 0.69 0.82
7 13 0.25 0.76
7 14 0.39 0.56
7 15 0.55 0.53
8 11 0.86 0.84
8 12 0.24 0.83
8 13 0.94 0.42
9 11 0.36 0.31
10 12 0.13 0.93
11 15 0.99 0.94
13 15 0.31 0.72
