0 1 0.66 0.82
0 2 0.6 0.62
0 3 0.72 0.43
0 4 0.02 0.34
0 5 0.64 0.13
0 6 0.8 0.79
0 7 0.84 0.29
0 8 0.19 0.4
0 10 0.14 0.48
0 12 0.35 0.38
0 14 0.14 0.77
1 2 0.68 0.77
1 3 0.23 0.13
1 4 0.82 0.49
1 10 0.9 0.55
1 11 0.24 0.45
2 3 0.53 0.63
2 4 0.09 0.64
2 5 0.91 0.49
2 6 0.43 0.63
2 7 0.89 0.22
2 8 0.33 0.56
2 10 0.38 0.07
2 11 0.75 0.44
2 13 0.99 0.85
2 14 0.86 0.19
3 4 0.71 0.88
3 5 0.79 0.22
3 6 0.73 0.92
3 7 0.68 0.11
3 9 0.82 0.08
3 13 0.31 0.06
3 15 0.5 0.75
4 5 0.44 0.04
4 6 0.24 0.88
4 8 0.68 0.74
4 9 0.55 0.15
4 10 0.26 0.72
4 14 0.69 0.82
5 7 0.4 0.35
6 9 0.75 0.27
6 11 0.87 0.7
7 8 0.82 0.05
7 9 0.27 0.63
8 11 0.75 0.94
8 12 0.84 0.86
8 13 0.86 0.7
8 15 0.8 0.71
9 12 0.24 1
9 15 0.98 0.64
10 13 0.99 0.6
11 12 0.17 0.75
12 15 0.22 0.11
13 14 0.94 0.92
