0 1 0.15 0.91
0 2 0.95 0.36
0 3 0.47 0.02
0 4 0.24 0.68
0 5 0.93 0.27
0 7 0.95 0.19
0 8 0.07 0.23
0 9 0.32 0.77
0 10 0.31 0.59
0 12 0.22 0.74
0 15 0.24 0.95
1 2 0.37 0.51
1 3 1 0.87
1 4 0.52 0.08
1 5 0.09 0.45
1 6 0.74 0.78
1 8 0.68 0.41
1 11 0.3 0.41
1 12 0.37 0.54
2 3 0.74 0.27
2 4 0.12 0.77
2 5 0.45 0.84
2 6 0.15 0.89
2 7 0.86 0.37
3 4 0.09 0.84
3 7 0.72 0.44
3 9 0.3 0.36
3 10 0.28 0.72
3 12 0.48 0.55
3 13 0.43 0.72
3 14 0.25 0.82
4 5 0.06 0.16
4 6 0.42 0.46
4 8 1 0.66
4 9 0.47 0.85
4 14 0.5 0.22
4 15 0.37 0.68
5 6 0.78 0.95
5 12 0.4 0.85
6 7 0.11 0.55
6 8 0.87 0.26
6 11 0.97 0.14
6 13 0.65 0.5
6 14 0.8 0.89
6 15 0.91 0.67
7 9 0.34 0.89
7 10 0.53 0.8
7 11 0.2 0.29
7 15 0.21 0.11
9 10 0.41 0.19
9 11 0.9 0.28
10 13 0.9 0.54
12 13 0.34 0.85
12 14 0.07 0.83
