0 1 0.18 0.77
0 2 0.64 0.89
0 3 0.27 0.88
0 4 1 0.27
0 5 0.79 0.44
0 6 0.59 0.15
0 7 0.77 0.4
0 9 0.64 0.29
0 10 0.23 0.1
0 11 0.87 0.66
0 12 0.07 0.94
0 13 0.99 0.99
1 2 0.4 0.45
1 3 0.25 0.92
1 4 0.61 0.42
1 6 0.11 0.41
1 7 0.07 0.66
1 8 0.21 0.41
1 12 0.68 0.83
1 13 0.25 0.3
2 3 0.65 0.58
2 4 0.94 0.53
2 5 0.22 0.09
2 6 0.21 0.08
2 7 0.22 0.72
2 8 0.2 0.37
2 9 0.36 0.48
2 10 0.06 0.18
2 13 0.6 0.92
2 14 0.64 0.45
3 4 0.51 0.08
3 5 0.67 0.67
3 10 0.77 0.55
3 11 0.14 0.26
3 12 0.18 0.39
3 14 0.32 0.22
3 15 0.08 0.13
4 5 0.67 0.81
4 6 0.6 0.87
4 7 0.31 0.32
4 9 0.37 0.67
4 12 0.92 0.31
4 14 0.3 0.42
4 15 0.92 0.31
5 8 0.65 0.39
5 9 0.29 0.6
5 13 0.19 0.59
6 8 0.48 0.84
6 15 0.28 0.09
7 11 0.96 0.45
7 14 0.21 0.61
9 10 0.37 0.23
9 15 0.12 0.16
10 11 0.05 0.91
