0 1 0.7 0.1
0 2 0.71 0.18
0 3 0.15 0.73
0 4 0.94 0.72
0 7 0.12 0.61
0 11 0.09 0.8
0 14 0.54 0.6
1 2 0.57 0.57
1 3 0.74 0.95
1 5 0.7 0.3
1 6 0.35 0.38
1 9 0.6 0.76
2 3 0.74 0.02
2 4 0.15 0.71
2 5 0.39 0.53
2 8 0.04 0.05
2 10 0.96 0.92
2 15 0.18 0.52
3 4 0.47 0.69
3 5 0.24 0.55
3 6 0.46 0.07
3 9 0.26 0.9
3 12 0.13 0.07
3 13 0.84 0.15
3 14 0.68 0.69
4 6 0.06 0.89
4 8 0.46 0.88
4 11 0.3 0.55
5 7 0.98 0.65
5 10 0.86 0.26
6 7 0.92 0.01
6 8 0.91 0.05
6 11 0.5 0.27
6 12 0.92 0.45
6 14 0.37 0.63
7 9 0.17 0.83
7 12 0.46 0.83
7 13 0.88 0.84
7 15 0.28 0.64
8 15 0.22 0.31
9 10 0.38 0.97
12 13 0.47 0.5
