0 1 0.45 0.82
0 2 0.4 0.67
0 3 0.81 0.75
0 4 0.54 0.14
0 6 0.47 0.28
0 9 0.36 0.16
0 10 0.76 0.02
0 11 0.91 0.49
0 13 0.14 0.11
1 2 0.37 0.02
1 3 0.14 0.88
1 4 0.3 0.88
1 5 0.07 0.4
1 12 0.81 0.55
2 3 0.57 0.65
2 4 0.21 0.05
2 6 0.74 0.59
2 7 0.46 0.03
2 8 0.47 0.11
2 9 0.8 0.33
2 10 0.22 0.46
2 11 0.03 0.35
2 13 0.62 0.06
3 5 0.35 0.53
3 8 0.78 0.26
3 15 1 0.2
4 5 0.64 0.58
5 6 0.8 0.61
5 7 0.17 0.03
5 8 0.77 0.79
5 9 0.72 0.38
5 11 0.96 0.36
5 15 0.68 0.18
6 7 0.72 0.7
6 10 0.12 0.63
6 12 0.1 0.55
6 13 0.27 0.16
8 12 0.81 0.72
8 14 0.65 0.03
11 15 0.59 0.9
12 14 0.72 0.01
13 14 0.66 0.74
