0 1 0.03 0.98
0 2 0.09 0.97
0 3 0.18 0.64
0 4 0.82 0.64
0 5 0.87 0.32
0 9 0.14 0.02
0 13 0.5 0.15
1 2 0.2 0.88
1 3 0.82 0.48
1 5 0.8 0.08
1 6 0.75 0.61
1 8 0.61 0.14
1 9 0.66 0.94
1 10 0.99 0.27
2 3 0.22 0.77
2 4 0.62 0.57
2 7 0.94 0.23
2 8 0.94 0.46
2 9 0.29 0.49
2 11 0.56 0.54
2 15 0.35 0.9
3 4 0.9 0.24
3 5 0.76 0.86
3 6 0.17 0.1
3 14 0.9 0.26
4 10 0.86 0.49
4 11 0.35 0.27
4 12 0.09 0.69
5 6 0.39 0.53
5 7 0.98 0.32
5 8 0.84 0.33
6 7 0.06 0.13
6 10 0.71 0.62
6 14 0.29 0.13
7 11 0.01 0.92
7 14 0.07 0.03
8 12 0.58 0.86
9 12 0.51 0.98
9 15 0.95 0.78
10 13 0.55 0.23
12 13 0.28 0.6
14 15 0.53 0.59
