0 1 0.08 0.82
0 2 0.28 0.59
0 3 0.01 0.84
0 4 0.35 0.41
0 5 0.83 0.44
0 6 0.6 0.6
0 8 0.62 0.87
0 9 0.52 0.44
0 10 0.03 0.29
1 2 0.38 0.27
1 3 0.53 0.76
1 4 0.37 0.67
1 7 0.01 0.24
1 8 0.77 0.56
1 9 0.03 0.93
1 10 0.01 0.64
1 11 0.08 0.77
1 13 0.11 0.19
2 3 0.28 0.86
2 4 0.16 0.5
2 5 0.52 0.06
2 6 0.75 0.56
2 7 0.09 0.15
2 11 0.88 0.08
3 4 0.92 0.07
3 5 0.95 0.89
3 6 0.65 0.25
4 5 0.71 0.38
4 7 0.35 0.77
4 8 0.48 0.59
4 9 0.93 0.82
4 11 0.66 0.08
4 12 0.83 0.29
4 14 0.84 0.09
5 6 1 0.7
5 7 0.56 0.81
5 10 0.83 0.78
5 15 0.66 0.43
6 11 0.01 0.95
6 12 0.38 0.38
6 15 0.97 0.06
7 8 0.93 0.57
7 12 0.9 0.2
7 13 0.4 0.35
7 14 0.24 0.7
7 15 0.42 0.28
8 9 0.18 0.91
8 10 0.56 0.37
9 12 0.83 0.65
9 13 0.19 0.15
10 15 0.88 0.42
11 13 0.66 0.49
12 14 0.15 0.28
13 14 0.55 0.93
