0 1 0.03 0.18
0 2 0.04 0.83
0 3 0.97 0.19
0 4 0.45 0.92
0 6 0.7 0.01
0 8 0.44 0.1
0 10 0.75 0.59
0 11 0.95 0.65
0 12 0.88 0.81
0 14 0.88 0.13
0 15 0.84 0.04
1 2 0.69 0.63
1 3 0.37 0.71
1 4 0.39 0.03
1 5 0.55 0.91
1 6 0.53 0.62
1 9 0.46 0.31
1 14 0.9 0.93
2 3 0.85 0.66
2 4 0.24 0.66
2 5 0.53 0.22
2 6 0.49 0.96
2 7 0.61 0.99
2 8 0.21 0.07
2 10 0.08 0.74
2 14 0.19 0.65
3 4 0.49 0.86
3 5 0.74 0.41
3 6 0.67 0.73
3 7 0.16 0.28
3 8 0.2 0.8
3 9 0.27 0.72
3 10 0.26 0.41
4 5 1 0.18
4 7 0.02 0.7
4 10 0.25 0.68
4 12 0.43 0.6
4 13 0.74 0.47
5 11 0.14 0.83
5 13 0.91 0.61
6 7 0.54 0.25
6 8 0.13 0.3
6 9 0.45 0.33
7 9 0.24 0.37
7 13 0.61 0.73
7 14 0.4 0.23
7 15 0.35 0.05
8 11 0.22 0.12
8 12 0.15 0.57
8 13 0.88 0.3
9 11 0.41 0.79
10 12 0.55 0.33
11 15 0.24 0.44
13 15 0.65 0.75
