0 1 0.54 0.09
0 2 0.33 0.04
0 3 0.17 0.06
0 4 0.71 0.2
0 5 0.47 0.89
0 7 0.75 0.66
0 8 0.57 0.21
0 10 0.51 0.7
0 11 0.04 0.18
0 13 0.34 0.98
0 14 0.6 0.34
0 15 0.18 0.88
1 2 0.77 0.38
1 3 0.66 0.64
1 4 0.78 0.14
1 5 0.33 0.41
1 6 0.96 0.28
1 7 0.45 0.33
1 9 0.59 0.96
1 10 0.31 0.11
1 11 0.04 0.36
1 13 0.23 0.78
1 14 0.54 0.89
2 3 0.63 0.11
2 4 0.61 0.43
2 5 0.52 0.09
2 8 0.69 0.78
2 9 1 0.59
2 11 0.65 0.89
3 4 0.12 0.34
3 5 0.43 0.75
3 6 0.23 0.65
3 7 0.92 0.95
4 6 0.26 0.75
4 8 0.93 0.36
4 10 0.09 0.61
5 6 0.3 0.18
5 8 0.55 0.67
5 9 0.78 0.41
5 11 0.78 0.24
5 12 0.29 0.55
6 7 0.25 0.68
6 12 0.03 0.75
6 13 0.51 0.79
6 14 0.34 0.7
6 15 0.54 0.75
7 9 0.41 0.11
7 10 0.79 0.39
7 12 0.76 0.73
8 14 0.93 0.6
9 13 0.58 0.07
11 12 0.03 0.55
12 15 0.04 0.15
14 15 0.63 0.07
