0 1 0.63 0.13
0 2 0.17 0.83
0 3 0.04 0.5
0 4 0.32 0.34
0 5 0.41 0.57
0 6 0.25 0.01
0 7 0.62 0.18
0 8 0.82 0.51
0 9 0.32 0.17
0 11 0.41 0.93
0 13 0.28 0.51
0 14 0.76 0.72
0 15 0.27 0.01
1 2 0.16 0.22
1 3 0.97 0.35
1 4 0.27 0.24
1 5 0.85 0.66
1 11 0.64 0.82
1 12 0.06 0.46
1 14 0.02 0.29
1 15 0.21 0.39
2 3 0.67 0.45
2 4 0.65 0.2
2 6 0.48 0.39
2 7 0.79 0.35
2 13 0.36 0.43
2 14 0.9 0.9
3 4 0.19 0.12
3 5 0.23 0.29
3 6 0.18 0.42
3 8 0.56 0.84
3 9 0.38 0.09
3 15 0.95 0.96
4 5 0.03 0.31
4 6 0.22 0.46
4 7 0.89 0.08
4 10 0.2 0.27
4 12 0.66 0.25
5 7 0.43 0.66
5 8 0.56 0.81
5 9 0.13 0.26
5 10 0.63 0.69
5 11 0.54 0.26
5 12 0.17 0.42
5 13 0.45 0.62
6 9 0.57 0.3
6 10 0.47 0.36
6 11 0.57 0.11
6 13 0.49 0.63
6 14 0.16 0.2
7 8 0.73 0.42
7 12 0.37 0.65
8 10 0.2 0.62
13 15 0.06 0.4
