0 1 0.92 0.77
0 2 0.05 0.71
0 3 0.08 0.36
0 4 0.22 0.63
0 5 0.43 0.33
0 9 0.62 0.95
0 13 0.79 0.94
1 2 0.77 0.39
1 3 0.74 0.37
1 5 0.53 0.59
1 6 0.69 0.36
1 8 0.03 0.34
1 9 0.98 0.19
1 10 0.4 0.82
2 3 0.59 0.63
2 4 0.23 0.91
2 7 0.17 0.99
2 8 0.01 0.35
2 9 0.25 0.06
2 11 0.13 0.77
2 15 0.77 0.07
3 4 0.67 0.31
3 5 0.33 0.64
3 6 0.58 0.6
3 14 0.53 0.83
4 10 0.06 0.2
4 11 0.69 0.12
4 12 0.21 0.34
5 6 0.39 0.95
5 7 0.09 0.01
5 8 0.31 0.57
6 7 0.76 0.29
6 10 0.57 0.73
6 14 0.88 0.29
7 11 0.05 0.43
7 14 0.1 0.1
8 12 0.28 0.89
9 12 0.47 0.11
9 15 0.54 0.53
10 13 0.56 0.03
12 13 0.11 0.6
14 15 0.08 0.88
