0 1 0.37 0.5
0 2 0.24 0.29
0 3 0.7 0.24
0 4 0.52 0.3
0 6 0.83 0.73
0 8 0.09 0.82
0 10 0.42 0.07
0 11 0.22 0.51
0 12 0.66 0.19
0 14 0.56 0.49
0 15 0.3 0.46
1 2 0.03 0.65
1 3 0.76 0.46
1 4 0.47 0.44
1 5 1 0.97
1 6 0.43 0.63
1 9 0.76 0.03
1 14 0.86 0.59
2 3 0.62 0.19
2 4 0.95 0.53
2 5 0.93 0.17
2 6 0.81 0.76
2 7 0.46 0.21
2 8 0.02 0.56
2 10 0.68 0.66
2 14 0.34 0.48
3 4 0.67 0.56
3 5 0.03 0.54
3 6 0.77 0.43
3 7 0.78 0.01
3 8 0.49 0.35
3 9 0.37 0.01
3 10 0.9 0.23
4 5 0.51 0.11
4 7 0.29 0.98
4 10 0.25 0.69
4 12 0.69 0.73
4 13 0.89 0.59
5 11 0.94 0.3
5 13 0.97 0.3
6 7 0.22 0.58
6 8 0.05 0.67
6 9 0.41 0.54
7 9 0.19 0.47
7 13 0.24 0.01
7 14 0.59 0.24
7 15 0.53 0.3
8 11 0.73 0.9
8 12 0.7 0.05
8 13 0.77 0.15
9 11 0.22 0.82
10 12 0.56 0.14
11 15 0.51 0.7
13 15 0.93 0.93
