0 1 0.21 0.17
0 2 0.67 0.7
0 3 0.35 0.94
0 4 0.06 0.63
0 7 0.58 0.09
0 11 0.66 0.07
0 14 0.22 0.64
1 2 0.93 0.32
1 3 0.66 0.81
1 5 0.11 0.24
1 6 0.44 0.34
1 9 0.34 0.78
2 3 0.07 0.28
2 4 0.07 0.02
2 5 0.74 0.52
2 8 0.13 0.6
2 10 0.29 0.13
2 15 0.69 1
3 4 0.14 0.5
3 5 0.36 0.12
3 6 0.91 0.81
3 9 0.1 0.47
3 12 0.46 0.95
3 13 0.5 0.33
3 14 0.48 0.32
4 6 0.79 0.33
4 8 0.44 0.46
4 11 0.74 0.56
5 7 0.57 0.41
5 10 0.11 0.83
6 7 0.24 0.71
6 8 0.92 0.23
6 11 0.48 1
6 12 0.89 0.05
6 14 0.57 0.75
7 9 0.95 0.04
7 12 0.78 0.48
7 13 0.08 0.42
7 15 0.45 0.13
8 15 0.48 0.99
9 10 0.6 0.49
12 13 0.62 0.98
