0 1 0.34 0.8
0 2 0.75 0.96
0 3 0.02 0.99
0 4 0.24 0.59
0 5 0.33 0.27
0 9 0.2 0.06
0 13 0.21 0.18
1 2 0.54 0.03
1 3 0.22 0.07
1 5 0.98 0.51
1 6 0.39 0.54
1 8 0.89 0.99
1 9 0.35 0.75
1 10 0.19 0.9
2 3 0.59 0.09
2 4 0.4 0.85
2 7 0.09 0.55
2 8 0.68 0.87
2 9 0.8 0.1
2 11 0.52 0.2
2 15 0.76 0.76
3 4 0.77 0.84
3 5 0.74 0.02
3 6 0.5 0.52
3 14 0.49 0.9
4 10 0.1 0.13
4 11 0.73 0.03
4 12 0.3 0.17
5 6 0.21 0.08
5 7 0.89 0.71
5 8 0.08 0.32
6 7 0.9 0.45
6 10 0.96 0.46
6 14 0.63 0.83
7 11 0.13 0.57
7 14 0.8 0.82
8 12 0.89 0.49
9 12 0.1 0.71
9 15 0.29 0.85
10 13 0.49 0.94
12 13 0.33 0.75
14 15 0.17 0.25
