0 1 0.78 0.21
0 2 0.1 0.65
0 3 0.19 0.36
0 4 0.92 0.13
0 5 0.96 0.05
0 9 0.31 0.04
0 13 0.65 0.63
1 2 0.5 0.73
1 3 0.84 0.04
1 5 0.31 0.31
1 6 0.24 0.65
1 8 0.29 0.07
1 9 0.77 0.6
1 10 0.24 0.17
2 3 0.23 0.51
2 4 0.45 0.05
2 7 0.28 0.45
2 8 0.48 0.24
2 9 0.54 0.75
2 11 0.75 0.77
2 15 0.8 0.48
3 4 0.47 0.47
3 5 0.82 0.96
3 6 0.86 0.87
3 14 0.06 0.77
4 10 0.94 0.23
4 11 0.52 0.5
4 12 0.22 0.68
5 6 0.07 0.33
5 7 0.19 0.95
5 8 0.23 0.23
6 7 0.01 0.36
6 10 0.79 0.47
6 14 0.92 0.02
7 11 0.2 0.25
7 14 0.16 0.97
8 12 0.07 0.91
9 12 0.31 0.44
9 15 0.83 0.37
10 13 0.37 0.28
12 13 0.43 0.63
14 15 0.31 0.26
