0 1 0.4 0.32
0 2 0.61 0.22
0 3 0.57 0.06
0 4 0.7 0.94
0 5 0.66 0.02
0 6 0.52 0.22
0 8 0.86 0.67
0 10 0.04 0.64
0 12 0.63 0.21
0 15 0.11 0.44
1 2 0.58 0.69
1 3 0.78 0.1
1 4 0.75 0.68
1 6 0.72 0.89
1 7 0.96 0.63
1 9 0.48 0.33
2 3 0.88 0.12
2 5 0.64 0.09
3 4 1 0.5
3 5 0.95 0.4
3 6 0.54 0.97
3 7 0.36 0.65
3 8 0.5 0.12
3 10 0.21 0.23
3 11 0.11 0.92
3 12 0.69 0.75
4 10 0.43 0.67
4 11 0.3 0.57
4 13 0.11 0.45
4 15 0.32 0.04
5 9 0.8 0.6
5 13 0.8 0.53
5 14 0.8 0.75
6 7 0.41 0.36
6 12 0.32 0.12
6 13 0.75 0.94
6 14 0.33 0.45
6 15 0.93 0.59
7 8 0.22 0.56
7 9 0.2 0.68
10 11 0.93 0.9
11 14 0.42 1
