0 1 0.9 0.16
0 2 0.33 0.66
0 3 0.82 0.84
0 4 0.67 0.06
0 5 0.24 0.64
0 8 0.36 0.25
0 9 0.94 0.73
0 10 0.2 0.79
0 12 0.93 0.3
0 13 0.39 0.72
0 15 0.29 0.58
1 2 0.9 0.44
1 3 0.34 0.34
1 4 0.58 0.28
1 5 0.08 0.16
1 6 0.17 0.29
1 7 0.93 0.78
1 10 0.26 0.49
1 12 0.86 0.36
2 3 0.08 0.89
2 4 0.69 0.12
2 5 0.75 0.17
2 6 0.87 0.65
2 7 0.89 0.85
2 8 1 0.2
2 13 0.19 0.44
2 14 0.02 0.66
3 4 0.57 0.39
3 11 0.41 0.62
3 13 0.2 0.25
3 14 0.58 0.76
3 15 0.21 0.08
4 5 0.53 0.63
4 6 0.33 0.56
4 7 0.16 0.62
4 9 0.52 0.83
4 11 0.91 0.39
5 6 0.46 0.06
5 7 0.77 0.47
5 9 0.11 0.32
6 8 0.2 0.57
6 10 0.19 0.66
6 13 0.83 0.46
7 8 0.33 0.58
7 9 0.51 0.27
7 10 0.98 0.45
7 14 0.66 0.02
8 11 0.68 0.77
8 12 0.72 0.65
9 11 0.86 0.39
10 15 0.56 0.85
11 12 0.59 0.63
11 15 0.67 0.74
13 14 0.41 0.87
