0 1 0.48 0.26
0 2 0.74 0.78
0 3 0.96 0.63
0 4 0.88 0.58
0 5 0.76 0.87
0 6 0.77 0.02
1 2 0.21 0.03
1 3 0.56 0.27
1 4 0.32 0.2
1 5 0.19 0.22
1 6 0.32 1
1 9 0.75 0.18
1 11 0.34 0.52
1 12 0.59 0.78
2 3 0.43 0.6
2 7 1 0.39
2 10 0.51 0.66
2 11 0.05 0.08
2 12 0.4 0.66
3 4 0.77 0.66
3 5 0.23 0.7
3 8 0.99 0.03
3 10 0.2 0.83
3 13 0.01 0.86
4 6 0.99 0.29
4 8 0.35 0.65
5 7 0.46 0.33
5 9 0.33 0.92
5 10 0.99 0.77
5 13 0.89 0.55
5 14 0.85 0.62
5 15 0.59 0.04
6 7 0.87 0.82
6 8 0.95 0.06
6 11 0.99 0.25
6 14 0.27 0.7
8 9 0.41 0.75
8 12 0.13 0.91
8 14 0.97 0.26
8 15 0.75 0.75
9 13 0.25 0.33
9 15 0.58 0.43
