0 1 1 0.8
0 2 0.01 0.82
0 3 0.66 0.44
0 4 0.26 0.19
0 10 0.02 0.29
0 11 0.56 0.33
0 12 0.5 0.63
0 13 0.29 0.18
0 14 0.05 0.13
0 15 0.45 0.87
1 2 0.95 0.48
1 3 0.82 0.2
1 5 0.25 0.28
1 6 0.52 0.07
1 8 0.47 0.7
1 9 0.51 0.59
1 11 0.11 0.2
1 13 0.75 0.76
2 3 0.18 0.19
2 4 0.89 0.25
2 7 0.93 0.88
2 8 0.71 0.3
2 15 0.64 0.56
3 4 0.69 0.29
3 5 0.25 0.92
3 6 0.06 0.2
3 7 0.44 0.64
3 10 0.54 0.12
3 12 0.72 0.76
3 14 0.26 0.58
3 15 0.99 0.15
4 5 0.83 0.2
4 6 0.42 0.97
4 7 0.93 0.08
4 11 0.31 0.29
4 13 0.58 0.9
6 9 0.81 0.38
6 12 0.3 0.72
6 14 0.98 0.91
7 8 0.46 0.75
7 9 0.98 0.7
7 10 0.55 0.43
