0 1 0.63 0.98
0 2 0.47 0.41
0 3 0.09 0.27
0 4 0.91 0.32
0 7 0.04 0.15
0 11 0.11 0.43
0 14 0.35 0.4
1 2 0.63 0.28
1 3 0.17 0.26
1 5 0.09 0.69
1 6 0.75 0.46
1 9 0.28 0.32
2 3 0.75 0.41
2 4 0.51 0.76
2 5 0.32 0.66
2 8 0.5 0.77
2 10 0.04 0.22
2 15 0.25 0.46
3 4 0.42 0.57
3 5 0.01 0.31
3 6 0.04 0.53
3 9 0.08 0.22
3 12 0.48 0.65
3 13 0.13 0.11
3 14 0.61 0.38
4 6 0.99 0.53
4 8 0.93 0.24
4 11 0.22 0.44
5 7 0.76 0.61
5 10 0.02 0.5
6 7 0.17 0.68
6 8 0.39 0.56
6 11 0.99 0.75
6 12 0.36 0.52
6 14 0.76 0.97
7 9 0.96 0.37
7 12 0.95 0.97
7 13 0.87 0.49
7 15 0.48 0.8
8 15 0.93 0.09
9 10 0.39 0.7
12 13 0.83 0.91
