0 1 0.25 0.79
0 2 0.66 0.22
0 3 0.63 0.41
0 4 0.15 0.35
0 5 0.26 0.45
0 8 0.31 0.28
0 9 0.38 0.41
0 10 0.2 0.76
0 12 0.25 0.25
0 13 0.72 0.22
0 15 0.28 0.45
1 2 0.23 0.82
1 3 0.53 0.18
1 4 0.93 0.49
1 5 0.68 0.97
1 6 0.91 0.95
1 7 0.82 0.88
1 10 0.15 0.73
1 12 0.58 0.08
2 3 0.96 0.98
2 4 0.24 0.57
2 5 0.78 0.69
2 6 0.06 0.35
2 7 0.24 0.63
2 8 0.83 0.81
2 13 0.77 0.05
2 14 0.48 0.94
3 4 0.08 0.55
3 11 0.73 1
3 13 0.36 0.67
3 14 0.32 0.98
3 15 0.6 0.37
4 5 0.08 0.26
4 6 0.63 0.9
4 7 0.28 0.75
4 9 0.68 0.99
4 11 0.54 0.68
5 6 0.44 0.71
5 7 0.56 0.72
5 9 0.74 0.66
6 8 0.86 0.53
6 10 0.3 0.87
6 13 0.34 0.69
7 8 1 0.89
7 9 0.26 1
7 10 0.23 0.09
7 14 0.3 0.97
8 11 0.35 0.36
8 12 0.41 0.13
9 11 0.32 0.9
10 15 0.83 0.5
11 12 0.87 0.5
11 15 0.86 0.05
13 14 0.27 0.32
