0 1 0.91 0.93
0 2 0.05 0.74
0 3 0.03 0.86
0 4 0.28 0.17
0 7 0.18 0.22
1 2 0.41 0.16
1 3 0.18 0.12
1 4 0.89 0.73
1 5 0.66 0.91
1 6 0.55 0.64
1 10 0.18 0.75
1 12 0.91 0.2
2 3 0.55 0.51
2 4 0.89 0.32
2 7 0.46 0.2
2 9 0.7 0.19
2 10 0.76 0.31
2 11 0.02 0.05
2 12 0.45 0.99
3 5 0.29 0.11
3 6 0.69 0.14
3 8 0.52 0.02
3 11 0.26 0.33
3 12 0.63 0.04
3 15 0.87 0.55
4 5 0.75 0.29
4 6 0.34 0.13
4 8 0.82 0.46
4 11 0.41 0.07
4 14 0.61 0.41
5 14 0.34 0.45
6 7 0.36 0.81
6 8 0.28 0.16
6 9 0.72 0.38
6 10 0.6 0.54
6 13 0.98 0.18
6 15 0.53 0.5
7 9 0.4 0.44
7 14 0.7 0.67
11 13 0.11 0.48
12 13 0.48 0.54
12 15 0.07 0.12
