0 1 0.73 0.06
0 2 0.13 0.01
0 3 0.57 0.35
0 4 0.02 0.21
0 5 0.89 0.79
0 6 0.29 0.17
0 7 0.36 0.47
0 8 0.93 0.01
0 10 0.73 0.77
0 12 0.24 0.52
0 14 0.5 0.77
1 2 0.81 0.63
1 3 0.59 0.02
1 4 0.53 0.89
1 10 0.53 0.76
1 11 0.97 0.28
2 3 0.24 0.02
2 4 0.07 0.75
2 5 0.4 0.37
2 6 0.98 0.5
2 7 0.82 0.23
2 8 0.36 0.36
2 10 0.64 0.65
2 11 0.01 0.15
2 13 0.21 0.39
2 14 0.71 0.62
3 4 0.89 0.2
3 5 0.3 0.55
3 6 0.88 0.94
3 7 0.52 0.92
3 9 0.52 0.46
3 13 0.8 0.17
3 15 0.31 0.46
4 5 0.43 0.7
4 6 0.34 0.65
4 8 0.2 0.17
4 9 0.4 0.74
4 10 0.64 0.38
4 14 0.7 0.03
5 7 0.98 0.15
6 9 0.24 0.44
6 11 0.82 0.17
7 8 0.56 0.32
7 9 0.42 0.88
8 11 0.6 0.02
8 12 0.13 0.62
8 13 0.83 0.26
8 15 0.94 0.83
9 12 0.3 0.25
9 15 0.2 0.12
10 13 0.38 0.64
11 12 0.77 0.18
12 15 0.76 0.13
13 14 0.58 0.55
