0 1 0.62 0.5
0 2 0.89 0.66
0 3 0.43 0.54
0 4 0.84 0.39
0 7 0.33 0.38
0 11 0.07 0.38
0 14 0.11 0.69
1 2 1 0.01
1 3 0.37 0.05
1 5 0.68 0.01
1 6 0.1 0.01
1 9 0.63 0.15
2 3 0.08 0.65
2 4 0.95 0.06
2 5 0.74 0.69
2 8 0.14 0.73
2 10 0.11 0.1
2 15 0.54 0.49
3 4 0.9 0.32
3 5 0.82 0.52
3 6 0.82 0.22
3 9 0.22 0.51
3 12 0.57 0.8
3 13 0.14 0.75
3 14 0.58 0.87
4 6 0.23 0.23
4 8 0.85 0.8
4 11 0.66 0.88
5 7 0.23 0.91
5 10 0.76 0.38
6 7 0.19 0.85
6 8 0.1 0.33
6 11 0.82 0.21
6 12 0.67 0.44
6 14 0.67 0.63
7 9 0.22 0.86
7 12 0.76 0.52
7 13 0.31 0.89
7 15 0.29 1
8 15 0.36 0.55
9 10 0.3 0.46
12 13 0.44 0.3
