0 1 0.41 0.81
0 2 0.85 0.02
0 3 0.53 0.75
0 4 0.35 0.86
0 5 0.15 0.64
0 6 0.86 0.91
0 7 0.83 0.49
0 9 0.19 0.23
0 10 0.55 0.32
0 11 0.17 0.68
0 12 0.72 0.58
0 13 0.89 0.29
1 2 0.12 0.68
1 3 0.63 0.39
1 4 0.68 0.4
1 6 0.29 0.76
1 7 0.83 0.38
1 8 0.41 0.9
1 12 0.24 0.47
1 13 0.83 0.33
2 3 1 0.98
2 4 0.6 0.7
2 5 0.32 0.89
2 6 0.63 0.53
2 7 0.78 0.46
2 8 0.1 0.48
2 9 0.22 0.66
2 10 0.25 0.14
2 13 0.98 0.96
2 14 0.28 0.31
3 4 0.21 0.71
3 5 0.63 0.04
3 10 0.67 0.62
3 11 0.61 0.25
3 12 0.88 0.72
3 14 0.59 0.2
3 15 0.6 0.25
4 5 0.85 0.49
4 6 0.4 0.73
4 7 0.34 0.52
4 9 0.25 0.29
4 12 0.18 0.28
4 14 0.53 0.76
4 15 0.59 0.59
5 8 0.69 0.88
5 9 0.04 0.26
5 13 0.38 0.64
6 8 0.25 0.26
6 15 0.8 0.75
7 11 0.78 0.57
7 14 0.9 0.08
9 10 0.39 0.23
9 15 0.8 0.86
10 11 0.99 0.88
