0 1 0.09 0.23
0 2 0.32 0.22
0 3 0.94 0.16
0 4 0.61 0.13
0 7 0.83 0.94
1 2 0.82 0.59
1 3 0.39 0.16
1 4 0.31 0.53
1 5 0.79 0.39
1 6 0.54 0.5
1 10 0.68 0.79
1 12 0.75 0.41
2 3 0.83 0.78
2 4 0.64 0.41
2 7 0.9 0.09
2 9 0.54 0.34
2 10 0.36 0.82
2 11 0.31 0.17
2 12 0.41 0.52
3 5 0.04 0.98
3 6 0.44 0.52
3 8 0.17 0.22
3 11 0.04 0.34
3 12 0.87 0.76
3 15 0.93 0.72
4 5 0.28 0.69
4 6 0.84 0.29
4 8 0.16 0.24
4 11 0.77 0.82
4 14 0.64 0.86
5 14 0.92 0.68
6 7 0.01 0.77
6 8 0.95 0.96
6 9 0.84 0.61
6 10 0.17 0.3
6 13 0.52 0.26
6 15 0.12 0.97
7 9 0.57 0.41
7 14 0.44 0.23
11 13 0.35 0.21
12 13 0.14 0.74
12 15 0.08 0.59
