0 1 0.96 0.08
0 2 0.19 0.33
0 3 0.63 0.02
0 4 1 0.29
0 9 0.95 0.5
0 14 0.33 0.38
1 2 0.78 0.22
1 3 0.78 0.89
1 4 0.74 0.2
1 5 0.26 0.13
1 6 0.77 0.07
1 7 0.08 0.53
1 8 0.41 0.18
1 11 0.37 0.7
1 13 0.91 0.2
1 14 0.27 0.98
2 3 0.86 0.47
2 6 0.84 0.36
2 8 0.42 0.18
2 12 0.22 0.74
3 4 0.87 0.95
3 5 0.17 0.4
3 6 0.28 0.75
3 9 0.68 0.63
3 10 0.23 0.5
3 12 0.43 0.11
4 5 0.36 0.51
4 8 0.82 0.96
4 9 0.2 0.22
4 10 0.34 0.94
4 13 0.15 0.9
4 14 0.85 0.85
5 7 0.98 0.76
5 15 0.49 0.77
6 7 0.88 0.27
6 10 0.16 0.74
6 11 0.69 0.1
6 12 0.86 0.15
6 15 0.78 0.27
7 15 0.15 0.27
9 13 0.28 0.83
10 11 0.39 0.08
