0 1 0.62 0.79
0 2 0.59 0.84
0 3 0.47 0.83
0 4 0.59 0.41
0 5 0.05 0.67
0 8 0.75 0.28
0 9 0.4 0.47
0 10 0.84 0.29
0 12 0.63 0.3
0 13 0.53 0.28
0 15 0.72 0.26
1 2 0.89 0.65
1 3 0.13 0.48
1 4 0.67 0.72
1 5 0.97 0.96
1 6 0.59 0.31
1 7 0.41 0.27
1 10 0.86 0.77
1 12 0.71 0.29
2 3 0.9 0.15
2 4 0.61 0.31
2 5 0.43 0.34
2 6 0.02 0.43
2 7 0.71 0.13
2 8 0.73 0.66
2 13 0.91 0.47
2 14 0.93 0.01
3 4 0.76 0.26
3 11 0.79 0.35
3 13 0.38 0.57
3 14 0.53 0.33
3 15 0.88 0.67
4 5 0.57 0.52
4 6 0.98 0.98
4 7 0.45 0.11
4 9 0.73 0.42
4 11 0.36 0.79
5 6 0.86 0.14
5 7 0.62 0.87
5 9 0.69 0.14
6 8 0.49 0.49
6 10 0.45 0.56
6 13 0.56 0.59
7 8 0.22 0.8
7 9 0.76 0.22
7 10 0.02 0.7
7 14 0.89 0.58
8 11 0.52 0.8
8 12 0.09 0.02
9 11 0.38 0.35
10 15 0.27 0.21
11 12 0.83 0.25
11 15 0.41 0.08
13 14 0.54 0.28
