0 1 0.28 0.37
0 2 0.77 0.94
0 3 0.93 0.66
0 4 0.68 0.14
0 5 0.12 0.4
0 7 0.31 0.96
0 8 0.62 0.15
0 10 0.18 0.27
0 12 0.26 0.83
0 14 0.24 0.26
1 2 0.63 0.72
1 3 0.2 0.62
1 4 0.56 0.58
1 5 0.93 0.96
1 6 0.72 0.83
1 10 0.39 0.63
2 3 0.6 0.39
2 4 0.48 0.76
2 5 0.09 0.87
2 6 0.95 0.01
2 7 1 0.2
2 8 0.67 0.82
2 9 0.67 0.09
2 10 0.62 0.46
2 11 0.64 0.77
2 13 0.13 0.64
2 14 0.42 0.75
2 15 0.52 0.08
3 4 0.2 0.04
3 5 0.64 0.13
3 6 0.27 0.25
3 7 0.26 0.97
3 8 0.46 0.42
3 9 0.59 0.69
3 11 0.99 0.76
3 12 0.93 0.53
4 9 0.42 0.08
4 15 0.75 0.26
5 6 0.34 0.84
5 11 0.78 0.42
5 13 0.1 0.3
6 7 0.17 0.68
6 8 0.94 0.81
6 9 0.12 0.88
6 14 0.42 0.16
7 12 0.23 0.28
8 10 0.81 0.82
8 13 0.89 0.8
9 11 0.72 0.87
9 13 0.48 0.29
9 15 0.2 0.11
10 14 0.6 0.41
10 15 0.79 0.87
11 12 0.62 0.99
