0 1 0.8 0.36
0 2 0.09 0.82
0 3 0.9 0.29
0 4 0.02 0.27
0 5 0.36 0.25
0 6 0.44 0.58
0 7 0.63 0.99
0 8 1 0.91
0 11 0.56 0.52
0 14 0.66 0.78
1 2 0.9 0.18
1 3 1 0.56
1 4 0.72 0.56
1 6 0.06 0.83
1 9 0.68 0.13
1 10 0.6 0.28
1 11 0.48 0.84
1 13 0.67 0.97
2 3 0.02 0.08
2 5 0.51 0.37
2 7 0.27 0.5
2 11 0.93 0.55
2 13 0.35 0.86
3 4 0.84 0.61
3 6 0.14 1
3 8 0.11 0.21
3 9 0.23 0.05
3 10 0.44 0.93
3 12 0.87 0.18
4 5 0.41 0.54
5 7 0.39 0.38
5 10 0.2 0.23
6 12 0.81 0.52
6 14 0.12 0.87
6 15 0.6 0.75
7 8 0.59 0.83
7 9 0.38 0.18
8 12 0.17 0.5
10 13 0.21 0.06
10 14 0.44 0.43
10 15 0.92 0.73
13 15 0.92 0.19
