0 1 0.84 1
0 2 0.66 0.51
0 3 0.22 0.99
0 4 0.94 0.79
0 10 0.22 0.38
0 11 0.14 0.67
0 12 0.27 0.12
0 13 0.85 0.52
0 14 0.48 0.82
0 15 0.62 0.48
1 2 0.76 0.37
1 3 0.48 0.46
1 5 0.1 0.09
1 6 0.09 0.46
1 8 0.08 0.75
1 9 0.42 0.1
1 11 0.84 0.11
1 13 0.49 0.31
2 3 0.4 0.26
2 4 0.61 0.81
2 7 0.6 0.39
2 8 0.8 0.17
2 15 0.91 0.97
3 4 0.92 0.29
3 5 0.5 0.4
3 6 0.18 0.74
3 7 0.12 0.84
3 10 0.95 0.12
3 12 0.94 0.79
3 14 0.83 0.53
3 15 0.87 0.98
4 5 0.65 0.49
4 6 0.86 0.06
4 7 0.66 0.7
4 11 0.53 1
4 13 0.03 0.3
6 9 0.54 0.45
6 12 0.2 0.16
6 14 0.05 0.85
7 8 0.7 0.35
7 9 0.15 0.15
7 10 0.43 0.68
