0 1 0.57 0.84
0 2 0.62 0.2
0 3 0.4 0.78
0 4 0.81 0.97
0 5 0.14 0.85
0 7 0.63 0.62
0 8 0.48 0.06
0 9 0.7 0.59
0 10 0.95 0.34
0 12 0.76 0.93
0 15 0.97 0.92
1 2 0.27 0.63
1 3 0.18 0.52
1 4 0.47 0.5
1 5 0.39 0.26
1 6 0.4 0.95
1 8 0.44 0.16
1 11 0.11 0.99
1 12 0.45 0.84
2 3 0.08 0.22
2 4 0.22 0.58
2 5 0.94 0.53
2 6 0.11 0.33
2 7 0.47 0.48
3 4 0.23 0.31
3 7 0.78 0.47
3 9 0.88 0.26
3 10 0.94 0.29
3 12 0.74 0.72
3 13 0.45 0.06
3 14 0.38 0.99
4 5 0.22 0.48
4 6 0.63 0.58
4 8 0.29 0.53
4 9 0.03 0.81
4 14 0.92 0.84
4 15 0.45 0.52
5 6 0.39 0.28
5 12 0.57 0.4
6 7 0.23 0.9
6 8 0.44 0.86
6 11 0.9 0.29
6 13 0.21 0.27
6 14 0.22 0.28
6 15 0.04 0.57
7 9 0.49 0.34
7 10 0.43 0.24
7 11 0.39 0.23
7 15 0.87 1
9 10 0.17 0.21
9 11 0.05 0.48
10 13 0.09 0.96
12 13 0.96 0.35
12 14 0.52 0.66
