0 1 0.59 0.07
0 2 0.24 0.38
0 3 0.47 0.22
0 4 0.24 0.82
0 5 0.34 0.75
0 6 0.8 0.08
0 7 0.25 0.08
0 8 0.71 0.3
0 9 0.28 0.04
0 11 0.31 0.84
0 13 0.09 0.38
0 14 0.46 0.28
0 15 0.93 0.81
1 2 0.49 0.13
1 3 0.84 0.31
1 4 0.82 0.9
1 5 0.35 0.49
1 11 0.83 0.99
1 12 0.57 0.01
1 14 0.12 0.41
1 15 0.56 0.24
2 3 0.51 0.1
2 4 0.41 0.56
2 6 0.82 0.49
2 7 0.24 0.5
2 13 0.28 0.04
2 14 0.5 0.53
3 4 0.7 0.05
3 5 0.23 0.89
3 6 0.62 0.34
3 8 0.48 0.55
3 9 0.48 0.82
3 15 0.65 0.97
4 5 0.83 0.53
4 6 0.54 0.17
4 7 0.64 0.75
4 10 1 0.04
4 12 0.94 0.56
5 7 0.35 0.3
5 8 0.87 0.64
5 9 0.42 0.29
5 10 0.34 0.37
5 11 0.14 0.83
5 12 0.01 0.56
5 13 0.33 0.77
6 9 0.4 0.55
6 10 0.94 0.24
6 11 0.86 0.6
6 13 0.13 0.87
6 14 0.38 0.88
7 8 0.4 0.76
7 12 0.52 0.34
8 10 0.91 0.49
13 15 0.59 0.39
