0 1 0.41 0.93
0 2 0.47 0.93
0 3 0.72 0.98
0 4 0.91 0.08
0 6 0.05 0.19
0 9 0.64 0.87
0 10 0.85 0.67
0 11 0.83 0.55
0 13 0.3 0.72
1 2 0.87 0.54
1 3 0.19 0.54
1 4 0.66 0.79
1 5 0.53 0.36
1 12 0.64 0.6
2 3 0.44 0.58
2 4 0.87 0.65
2 6 0.35 0.35
2 7 0.52 0.67
2 8 0.61 0.2
2 9 0.72 0.93
2 10 0.74 0.63
2 11 0.19 0.11
2 13 0.27 0.44
3 5 0.72 0.07
3 8 0.49 0.11
3 15 0.22 0.61
4 5 0.04 0.4
5 6 0.38 0.97
5 7 0.22 0.29
5 8 0.81 0.03
5 9 0.74 0.65
5 11 0.07 0.03
5 15 0.39 0.6
6 7 0.27 0.48
6 10 0.59 0.54
6 12 0.52 1
6 13 0.81 0.82
8 12 0.32 0.75
8 14 0.93 0.44
11 15 0.37 0.25
12 14 0.1 0.96
13 14 0.02 0.11
