0 1 0.63 0.71
0 2 0.44 0.8
0 3 0.04 0.32
0 4 0.4 0.45
0 5 0.81 0.93
0 9 0.12 1
0 13 0.68 0.87
1 2 0.17 0.88
1 3 0.27 0.38
1 5 0.62 0.03
1 6 0.72 0.74
1 8 0.67 0.44
1 9 0.98 0.14
1 10 0.69 0.4
2 3 0.84 0.91
2 4 0.43 0.29
2 7 0.96 0.95
2 8 0.86 0.95
2 9 0.69 0.68
2 11 0.91 0.75
2 15 0.2 0.06
3 4 0.11 0.77
3 5 0.96 0.94
3 6 0.67 0.82
3 14 0.74 1
4 10 0.43 0.33
4 11 0.73 0.58
4 12 0.68 0.18
5 6 0.84 0.33
5 7 0.81 0.6
5 8 0.69 0.79
6 7 0.97 0.58
6 10 0.91 0.06
6 14 0.06 0.81
7 11 0.58 0.19
7 14 0.5 0.25
8 12 0.54 0.08
9 12 0.16 0.49
9 15 0.51 0.67
10 13 0.8 0.94
12 13 0.3 0.22
14 15 0.82 0.56
