0 1 0.58 0.3
0 2 0.89 0.02
0 3 0.98 0.02
0 4 0.18 0.19
0 10 0.76 0.74
0 11 0.99 0.62
0 12 0.1 0.81
0 13 0.98 0.36
0 14 0.27 0.05
0 15 0.92 0.3
1 2 0.99 0.94
1 3 0.08 0.02
1 5 0.05 0.76
1 6 0.17 0.96
1 8 0.03 0.56
1 9 0.11 0.47
1 11 0.08 0.57
1 13 0.86 0.99
2 3 0.38 0.59
2 4 0.35 0.49
2 7 0.83 0.73
2 8 0.18 0.57
2 15 0.26 0.63
3 4 0.56 0.03
3 5 0.19 0.66
3 6 0.14 0.19
3 7 0.55 0.85
3 10 0.54 0.61
3 12 0.85 0.39
3 14 0.33 0.5
3 15 0.78 0.98
4 5 0.79 0.84
4 6 0.26 0.57
4 7 0.32 0.42
4 11 0.27 0.53
4 13 0.9 0.38
6 9 0.74 0.79
6 12 0.65 0.24
6 14 0.67 0.58
7 8 0.52 0.22
7 9 0.94 0.96
7 10 0.32 0.42
