0 1 0.56 0.8
0 2 0.47 0.87
0 3 0.59 0.18
0 4 0.83 0.94
0 6 0.81 0.93
0 7 0.22 0.2
0 8 1 0.39
0 9 0.5 0.18
0 10 0.59 0.61
0 13 0.27 0.74
0 15 0.12 0.26
1 2 0.08 0.66
1 3 0.26 0.07
1 4 0.82 0.17
1 5 0.8 0.97
1 7 0.1 0.6
1 8 0.93 0.85
1 9 0.69 0.67
1 12 0.11 0.95
1 14 0.12 0.24
1 15 0.96 0.19
2 3 0.67 0.59
2 5 0.62 0.36
2 6 0.72 0.03
2 8 0.4 0.21
3 4 0.12 0.03
3 5 0.69 0.45
3 9 0.7 0.41
3 12 0.59 0.23
3 13 0.34 1
4 6 0.67 0.98
4 11 0.76 0.03
4 14 0.75 0.67
6 7 0.86 0.06
6 10 0.96 0.75
6 11 0.33 0.61
6 12 0.3 1
6 13 0.79 0.78
7 10 0.44 0.47
8 11 0.11 0.07
9 15 0.47 0.26
10 14 0.8 0.82
