0 1 0.38 0.66
0 2 0.44 0.8
0 3 0.58 0.47
0 4 0.45 0.77
0 6 0.56 0.36
0 8 0.49 0.52
0 10 0.92 0.7
0 11 0.83 0.65
0 12 0.38 0.38
0 14 0.63 0.09
0 15 0.33 0.04
1 2 0.88 0.38
1 3 0.36 0.88
1 4 0.11 0.23
1 5 0.5 0.73
1 6 0.06 0.27
1 9 0.85 0.26
1 14 0.54 0.06
2 3 0.34 0.32
2 4 0.26 0.77
2 5 0.34 0.68
2 6 0.52 0.13
2 7 0.18 0.15
2 8 0.33 0.84
2 10 0.8 0.24
2 14 0.44 0.08
3 4 0.98 0.01
3 5 0.12 0.84
3 6 0.88 0.17
3 7 0.35 0.92
3 8 0.49 0.98
3 9 0.72 0.42
3 10 0.51 0.25
4 5 0.4 0.84
4 7 0.95 0.21
4 10 0.06 0.06
4 12 0.08 0.28
4 13 0.4 0.66
5 11 0.56 0.46
5 13 0.08 0.17
6 7 0.39 0.96
6 8 0.29 0.33
6 9 0.31 0.02
7 9 0.56 0.55
7 13 0.53 0.21
7 14 0.74 0.67
7 15 0.39 0.6
8 11 0.29 0.97
8 12 0.01 0.75
8 13 0.98 0.11
9 11 0.4 0.48
10 12 0.54 0.64
11 15 0.3 0.62
13 15 0.75 0.01
