0 1 0.42 0.37
0 2 0.13 0.07
0 3 0.22 0.43
0 4 0.01 0.4
0 6 0.46 0.24
0 8 0.94 0.51
0 10 0.29 0.84
0 11 0.4 0.88
0 12 0.21 0.39
0 14 0.7 0.12
0 15 0.97 0.06
1 2 0.13 0.23
1 3 0.69 0.1
1 4 0.32 0.12
1 5 0.35 0.14
1 6 0.06 0.49
1 9 0.65 0.2
1 14 0.3 0.5
2 3 0.35 0.13
2 4 0.02 0.85
2 5 0.93 0.63
2 6 0.79 0.82
2 7 0.11 0.17
2 8 0.03 0.19
2 10 0.65 0.89
2 14 0.2 0.53
3 4 0.02 0.62
3 5 0.37 0.41
3 6 0.17 0.04
3 7 0.33 0.53
3 8 1 0.11
3 9 0.87 0.92
3 10 0.36 0.79
4 5 0.44 0.5
4 7 0.16 0.82
4 10 0.67 0.38
4 12 0.05 0.83
4 13 0.65 1
5 11 0.14 0.04
5 13 0.18 0.06
6 7 0.07 0.05
6 8 0.48 0.87
6 9 0.67 0.59
7 9 0.49 0.85
7 13 0.54 0.2
7 14 0.44 0.46
7 15 0.47 0.02
8 11 0.14 0.64
8 12 0.84 0.73
8 13 0.94 0.62
9 11 0.32 0.84
10 12 0.17 0.76
11 15 0.45 0.32
13 15 0.47 0.46
