0 1 0.56 0.05
0 2 0.86 0.2
0 3 0.9 0.14
0 4 0.01 0.91
0 5 0.77 0.36
0 6 0.15 0.64
1 2 0.84 0.36
1 3 0.03 0.5
1 4 0.77 0.1
1 5 0.56 0.59
1 6 0.97 0.48
1 9 0.39 0.26
1 11 0.94 0.36
1 12 0.19 0.04
2 3 0.86 0.1
2 7 0.54 0.62
2 10 0.43 0.56
2 11 0.07 0.59
2 12 0.78 0.14
3 4 0.24 0.48
3 5 0.35 0.16
3 8 0.09 0.18
3 10 0.08 0.87
3 13 0.22 0.93
4 6 0.69 0.14
4 8 0.14 0.54
5 7 0.43 0.38
5 9 0.17 0.7
5 10 0.96 0.6
5 13 0.26 0.49
5 14 0.87 0.91
5 15 0.49 0.63
6 7 0.47 0.26
6 8 0.24 0.42
6 11 0.01 0.48
6 14 0.97 0.33
8 9 0.9 0.88
8 12 0.37 0.22
8 14 0.36 0.88
8 15 0.98 0.06
9 13 0.18 0.9
9 15 0.99 0.18
