0 1 0.74 0.64
0 2 0.55 0.78
0 3 0.47 0.3
0 4 0.22 0.14
0 5 0.22 0.87
0 8 0.21 0.24
0 9 0.62 0.21
0 10 0.3 0.96
0 12 0.36 0.92
0 13 0.55 0.73
0 15 0.98 0.04
1 2 0.93 0.74
1 3 0.78 0.32
1 4 0.17 0.85
1 5 0.03 0.43
1 6 0.04 0.38
1 7 0.24 0.37
1 10 0.49 0.56
1 12 0.94 0.6
2 3 0.55 0.73
2 4 0.75 0.07
2 5 0.44 0.53
2 6 0.69 0.15
2 7 0.93 0.91
2 8 0.45 0.32
2 13 0.07 0.68
2 14 0.75 0.9
3 4 0.19 0.79
3 11 0.04 0.16
3 13 0.19 0.83
3 14 0.24 0.93
3 15 0.9 0.5
4 5 0.61 0.48
4 6 0.36 0.28
4 7 0.29 0.35
4 9 0.85 0.75
4 11 0.83 0.65
5 6 0.01 0.32
5 7 0.72 0.9
5 9 0.7 0.75
6 8 0.57 0.51
6 10 0.9 0.02
6 13 0.65 0.54
7 8 0.15 0.72
7 9 0.44 0.69
7 10 0.04 0.63
7 14 0.01 0.96
8 11 0.66 0.97
8 12 0.92 0.27
9 11 0.22 0.99
10 15 0.05 0.91
11 12 0.19 0.51
11 15 0.8 0.82
13 14 0.7 0.96
