0 1 0.19 0.65
0 2 0.51 0.29
0 3 0.11 0.36
0 4 0.82 0.07
0 6 0.75 0.68
0 9 0.76 0.94
0 10 0.87 0.16
0 11 0.63 0.32
0 13 0.06 0.83
1 2 0.88 0.28
1 3 0.41 0.68
1 4 0.17 0.88
1 5 0.96 0.64
1 12 0.85 0.97
2 3 0.8 0.14
2 4 0.71 0.44
2 6 0.82 0.77
2 7 0.78 0.92
2 8 0.24 0.56
2 9 0.53 0.52
2 10 0.06 0.96
2 11 0.68 0.84
2 13 0.87 0.9
3 5 1 0.79
3 8 0.51 0.64
3 15 0.35 0.48
4 5 0.3 0.28
5 6 0.31 0.35
5 7 0.75 0.88
5 8 0.13 0.53
5 9 0.05 0.39
5 11 0.85 0.43
5 15 0.67 0.73
6 7 0.98 0.28
6 10 0.05 0.62
6 12 0.37 0.14
6 13 0.41 0.51
8 12 0.32 0.25
8 14 0.14 0.02
11 15 0.15 0.85
12 14 0.81 0.51
13 14 0.06 0.85
