0 1 0.96 0.52
0 2 0.72 0.83
0 3 0.99 0.24
0 4 0.15 0.31
0 7 0.61 0.15
0 11 0.9 0.28
0 14 0.58 0.46
1 2 0.3 0.67
1 3 0.82 0.79
1 5 0.3 0.42
1 6 0.58 0.69
1 9 0.2 0.2
2 3 0.24 0.71
2 4 0.91 0.84
2 5 0.14 0.72
2 8 0.56 0.52
2 10 0.73 0.76
2 15 0.65 0.38
3 4 0.48 0.3
3 5 0.77 0.25
3 6 0.47 0.74
3 9 0.56 0.82
3 12 0.56 0.16
3 13 0.7 0.68
3 14 0.49 0.9
4 6 0.85 0.2
4 8 0.06 0.5
4 11 0.12 0.52
5 7 0.98 0.13
5 10 0.16 0.34
6 7 0.58 0.5
6 8 0.07 0.52
6 11 0.27 0.61
6 12 0.1 0.65
6 14 0.6 0.04
7 9 0.32 0.62
7 12 0.61 0.01
7 13 0.93 0.04
7 15 0.4 0.73
8 15 0.37 0.46
9 10 0.84 0.93
12 13 0.95 0.78
