0 1 0.72 0.36
0 2 0.26 0.97
0 3 0.47 0.26
0 4 1 0.34
0 5 0.33 0.94
0 6 0.94 0.66
0 7 0.42 0.66
0 8 0.85 0.4
0 9 0.86 0.6
0 11 0.24 0.76
0 13 0.22 0.55
0 15 0.3 0.65
1 2 0.25 0.72
1 3 0.57 0.47
1 4 0.59 0.63
1 5 0.68 0.12
1 6 0.87 0.58
1 10 0.31 0.13
1 14 0.59 0.45
1 15 0.84 0.61
2 3 0.81 0.25
2 4 0.7 0.01
2 5 0.98 0.56
2 7 0.41 0.06
2 8 0.9 0.14
2 9 0.12 0.66
2 11 0.74 0.73
2 12 0.35 0.08
2 15 0.69 0.49
3 4 0.55 0.65
3 5 0.32 0.82
3 6 0.41 0.07
3 9 0.31 0.81
3 13 0.16 0.42
4 5 0.45 0.81
4 6 0.18 0.86
4 7 0.44 0.82
4 8 0.89 0.67
4 9 0.97 0.67
4 10 0.75 0.99
4 11 0.39 0.43
4 12 0.26 0.73
4 15 0.28 0.17
5 6 0.78 0.5
5 7 0.07 0.12
5 8 0.17 0.56
5 12 0.98 0.77
5 14 0.79 0.39
6 7 0.91 0.04
6 10 0.74 0.48
6 11 0.2 0.78
6 12 0.56 0.84
6 13 0.59 0.14
7 8 0.29 0.98
7 9 0.31 0.74
7 10 0.52 0.31
7 11 0.34 0.02
7 14 0.47 0.8
8 10 0.21 0.04
10 14 0.68 0.3
10 15 0.38 0.07
11 12 0.34 0.1
11 13 0.11 0.25
11 14 0.6 0.34
12 13 0.08 0.33
