0 1 0.03 0.7
0 2 0.71 0.14
0 3 0.12 0.76
0 4 0.32 0.58
0 5 0.03 0.93
0 6 0.96 0.58
0 8 0.12 0.88
0 10 0.41 0.43
0 12 0.38 0.93
0 15 0.28 0.51
1 2 0.45 0.25
1 3 0.11 0.83
1 4 0.23 0.66
1 6 0.71 0.23
1 7 0.95 0.15
1 9 0.78 0.44
2 3 0.99 0.17
2 5 0.43 0.82
3 4 0.04 0.35
3 5 0.59 0.07
3 6 0.07 0.25
3 7 0.23 0.28
3 8 0.36 0.97
3 10 0.5 0.48
3 11 0.52 0.48
3 12 0.45 0.47
4 10 0.6 0.78
4 11 0.18 0.71
4 13 0.34 0.08
4 15 0.62 0.72
5 9 0.79 0.97
5 13 0.51 0.34
5 14 0.09 0.5
6 7 0.64 0.67
6 12 0.84 0.88
6 13 0.42 0.03
6 14 0.47 0.51
6 15 0.27 0.04
7 8 0.35 0.68
7 9 0.74 0.35
10 11 0.69 0.97
11 14 0.35 0.57
