0 1 0.79 0.75
0 2 0.35 0.19
0 3 0.47 0.72
0 4 0.74 0.9
0 5 0.01 0.95
0 6 0.71 0.09
0 8 0.53 0.44
0 9 0.65 0.53
0 10 0.77 0.62
1 2 0.35 0.55
1 3 0.05 0.95
1 4 0.14 0.16
1 7 0.31 0.57
1 8 0.02 0.75
1 9 0.07 0.79
1 10 0.63 0.91
1 11 0.28 0.92
1 13 0.1 0.25
2 3 0.75 0.51
2 4 0.19 0.24
2 5 0.92 0.83
2 6 0.24 0.16
2 7 0.56 0.71
2 11 0.65 0.1
3 4 0.85 0.58
3 5 1 0.8
3 6 0.95 0.47
4 5 0.67 0.1
4 7 0.31 0.04
4 8 0.04 0.89
4 9 0.8 0.01
4 11 0.19 0.37
4 12 0.1 0.38
4 14 0.51 0.53
5 6 0.86 0.49
5 7 0.06 0.73
5 10 0.41 0.64
5 15 0.99 0.51
6 11 0.36 0.38
6 12 0.23 0.19
6 15 0.69 0.55
7 8 0.32 0.02
7 12 0.73 0.86
7 13 0.27 0.22
7 14 0.12 0.07
7 15 0.7 0.43
8 9 0.81 0.01
8 10 0.27 0.47
9 12 0.19 0.21
9 13 0.68 0.43
10 15 0.82 0.82
11 13 0.52 0.78
12 14 0.13 0.14
13 14 0.06 0.01
