0 1 0.29 0.72
0 2 0.01 0.88
0 3 0.38 0.81
0 4 0.78 0.18
0 5 0.17 0.17
0 6 0.52 0.43
0 7 0.67 0.14
0 8 0.74 0.96
0 9 0.07 0.53
0 11 0.99 0.05
0 13 0.1 0.89
0 15 0.58 0.27
1 2 0.79 0.37
1 3 0.85 0.44
1 4 0.87 0.37
1 5 0.23 0.16
1 6 0.3 0.22
1 10 0.98 0.32
1 14 0.73 0.48
1 15 0.94 0.78
2 3 0.32 0.6
2 4 0.21 0.01
2 5 0.77 0.49
2 7 0.79 0.83
2 8 0.95 0.01
2 9 0.6 0.03
2 11 0.66 0.54
2 12 0.96 0.56
2 15 0.12 0.03
3 4 0.91 0.98
3 5 0.97 0.87
3 6 0.88 0.92
3 9 0.32 0.62
3 13 0.05 0.18
4 5 0.01 0.21
4 6 0.89 0.23
4 7 0.43 0.61
4 8 0.8 0.61
4 9 0.54 0.27
4 10 0.44 0.79
4 11 0.96 0.06
4 12 0.57 0.97
4 15 0.23 0.72
5 6 0.88 0.92
5 7 0.84 0.29
5 8 0.51 0.56
5 12 0.75 0.72
5 14 0.78 0.07
6 7 0.69 0.78
6 10 0.37 0.8
6 11 0.38 0.01
6 12 0.13 0.5
6 13 0.69 0.27
7 8 0.46 0.04
7 9 0.64 0.5
7 10 0.07 0.15
7 11 0.37 0.95
7 14 0.19 0.7
8 10 0.96 0.13
10 14 0.96 0.51
10 15 0.98 0.98
11 12 0.48 0.06
11 13 0.78 0.64
11 14 0.33 0.49
12 13 0.44 0.65
