0 1 0.08 0.8
0 2 0.43 0.75
0 3 0.58 0.46
0 4 0.4 0.44
0 6 0.93 0.87
0 8 0.59 0.03
0 10 0.89 0.04
0 11 0.6 0.78
0 12 0.68 0.5
0 14 0.27 0.19
0 15 0.54 0.49
1 2 0.41 0.73
1 3 0.47 0.84
1 4 0.45 0.93
1 5 0.07 0.59
1 6 0.61 0.33
1 9 0.4 0.97
1 14 0.54 0.42
2 3 0.41 0.07
2 4 0.51 0.14
2 5 0.02 0.6
2 6 0.15 0.64
2 7 0.88 0.82
2 8 0.44 0.76
2 10 0.3 0.5
2 14 0.14 0.94
3 4 0.08 0.71
3 5 0.86 0.86
3 6 0.81 0.07
3 7 0.16 0.78
3 8 0.06 0.2
3 9 0.23 0.16
3 10 0.75 0.75
4 5 0.64 0.91
4 7 0.07 0.73
4 10 0.83 0.92
4 12 0.84 0.15
4 13 0.18 0.76
5 11 0.73 0.34
5 13 0.29 0.84
6 7 0.99 0.82
6 8 0.43 0.26
6 9 0.69 0.14
7 9 0.44 0.47
7 13 0.09 0.3
7 14 0.99 0.75
7 15 0.11 0.74
8 11 0.03 0.71
8 12 0.49 0.4
8 13 0.87 0.73
9 11 0.44 0.71
10 12 0.32 0.43
11 15 0.2 0.95
13 15 0.55 0.49
