0 1 0.83 0.13
0 2 0.16 0.01
0 3 0.56 0.47
0 4 0.8 0.28
0 5 0.71 0.1
0 6 0.51 0.1
0 8 0.89 0.72
0 10 0.96 0.82
0 12 0.34 0.24
0 15 0.73 0.82
1 2 0.76 0.24
1 3 1 0.59
1 4 0.91 0.65
1 6 0.5 0.78
1 7 0.44 1
1 9 0.68 0.2
2 3 0.84 0.27
2 5 0.25 0.16
3 4 0.29 0.45
3 5 0.59 0.76
3 6 0.38 0.85
3 7 0.07 0.64
3 8 0.4 0.45
3 10 0.69 0.52
3 11 0.89 0.72
3 12 0.06 0.18
4 10 0.88 0.87
4 11 0.75 0.9
4 13 0.43 0.27
4 15 0.07 0.79
5 9 0.94 0.73
5 13 0.58 0.36
5 14 0.75 0.31
6 7 0.66 0.46
6 12 0.56 0.52
6 13 0.7 0.76
6 14 0.67 0.26
6 15 0.59 0.47
7 8 0.72 0.71
7 9 0.98 0.24
10 11 0.77 0.5
11 14 0.54 0.14
