0 1 0.91 0.67
0 2 0.33 0.1
0 3 0.54 0.44
0 4 0.15 0.04
0 5 0.2 0.58
0 6 0.37 0.34
1 2 0.62 0.33
1 3 0.92 0.37
1 4 0.02 0.75
1 5 0.53 0.26
1 6 0.21 0.2
1 9 0.53 0.91
1 11 0.89 0.04
1 12 0.15 0.66
2 3 0.5 0.01
2 7 0.69 0.11
2 10 0.71 0.2
2 11 0.55 0.93
2 12 0.28 0.08
3 4 0.61 0.68
3 5 0.43 0.72
3 8 0.5 0.08
3 10 0.67 0.41
3 13 0.64 0.49
4 6 0.8 0.11
4 8 0.52 0.74
5 7 0.79 0.16
5 9 0.92 0.45
5 10 0.32 0.5
5 13 0.95 0.9
5 14 0.71 0.71
5 15 0.13 0.75
6 7 0.65 0.13
6 8 0.65 0.58
6 11 0.22 0.85
6 14 0.81 0.12
8 9 0.17 0.15
8 12 0.54 0.67
8 14 0.05 0.25
8 15 0.7 0.67
9 13 0.11 0.81
9 15 0.19 0.76
