0 1 0.75 0.81
0 2 0.5 0.72
0 3 0.77 0.25
0 4 0.22 0.63
0 6 0.36 0.66
0 8 0.52 0.26
0 10 0.06 0.16
0 11 0.13 0.1
0 12 0.55 0.58
0 14 0.19 0.95
0 15 0.16 0.35
1 2 0.22 0.58
1 3 0.6 0.18
1 4 0.98 0.36
1 5 0.67 0.24
1 6 0.97 1
1 9 0.14 0.59
1 14 0.81 0.47
2 3 0.39 0.48
2 4 0.48 0.22
2 5 0.34 0.69
2 6 0.76 0.3
2 7 0.54 0.24
2 8 0.53 0.78
2 10 0.44 0.4
2 14 0.03 0.6
3 4 0.53 0.1
3 5 0.4 0.11
3 6 0.08 0.47
3 7 0.88 1
3 8 0.07 0.27
3 9 0.33 0.08
3 10 0.38 0.65
4 5 0.41 0.33
4 7 0.09 0.34
4 10 0.77 0.79
4 12 0.8 0.78
4 13 0.42 0.79
5 11 0.8 0.63
5 13 0.8 0.37
6 7 0.4 0.45
6 8 0.89 0.24
6 9 0.47 0.17
7 9 0.76 0.2
7 13 0.97 0.01
7 14 0.43 0.86
7 15 0.52 0.46
8 11 0.89 0.86
8 12 0.27 0.93
8 13 0.35 0.54
9 11 0.94 0.75
10 12 0.05 0.46
11 15 0.08 0.23
13 15 0.98 0.65
