0 1 0.35 0.15
0 2 0.77 0.64
0 3 0.45 0.04
0 4 0.95 0.57
0 6 0.56 0.94
0 9 0.68 0.37
0 10 0.22 0.24
0 11 0.64 0.09
0 13 0.76 0.16
1 2 0.02 0.99
1 3 0.35 0.06
1 4 0.69 0.63
1 5 0.32 0.29
1 12 0.51 0.54
2 3 0.52 0.9
2 4 0.91 1
2 6 0.2 0.1
2 7 0.81 0.62
2 8 0.12 0.07
2 9 0.55 0.59
2 10 0.28 0.27
2 11 0.91 0.64
2 13 0.33 0.04
3 5 0.09 0.21
3 8 0.51 0.85
3 15 0.64 0.57
4 5 0.15 0.66
5 6 0.6 0.96
5 7 0.92 0.67
5 8 0.04 0.3
5 9 0.58 0.47
5 11 0.21 0.71
5 15 0.98 0.69
6 7 0.87 0.78
6 10 0.58 0.73
6 12 0.99 0.86
6 13 0.49 0.6
8 12 0.73 0.68
8 14 0.1 0.63
11 15 0.17 0.69
12 14 0.3 0.33
13 14 0.75 0.46
