0 1 0.23 0.26
0 2 0.55 0.49
0 3 0.28 0.68
0 4 0.3 0.59
0 5 0.52 0.24
0 7 0.81 0.41
0 8 0.03 0.28
0 10 0.31 0.3
0 12 0.03 0.55
0 14 0.23 0.52
1 2 0.98 0.75
1 3 0.11 0.56
1 4 0.73 0.01
1 5 0.45 0.48
1 6 0.36 0.97
1 10 0.81 0.99
2 3 0.6 0.52
2 4 0.91 0.38
2 5 0.58 0.14
2 6 0.88 0.02
2 7 0.98 0.57
2 8 0.67 0.83
2 9 0.31 0.16
2 10 0.71 0.67
2 11 0.76 0.28
2 13 0.08 0.2
2 14 0.45 0.67
2 15 0.36 0.14
3 4 0.93 0.54
3 5 0.54 0.42
3 6 0.7 0.31
3 7 0.95 0.69
3 8 0.49 0.26
3 9 0.81 0.81
3 11 0.56 0.06
3 12 0.6 0.96
4 9 0.58 0.48
4 15 0.07 0.43
5 6 0.68 0.08
5 11 0.6 0.15
5 13 0.79 0.17
6 7 0.33 0.15
6 8 0.69 0.22
6 9 0.72 0.17
6 14 0.76 0.11
7 12 0.82 0.3
8 10 0.91 0.54
8 13 0.11 0.42
9 11 0.86 0.27
9 13 0.09 0.25
9 15 0.63 0.3
10 14 0.61 0.09
10 15 0.39 0.67
11 12 0.01 0.56
