0 1 0.7 0.59
0 2 0.31 0.58
0 3 0.43 0.81
0 4 0.39 0.66
0 5 0.01 0.06
0 6 0.45 0.57
0 7 0.32 0.08
0 8 0.52 0.82
0 9 0.7 0.82
0 11 0.14 0.84
0 13 0.41 0.61
0 14 0.85 0.57
0 15 0.49 0.14
1 2 0.02 0.22
1 3 0.49 0.39
1 4 0.97 1
1 5 0.92 0.07
1 11 0.24 0.76
1 12 0.12 0.12
1 14 0.41 0.98
1 15 0.52 0.75
2 3 0.94 0.33
2 4 0.18 0.55
2 6 0.27 0.81
2 7 0.84 0.18
2 13 0.46 0.26
2 14 0.64 0.74
3 4 0.06 0.54
3 5 0.25 0.1
3 6 0.86 0.66
3 8 0.57 0.59
3 9 0.07 0.43
3 15 0.12 0.97
4 5 0.49 0.69
4 6 0.06 0.78
4 7 0.1 0.96
4 10 1 0.15
4 12 1 0.17
5 7 0.83 0.69
5 8 0.28 0.69
5 9 0.42 0.66
5 10 0.71 0.28
5 11 0.73 0.84
5 12 0.57 0.08
5 13 0.87 0.74
6 9 0.69 0.9
6 10 0.57 0.11
6 11 0.85 0.01
6 13 0.81 0.46
6 14 0.09 0.43
7 8 0.24 0.44
7 12 0.93 0.34
8 10 0.28 0.84
13 15 0.15 0.93
