0 1 0.47 0.49
0 2 0.62 0.07
0 3 0.12 0.28
0 4 0.41 0.18
0 5 0.12 0.79
0 6 0.67 0.63
0 7 0.09 0.9
0 8 0.99 0.64
0 9 0.51 0.63
0 11 0.26 0.39
0 12 0.69 0.99
0 13 0.8 0.29
0 14 0.27 0.19
0 15 0.8 0.18
1 2 0.59 0.96
1 3 0.75 0.79
1 4 0.95 0.6
1 5 0.16 0.47
1 6 0.44 0.2
1 7 0.64 0.55
1 8 0.29 0.05
1 10 0.5 0.75
1 12 0.49 0.01
1 13 0.31 0.07
2 3 0.19 0.55
2 4 0.91 0.67
2 5 0.56 1
2 6 1 0.24
2 8 0.33 0.9
2 9 0.86 0.68
2 15 0.02 0.05
3 4 0.03 0.1
3 7 0.03 0.99
3 10 0.8 0.62
3 13 0.55 0.85
3 15 0.95 0.34
4 5 0.1 0.7
4 6 0.33 0.01
4 8 0.95 0.16
5 7 0.35 0.03
5 9 0.51 0.88
5 10 0.59 0.68
5 11 0.48 0.44
5 14 0.89 0.45
6 11 0.54 0.58
6 15 0.83 0.41
7 14 0.64 0.42
8 9 0.89 0.26
8 10 0.5 0.78
8 12 0.42 0.47
9 11 0.74 0.69
10 12 0.4 0.33
10 13 0.4 0.44
10 14 0.61 0.95
