0 1 0.79 0.74
0 2 0.61 0.78
0 3 0.27 0.13
0 4 0.15 0.4
0 7 0.75 0.78
1 2 0.67 0.47
1 3 0.97 0.7
1 4 0.36 0.8
1 5 0.31 0.95
1 6 0.95 0.29
1 10 0.93 0.53
1 12 0.45 0.23
2 3 0.65 0.71
2 4 0.79 0.76
2 7 0.85 0.03
2 9 0.54 0.85
2 10 0.9 0.42
2 11 0.69 0.53
2 12 0.13 0.9
3 5 0.55 0.51
3 6 0.09 0.05
3 8 0.12 0.29
3 11 0.92 0.81
3 12 0.75 0.71
3 15 0.83 0.82
4 5 0.81 0.67
4 6 0.76 0.6
4 8 0.17 0.69
4 11 0.07 0.99
4 14 0.4 0.29
5 14 0.06 0.05
6 7 0.94 0.21
6 8 0.34 0.77
6 9 0.12 0.77
6 10 1 0.17
6 13 0.51 0.89
6 15 0.1 0.74
7 9 0.73 0.79
7 14 0.53 0.28
11 13 0.53 0.94
12 13 0.09 0.8
12 15 0.35 0.76
