0 1 0.29 0.99
0 2 0.7 0.04
0 3 0.34 0.24
0 4 0.93 0.5
0 5 0.02 0.38
0 6 0.02 0.65
1 2 0.81 0.25
1 3 0.05 0.65
1 4 0.77 0.31
1 5 0.79 0.77
1 6 0.24 0.74
1 9 0.08 0.93
1 11 0.11 0.55
1 12 0.57 0.69
2 3 0.01 0.2
2 7 0.7 0.09
2 10 0.29 0.98
2 11 0.88 0.83
2 12 0.77 0.34
3 4 0.31 0.59
3 5 0.84 0.66
3 8 0.88 0.75
3 10 0.29 0.19
3 13 0.07 0.48
4 6 1 0.73
4 8 0.7 0.49
5 7 0.86 0.5
5 9 0.39 0.21
5 10 0.77 0.27
5 13 0.83 0.23
5 14 0.7 0.92
5 15 0.94 0.2
6 7 0.55 0.77
6 8 0.83 0.22
6 11 0.38 0.86
6 14 0.08 0.65
8 9 0.51 0.54
8 12 0.62 0.78
8 14 0.1 0.55
8 15 0.84 0.49
9 13 0.63 0.78
9 15 0.89 0.04
