0 1 0.26 0.1
0 2 0.33 0.21
0 3 0.14 0.08
0 4 0.44 0.76
0 5 0.29 0.98
0 6 0.21 0.33
0 7 0.61 0.52
0 8 0.31 0.47
0 9 0.37 0.36
0 11 0.31 0.79
0 13 0.28 0.21
0 14 0.63 0.98
0 15 0.01 0.43
1 2 0.55 0.78
1 3 0.82 0.08
1 4 0.91 0.44
1 5 0.85 0.6
1 11 0.2 0.27
1 12 0.77 0.47
1 14 0.52 0.52
1 15 0.39 0.41
2 3 0.22 0.8
2 4 0.76 0.78
2 6 0.3 0.94
2 7 0.59 0.85
2 13 0.02 0.75
2 14 0.48 0.85
3 4 0.73 0.91
3 5 0.58 0.64
3 6 0.28 0.03
3 8 0.67 0.33
3 9 0.33 0.37
3 15 0.7 0.8
4 5 0.17 0.85
4 6 0.86 0.91
4 7 0.91 0.04
4 10 0.86 0.49
4 12 0.06 0.13
5 7 0.14 0.17
5 8 0.89 0.58
5 9 0.24 0.03
5 10 0.83 0.94
5 11 0.76 0.39
5 12 0.15 0.23
5 13 0.72 1
6 9 0.69 0.96
6 10 0.1 0.36
6 11 0.12 0.61
6 13 0.66 0.94
6 14 0.26 0.53
7 8 0.62 0.32
7 12 0.64 0.54
8 10 0.56 0.18
13 15 0.3 0.83
