0 1 0.43 0.67
0 2 0.33 0.49
0 3 0.8 0.51
0 4 0.65 0.99
0 7 0.76 0.64
1 2 0.03 0.18
1 3 0.06 0.47
1 4 1 0.2
1 5 0.61 0.73
1 6 0.68 0.72
1 10 0.13 0.97
1 12 0.15 0.36
2 3 0.14 0.96
2 4 0.57 0.39
2 7 0.5 0.24
2 9 0.37 0.67
2 10 0.54 0.47
2 11 0.44 0.38
2 12 0.29 0.07
3 5 0.57 0.58
3 6 0.42 0.32
3 8 0.49 0.32
3 11 0.3 0.35
3 12 0.22 0.33
3 15 0.8 0.19
4 5 0.87 0.49
4 6 0.07 0.29
4 8 0.47 0.63
4 11 0.23 0.86
4 14 0.73 0.61
5 14 0.8 0.29
6 7 0.38 0.5
6 8 0.94 0.68
6 9 0.69 0.19
6 10 0.71 0.51
6 13 0.88 0.97
6 15 0.79 0.67
7 9 0.01 0.23
7 14 0.14 0.57
11 13 0.19 0.57
12 13 0.54 0.26
12 15 0.96 0.76
