0 1 0.47 0.98
0 2 0.04 0.94
0 3 0.97 0.65
0 4 0.73 0.62
0 5 0.26 0.89
0 14 0.54 0.76
0 15 0.85 0.47
1 2 0.67 0.87
1 3 0.55 0.49
1 4 0.34 0.12
1 5 0.16 0.57
1 6 0.37 0.12
1 7 0.49 0.78
1 8 0.5 0.26
1 10 0.14 0.95
1 11 0.34 0.16
1 14 0.2 0.37
1 15 0.38 0.19
2 3 0.06 0.64
2 6 0.81 0.27
2 8 0.92 0.68
2 9 0.25 0.35
2 10 0.41 0.88
2 12 0.74 0.51
3 4 0.63 0.03
3 7 0.4 0.73
3 8 0.76 0.72
3 9 0.92 0.46
3 13 0.6 1
4 5 0.9 0.44
4 6 0.12 0.05
4 9 0.19 0.66
4 11 0.09 0.37
5 7 0.69 0.25
5 10 0.91 0.29
5 12 0.4 0.44
5 13 0.15 0.25
6 13 0.23 0.65
8 11 0.92 0.84
8 14 0.52 0.56
9 12 0.17 0.55
10 15 0.24 0.3
