0 1 0.45 0.45
0 2 0.92 0.15
0 3 0.32 0.36
0 4 0.64 0.82
0 6 0.72 0.71
0 7 0.06 0.04
0 8 0.33 0.27
0 9 0.02 0.12
0 10 0.05 0.98
0 13 0.68 0.29
0 15 0.12 0.93
1 2 0.19 0.54
1 3 0.85 0.75
1 4 0.59 0.16
1 5 0.92 0.55
1 7 0.92 0.4
1 8 0.03 0.59
1 9 0.77 0.15
1 12 0.25 0.36
1 14 0.68 0.6
1 15 0.42 0.67
2 3 0.58 0.3
2 5 0.28 0.7
2 6 0.76 0.2
2 8 0.5 0.5
3 4 0.8 0.35
3 5 0.03 0.57
3 9 0.53 0.51
3 12 0.52 0.48
3 13 0.48 0.49
4 6 0.74 0.93
4 11 0.69 0.37
4 14 0.55 0.26
6 7 0.57 0.65
6 10 0.06 0.74
6 11 0.57 0.24
6 12 0.06 0.48
6 13 0.84 0.85
7 10 0.32 0.55
8 11 0.8 0.21
9 15 0.27 0.47
10 14 0.97 0.46
