0 1 0.31 0.98
0 2 0.08 0.5
0 3 0.51 0.4
0 4 0.99 0.71
0 6 0.17 0.71
0 7 0.08 0.21
0 8 0.64 0.02
0 9 0.48 0.29
0 10 0.74 0.2
0 13 0.41 0.29
0 15 0.34 0.48
1 2 0.23 0.72
1 3 0.98 0.56
1 4 0.46 0.73
1 5 0.95 0.5
1 7 0.73 0.51
1 8 0.16 0.05
1 9 0.16 0.72
1 12 0.22 0.07
1 14 0.02 0.02
1 15 0.9 0.06
2 3 0.26 0.98
2 5 0.39 0.15
2 6 0.66 0.04
2 8 0.93 0.64
3 4 0.94 0.65
3 5 0.45 0.56
3 9 0.1 0.61
3 12 0.53 0.31
3 13 0.44 0.87
4 6 0.21 0.71
4 11 0.86 0.64
4 14 0.89 0.16
6 7 0.42 0.3
6 10 0.4 0.77
6 11 0.47 0.57
6 12 0.15 0.36
6 13 0.18 0.77
7 10 0.71 0.82
8 11 0.21 0.22
9 15 0.15 0.27
10 14 0.53 0.01
