0 1 0.65 0.46
0 2 0.14 0.41
0 3 0.32 0.26
0 4 0.91 0.03
0 5 0.74 0.92
0 6 0.65 0.59
1 2 0.43 0.77
1 3 0.82 0.17
1 4 0.76 0.14
1 5 0.93 0.98
1 6 0.64 0.22
1 9 0.72 0.41
1 11 0.85 0.65
1 12 0.53 0.68
2 3 0.64 0.61
2 7 0.57 0.6
2 10 0.3 0.94
2 11 0.18 0.13
2 12 0.81 0.26
3 4 0.37 0.27
3 5 0.07 0.95
3 8 0.19 0.81
3 10 0.37 0.77
3 13 0.76 0.24
4 6 0.01 0.64
4 8 0.06 0.88
5 7 0.85 0.84
5 9 0.88 0.02
5 10 0.3 0.34
5 13 0.68 0.92
5 14 0.47 0.64
5 15 0.39 0.33
6 7 0.33 0.67
6 8 0.63 0.11
6 11 0.75 0.12
6 14 0.15 0.06
8 9 0.99 0.5
8 12 0.75 0.65
8 14 0.54 0.99
8 15 0.17 0.95
9 13 0.65 0.75
9 15 0.57 0.37
