0 1 0.07 0.89
0 2 0.04 0.71
0 3 0.24 0.42
0 4 0.69 0.12
0 6 0.66 0.69
0 8 0.45 0.38
0 10 0.75 0.42
0 11 0.95 0.54
0 12 0.04 0.74
0 14 0.05 1
0 15 0.68 0.42
1 2 0.3 0.95
1 3 0.38 0.31
1 4 0.45 0.2
1 5 0.99 0.53
1 6 0.88 0.54
1 9 0.01 0.18
1 14 0.33 0.03
2 3 0.07 0.72
2 4 0.09 0.72
2 5 0.56 0.79
2 6 0.52 0.63
2 7 0.19 0.48
2 8 0.71 0.46
2 10 0.89 0.04
2 14 0.53 0.99
3 4 0.66 0.04
3 5 0.42 0.17
3 6 0.81 0.77
3 7 0.37 0.65
3 8 0.93 0.46
3 9 0.06 0.42
3 10 0.66 0.65
4 5 0.57 0.24
4 7 0.54 0.72
4 10 0.01 0.66
4 12 0.1 0.67
4 13 0.16 0.06
5 11 0.78 0.15
5 13 0.74 0.22
6 7 0.26 0.28
6 8 0.39 0.02
6 9 0.68 0.68
7 9 0.51 0.72
7 13 0.76 0.15
7 14 0.06 0.71
7 15 0.34 0.42
8 11 0.4 0.88
8 12 0.74 0.5
8 13 0.85 0.52
9 11 0.32 0.09
10 12 0.55 0.99
11 15 0.42 0.27
13 15 0.26 0.96
