0 1 0.93 0.68
0 2 0.56 0.32
0 3 0.85 0.96
0 4 0.1 0.09
0 5 0.6 0.24
0 7 0.77 0.47
0 8 0.26 0.14
0 10 0.76 0.87
0 12 0.27 0.88
0 14 0.63 0.84
1 2 0.58 0.34
1 3 0.14 0.13
1 4 0.9 0.56
1 5 0.45 0.28
1 6 0.92 0.41
1 10 0.05 0.89
2 3 0.7 0.99
2 4 0.36 0.24
2 5 0.27 0.27
2 6 0.95 0.98
2 7 0.4 0.59
2 8 0.3 0.47
2 9 0.03 0.88
2 10 0.6 0.72
2 11 0.43 0.46
2 13 0.61 0.25
2 14 0.52 0.1
2 15 0.78 0.79
3 4 0.63 0.68
3 5 0.09 0.79
3 6 0.72 0.02
3 7 0.92 0.56
3 8 0.67 0.2
3 9 0.44 0.67
3 11 0.03 0.09
3 12 0.84 0.32
4 9 0.02 0.58
4 15 0.23 0.55
5 6 0.58 0.62
5 11 0.75 0.71
5 13 0.03 0.58
6 7 0.13 0.78
6 8 0.73 0.63
6 9 0.4 0.88
6 14 0.93 0.39
7 12 0.06 0.75
8 10 0.89 0.19
8 13 0.91 0.22
9 11 0.08 0.17
9 13 0.82 0.81
9 15 0.16 0.33
10 14 0.69 0.19
10 15 0.49 0.61
11 12 0.14 0.37
