0 1 0.06 0.61
0 2 0.09 0.52
0 3 0.05 0.94
0 4 0.95 0.05
0 6 0.39 0.32
0 9 0.78 0.93
0 10 0.49 0.25
0 11 0.78 0.28
0 13 0.31 0.34
1 2 0.19 0.28
1 3 0.81 0.47
1 4 0.13 0.78
1 5 0.26 0.46
1 12 0.38 0.17
2 3 0.65 0.09
2 4 0.78 0.87
2 6 0.74 0.37
2 7 0.74 0.12
2 8 0.78 0.41
2 9 0.29 0.46
2 10 0.55 0.8
2 11 0.28 0.92
2 13 0.54 0.89
3 5 0.91 0.75
3 8 0.19 0.26
3 15 0.89 0.23
4 5 0.59 0.93
5 6 0.47 0.56
5 7 0.46 0.64
5 8 0.33 0.16
5 9 0.05 0.86
5 11 0.09 0.53
5 15 0.36 0.45
6 7 0.27 0.71
6 10 0.32 0.33
6 12 0.48 0.29
6 13 0.54 0.64
8 12 0.56 0.73
8 14 0.15 0.83
11 15 0.47 0.63
12 14 0.7 0.54
13 14 0.45 0.94
