0 1 0.34 0.83
0 2 0.62 0.02
0 3 0.9 0.18
0 4 0.43 0.26
0 5 0.97 0.26
0 6 0.13 0.68
0 7 0.42 0.04
0 11 0.95 0.83
1 2 0.63 0.49
1 3 0.79 0.93
1 4 0.35 0.62
1 5 0.51 0.62
1 6 0.67 0.72
1 7 0.1 0.23
1 8 0.32 0.11
1 9 0.52 0.79
1 11 0.99 0.97
1 12 0.85 0.48
2 3 0.81 0.91
2 4 0.14 0.9
2 5 0.08 0.35
2 6 0.38 0.67
2 7 0.69 0.91
2 9 1 0.22
2 10 0.52 0.78
2 15 0.1 0.62
3 4 0.18 0.05
3 5 0.06 0.18
3 6 0.54 0.69
3 8 0.84 0.64
3 10 0.37 0.09
3 11 0.48 0.49
3 12 0.2 0.82
3 14 0.74 0.36
4 12 0.31 0.22
5 7 0.97 0.81
5 8 0.33 0.76
5 9 0.88 0.49
5 10 0.58 0.89
6 12 0.95 0.1
6 14 0.07 0.09
7 8 0.26 0.11
7 9 0.55 0.04
7 10 0.4 0.98
7 11 0.43 0.99
7 15 0.64 0.29
8 13 0.18 0.22
8 14 0.81 0.02
8 15 0.62 0.43
10 13 0.68 0.51
11 13 0.11 0.92
11 15 0.91 0.33
12 13 0.4 0.45
13 14 0.7 0.31
