0 1 0.47 0.38
0 2 1 0.44
0 3 0.1 0.04
0 4 0.46 0.26
0 5 0.77 0.86
0 6 0.45 0.61
1 2 0.74 0.21
1 3 0.17 0.86
1 4 0.51 0.68
1 5 0.06 0.15
1 6 0.35 0.74
1 9 0.52 0.98
1 11 0.2 0.36
1 12 0.06 0.37
2 3 0.92 0.71
2 7 0.81 0.05
2 10 0.87 0.3
2 11 0.9 0.56
2 12 0.53 0.52
3 4 0.53 0.79
3 5 0.4 0.85
3 8 0.04 0.43
3 10 0.75 0.05
3 13 0.86 0.52
4 6 0.06 0.05
4 8 0.64 0.94
5 7 0.18 0.3
5 9 0.21 0.4
5 10 0.19 0.42
5 13 0.49 0.33
5 14 0.86 0.5
5 15 0.96 0.74
6 7 0.45 0.15
6 8 0.18 0.47
6 11 0.79 0.68
6 14 0.49 0.58
8 9 0.45 0.51
8 12 0.49 0.96
8 14 0.7 0.51
8 15 0.04 0.66
9 13 0.93 0.53
9 15 0.73 0.35
