0 1 0.44 0.16
0 2 0.99 0.73
0 3 0.52 0.14
0 4 0.28 0.29
0 9 0.62 0.26
0 14 0.69 0.07
1 2 0.48 0.88
1 3 0.15 0.45
1 4 0.41 0.74
1 5 0.19 0.86
1 6 0.46 0.38
1 7 0.68 0.75
1 8 0.16 0.24
1 11 0.51 0.58
1 13 0.56 0.97
1 14 0.5 0.26
2 3 0.31 0.3
2 6 0.24 0.3
2 8 0.44 0.05
2 12 0.89 0.12
3 4 0.89 0.11
3 5 0.82 0.79
3 6 0.79 0.25
3 9 0.4 0.18
3 10 0.72 0.2
3 12 0.2 0.49
4 5 0.34 0.42
4 8 0.63 0.09
4 9 0.7 0.87
4 10 0.75 0.32
4 13 0.59 0.02
4 14 0.01 0.25
5 7 0.9 0.88
5 15 0.34 0.23
6 7 0.02 1
6 10 0.53 0.93
6 11 0.73 0.35
6 12 0.63 0.39
6 15 0.24 0.74
7 15 0.56 0.39
9 13 0.63 0.46
10 11 0.14 0.94
