0 1 0.02 0.53
0 2 0.5 0.4
0 3 1 0.8
0 4 0.16 0.36
0 7 0.43 0.75
0 11 0.58 0.05
0 14 0.62 0.28
1 2 0.88 0.72
1 3 0.27 0.13
1 5 0.74 0.3
1 6 0.27 0.37
1 9 0.39 0.38
2 3 0.59 0.96
2 4 0.75 0.79
2 5 0.28 0.86
2 8 0.59 0.04
2 10 0.95 0.9
2 15 0.14 0.34
3 4 0.59 0.67
3 5 0.98 0.15
3 6 0.2 0.23
3 9 0.6 0.67
3 12 0.24 0.52
3 13 0.81 0.96
3 14 0.49 0.69
4 6 0.58 0.98
4 8 0.7 0.1
4 11 0.55 0.75
5 7 0.1 0.28
5 10 0.92 0.97
6 7 0.65 0.06
6 8 0.33 0.51
6 11 0.08 0.53
6 12 0.66 0.88
6 14 0.89 0.73
7 9 0.03 0.21
7 12 0.32 0.15
7 13 0.64 0.75
7 15 0.22 0.42
8 15 0.78 0.86
9 10 0.55 0.47
12 13 0.84 0.79
