0 1 0.86 0.51
0 2 0.57 0.64
0 3 0.34 0.24
0 4 0.73 0.16
0 5 0.76 0.89
0 6 0.52 0.17
0 8 0.29 0.2
0 10 0.7 0.54
0 12 0.31 0.04
0 15 0.98 0.22
1 2 0.66 0.65
1 3 0.53 0.15
1 4 0.17 0.05
1 6 0.14 0.2
1 7 0.63 0.47
1 9 0.03 0.58
2 3 0.49 0.03
2 5 0.99 0.8
3 4 0.22 0.03
3 5 0.27 0.14
3 6 0.32 0.09
3 7 0.8 0.33
3 8 0.53 0.03
3 10 0.98 0.53
3 11 0.39 0.3
3 12 1 0.91
4 10 0.83 0.3
4 11 0.77 0.68
4 13 0.41 0.57
4 15 0.86 0.76
5 9 0.21 0.55
5 13 0.67 0.57
5 14 0.09 0.6
6 7 0.27 0.74
6 12 0.08 0.84
6 13 0.16 0.75
6 14 0.34 0.33
6 15 0.85 0.64
7 8 0.16 0.21
7 9 0.99 0.57
10 11 0.01 0.1
11 14 0.47 0.02
