0 1 0.7 0.84
0 2 0.26 0.52
0 3 0.01 0.65
0 4 0.48 0.54
0 9 0.96 0.35
0 14 0.09 0.74
1 2 0.34 0.81
1 3 0.35 0.69
1 4 0.99 0.15
1 5 0.11 0.01
1 6 0.48 0.35
1 7 0.2 0.54
1 8 0.42 0.88
1 11 0.26 0.87
1 13 0.61 0.04
1 14 0.96 0.53
2 3 0.58 0.86
2 6 0.13 0.32
2 8 0.72 0.71
2 12 0.87 0.02
3 4 0.61 0.32
3 5 0.71 0.55
3 6 0.73 0.05
3 9 0.28 0.22
3 10 0.14 0.59
3 12 0.18 0.81
4 5 0.88 0.44
4 8 0.15 0.05
4 9 0.17 0.06
4 10 0.71 0.34
4 13 0.41 0.28
4 14 0.28 0.45
5 7 0.8 0.48
5 15 0.59 0.22
6 7 0.96 0.65
6 10 0.17 0.5
6 11 0.21 0.26
6 12 0.89 0.02
6 15 0.44 0.28
7 15 0.63 0.87
9 13 0.4 0.73
10 11 0.96 0.6
