0 1 0.59 0.77
0 2 0.45 0.71
0 3 0.61 0.61
0 4 0.9 0.38
0 6 0.29 0.57
0 7 0.03 0.31
0 9 0.92 0.75
0 11 0.45 0.01
0 12 0.95 0.39
0 13 0.89 0.78
0 14 0.15 0.17
1 2 0.78 0.88
1 3 0.24 0.57
1 4 0.88 0.23
1 5 1 0.09
1 8 0.32 0.45
1 9 0.04 0.98
2 3 0.16 0.9
2 4 0.6 0.52
2 10 0.74 0.39
2 14 0.99 0.94
3 5 0.16 0.54
3 6 0.41 0.39
3 7 0.56 0.27
3 10 0.05 0.56
3 11 0.51 0.74
3 13 0.92 0.37
4 5 0.02 0.75
4 10 0.3 0.9
4 15 0.65 0.38
5 6 0.42 0.46
5 12 0.97 0.96
6 7 0.18 0.74
6 8 0.29 0.03
6 11 0.01 0.87
7 8 0.16 0.09
7 9 0.98 0.36
7 12 0.91 0.01
7 13 0.66 0.31
7 14 0.01 0.19
8 15 0.99 0.04
11 15 0.6 0.25
