0 1 0.32 0.9
0 2 0.89 0.29
0 3 0.1 0.82
0 4 0.99 0.97
0 5 0.95 0.07
0 6 0.48 0.93
0 7 0.92 0.52
0 8 0.86 0.29
0 9 0.33 0.73
0 11 0.26 0.91
0 12 0.91 0.51
0 13 0.61 0.85
0 14 0.14 0.37
0 15 0.53 0.31
1 2 0.57 0.24
1 3 0.78 0.07
1 4 0.43 0.48
1 5 0.62 0.37
1 6 0.74 0.04
1 7 0.86 0.25
1 8 0.99 0.07
1 10 0.4 0.21
1 12 0.02 0.35
1 13 0.56 0.09
2 3 0.52 0.41
2 4 0.26 0.7
2 5 0.74 0.68
2 6 0.13 0.46
2 8 0.29 0.96
2 9 0.78 0.59
2 15 0.17 0.78
3 4 0.63 0.41
3 7 0.14 0.79
3 10 0.75 0.62
3 13 0.84 0.86
3 15 0.09 0.55
4 5 0.88 0.81
4 6 0.41 0.71
4 8 0.69 0.54
5 7 0.75 0.11
5 9 0.04 0.39
5 10 0.18 0.32
5 11 0.08 0.48
5 14 0.7 0.23
6 11 0.7 0.64
6 15 0.89 0.67
7 14 1 0.57
8 9 0.35 0.96
8 10 0.92 0.63
8 12 0.23 0.82
9 11 0.58 0.85
10 12 0.91 0.08
10 13 0.21 0.21
10 14 0.23 0.33
