0 1 0.46 0.02
0 2 0.03 0.13
0 3 0.36 0.9
0 4 0.53 0.43
0 9 0.23 0.53
0 14 0.75 0.65
1 2 0.25 0.71
1 3 0.42 0.86
1 4 0.69 0.25
1 5 0.73 0.81
1 6 1 0.78
1 7 0.52 0.72
1 8 0.69 1
1 11 0.61 0.25
1 13 0.6 0.83
1 14 0.18 0.45
2 3 0.62 0.57
2 6 0.81 0.85
2 8 0.68 0.67
2 12 0.96 0.19
3 4 0.92 0.93
3 5 0.67 0.65
3 6 0.98 0.25
3 9 0.46 0.52
3 10 0.96 0.55
3 12 0.92 0.79
4 5 0.42 0.25
4 8 0.24 0.15
4 9 0.28 0.08
4 10 0.78 0.69
4 13 0.26 0.05
4 14 0.72 0.78
5 7 0.87 0.51
5 15 0.71 0.34
6 7 0.66 0.27
6 10 0.89 0.77
6 11 0.29 0.04
6 12 1 0.59
6 15 0.72 0.25
7 15 0.77 0.58
9 13 0.47 0.46
10 11 0.49 0.47
