0 1 0.73 0.21
0 2 0.29 0.29
0 3 0.36 0.58
0 4 0.61 0.26
0 5 0.8 0.58
0 6 0.92 0.4
0 8 0.73 0.24
0 9 0.59 0.82
0 10 0.52 0.7
1 2 0.81 0.19
1 3 0.58 0.45
1 4 0.13 0.39
1 7 0.09 0.45
1 8 0.9 0.78
1 9 0.43 0.5
1 10 0.52 0.74
1 11 0.1 0.73
1 13 0.06 0.34
2 3 0.84 0.75
2 4 0.2 0.43
2 5 0.04 0.74
2 6 0.99 0.36
2 7 0.62 0.54
2 11 0.65 0.53
3 4 0.43 0.31
3 5 0.56 0.71
3 6 0.13 0.97
4 5 0.33 0.63
4 7 0.74 0.22
4 8 0.9 0.54
4 9 0.75 0.56
4 11 0.59 0.62
4 12 0.68 0.87
4 14 0.61 0.9
5 6 0.28 0.28
5 7 0.09 0.01
5 10 0.53 0.57
5 15 0.57 0.57
6 11 0.26 0.47
6 12 0.43 0.22
6 15 0.92 0.19
7 8 0.31 0.43
7 12 0.79 0.04
7 13 0.79 0.04
7 14 0.22 0.34
7 15 0.99 0.89
8 9 0.1 0.1
8 10 0.4 0.58
9 12 0.07 0.6
9 13 0.95 0.33
10 15 0.95 0.48
11 13 0.7 0.67
12 14 0.76 0.26
13 14 0.44 0.19
