0 1 0.02 0.7
0 2 0.79 0.06
0 3 0.19 0.4
0 4 0.13 0.76
0 5 0.6 0.48
0 6 0.01 0.49
0 7 0.42 0.39
0 8 0.8 0.84
0 9 0.72 0.87
0 11 0.54 0.95
0 13 0.91 0.95
0 15 0.27 0.99
1 2 0.31 0.24
1 3 0.87 0.51
1 4 0.1 0.87
1 5 0.12 0.87
1 6 0.36 0.52
1 10 0.8 0.54
1 14 0.22 0.03
1 15 0.71 0.69
2 3 0.83 0.05
2 4 0.63 0.99
2 5 0.27 0.96
2 7 0.09 0.5
2 8 0.98 0.75
2 9 0.49 0.25
2 11 0.57 0.86
2 12 0.61 0.34
2 15 0.51 0.97
3 4 0.63 0.88
3 5 0.42 0.87
3 6 0.51 0.41
3 9 0.82 0.11
3 13 0.42 0.43
4 5 0.99 0.98
4 6 0.85 0.33
4 7 0.08 0.03
4 8 0.58 0.41
4 9 0.64 0.49
4 10 0.69 0.72
4 11 0.92 0.33
4 12 0.54 0.65
4 15 0.88 0.54
5 6 0.45 0.56
5 7 0.47 0.91
5 8 0.11 0.53
5 12 0.88 0.86
5 14 0.62 0.42
6 7 0.42 0.43
6 10 0.75 0.18
6 11 0.58 0.53
6 12 0.86 0.56
6 13 0.11 0.72
7 8 0.57 0.74
7 9 0.4 0.83
7 10 0.86 0.76
7 11 0.52 0.49
7 14 0.49 0.86
8 10 0.21 0.09
10 14 0.58 0.42
10 15 0.74 0.18
11 12 0.31 0.23
11 13 0.95 0.82
11 14 0.27 0.21
12 13 0.84 0.46
