0 1 0.89 0.22
0 2 0.14 0.32
0 3 0.17 0.57
0 4 0.08 0.45
0 5 0.46 0.56
0 8 0.65 0.62
0 9 0.36 0.2
0 10 0.18 0.43
0 12 0.99 0.91
0 13 0.36 0.31
0 15 0.21 0.21
1 2 0.3 0.95
1 3 0.1 0.85
1 4 0.91 0.07
1 5 0.88 0.51
1 6 0.56 0.63
1 7 0.07 0.22
1 10 0.11 0.58
1 12 0.78 0.19
2 3 0.8 0.17
2 4 1 0.32
2 5 0.41 0.02
2 6 0.91 0.12
2 7 0.84 0.27
2 8 0.46 0.65
2 13 0.56 0.75
2 14 0.89 0.83
3 4 0.02 0.02
3 11 0.35 0.16
3 13 0.59 0.03
3 14 0.22 0.17
3 15 0.67 0.6
4 5 0.58 0.72
4 6 0.53 0.95
4 7 0.5 0.17
4 9 0.09 0.49
4 11 0.72 0.24
5 6 0.62 0.49
5 7 0.66 0.04
5 9 0.48 0.66
6 8 0.08 0.39
6 10 0.29 0.74
6 13 0.94 0.14
7 8 0.67 0.06
7 9 0.97 0.94
7 10 0.97 0.34
7 14 0.21 0.87
8 11 0.86 0.19
8 12 0.56 0.22
9 11 0.8 0.88
10 15 0.45 0.78
11 12 0.26 0.56
11 15 1 0.59
13 14 0.92 0.26
