0 1 0.33 0.92
0 2 0.75 0.53
0 3 0.98 0.22
0 4 0.26 0.56
0 6 0.35 0.85
0 8 0.95 0.48
0 10 0.47 0.57
0 11 0.02 0.78
0 12 0.22 0.72
0 14 0.35 0.94
0 15 0.15 0.08
1 2 0.01 0.63
1 3 0.19 0.98
1 4 0.79 0.11
1 5 0.45 0.03
1 6 0.61 0.85
1 9 0.97 0.77
1 14 0.88 0.95
2 3 0.71 0.91
2 4 0.64 0.84
2 5 0.16 0.36
2 6 0.96 0.6
2 7 0.06 0.29
2 8 0.15 0.3
2 10 0.19 0.64
2 14 0.02 0.41
3 4 0.61 0.49
3 5 0.11 0.12
3 6 0.17 0.77
3 7 0.36 0.38
3 8 0.54 0.4
3 9 0.48 0.1
3 10 0.95 0.08
4 5 0.74 0.26
4 7 0.58 0.87
4 10 0.54 0.9
4 12 0.63 0.66
4 13 0.44 0.63
5 11 0.32 0.38
5 13 0.6 0.15
6 7 0.43 0.68
6 8 0.74 0.05
6 9 0.51 0.56
7 9 0.8 0.98
7 13 0.73 0.58
7 14 0.63 0.56
7 15 0.3 0.83
8 11 0.42 0.68
8 12 0.68 0.15
8 13 0.56 0.69
9 11 0.66 0.28
10 12 0.02 0.52
11 15 0.65 0.94
13 15 0.71 0.1
