0 1 0.04 0.59
0 2 0.96 0.7
0 3 0.09 0.24
0 4 0.9 0.55
0 6 0.43 0.33
0 7 0.61 0.56
0 9 0.36 0.29
0 11 0.83 0.54
0 12 0.8 0.8
0 13 0.56 0.67
0 14 0.83 0.74
1 2 0.81 0.77
1 3 0.97 0.83
1 4 0.65 0.77
1 5 0.52 0.73
1 8 0.02 0.86
1 9 0.48 0.52
2 3 0.74 0.01
2 4 0.36 0.07
2 10 0.92 0.74
2 14 0.07 0.78
3 5 0.76 0.49
3 6 0.65 0.67
3 7 0.89 0.77
3 10 0.9 0.79
3 11 0.17 0.17
3 13 0.5 0.59
4 5 0.94 0.31
4 10 0.34 0.26
4 15 0.72 0.94
5 6 0.25 0.87
5 12 0.19 0.19
6 7 0.46 0.93
6 8 0.31 0.79
6 11 0.12 0.05
7 8 0.75 0.74
7 9 0.62 0.22
7 12 0.77 0.64
7 13 0.39 0.27
7 14 0.02 0.85
8 15 0.57 0.92
11 15 0.17 0.64
