0 1 0.27 0.46
0 2 0.05 0.52
0 3 0.28 0.17
0 4 0.59 0.82
0 5 0.09 0.5
0 7 0.67 0.85
0 8 0.74 0.44
0 9 0.37 0.74
0 10 0.57 0.59
0 12 0.17 0.06
0 15 0.87 0.29
1 2 0.4 0.52
1 3 0.6 0.02
1 4 0.04 0.08
1 5 0.74 0.91
1 6 0.02 0.38
1 8 0.92 0.56
1 11 0.03 0.4
1 12 0.8 0.82
2 3 0.18 0.59
2 4 0.71 0.65
2 5 0.9 0.62
2 6 0.06 0.7
2 7 0.54 0.77
3 4 0.63 0.81
3 7 0.53 0.26
3 9 0.42 0.96
3 10 0.12 0.8
3 12 0.46 0.02
3 13 0.85 0.51
3 14 0.74 0.45
4 5 0.82 0.35
4 6 0.23 0.12
4 8 0.95 0.78
4 9 0.72 0.51
4 14 0.56 0.74
4 15 0.25 0.34
5 6 0.63 0.1
5 12 0.81 0.17
6 7 0.32 0.9
6 8 0.1 1
6 11 0.49 0.38
6 13 0.46 0.78
6 14 0.37 0.39
6 15 0.75 0.46
7 9 0.09 0.08
7 10 0.1 0.19
7 11 0.85 0.35
7 15 0.43 0.02
9 10 0.53 0.06
9 11 0.36 0.34
10 13 0.06 0.55
12 13 0.88 0.13
12 14 0.01 0.47
