0 1 0.43 0.74
0 2 0.63 0.13
0 3 0.13 0.11
0 4 0.39 0.69
0 5 0.47 0.95
0 7 0.05 0.24
0 8 0.6 0.39
0 9 0.58 0.58
0 10 0.7 0.67
0 12 0.06 0.67
0 15 0.16 0.89
1 2 0.19 0.26
1 3 0.28 0.21
1 4 0.49 0.29
1 5 0.6 0.76
1 6 1 0.85
1 8 0.38 0.38
1 11 0.2 0.37
1 12 0.31 0.02
2 3 0.69 0.27
2 4 0.8 0.94
2 5 0.49 0.32
2 6 0.53 0.2
2 7 0.94 0.29
3 4 0.51 0.06
3 7 0.97 0.16
3 9 0.66 0.88
3 10 0.81 0.59
3 12 0.72 0.96
3 13 0.85 0.89
3 14 0.83 0.39
4 5 0.3 0.52
4 6 0.74 0.3
4 8 0.83 0.82
4 9 0.36 0.25
4 14 0.11 0.33
4 15 0.85 0.41
5 6 0.92 0.72
5 12 0.53 0.55
6 7 0.49 0.47
6 8 0.92 0.67
6 11 0.37 0.4
6 13 0.79 0.52
6 14 0.4 0.85
6 15 0.39 0.68
7 9 0.17 0.14
7 10 0.37 0.62
7 11 0.54 0.63
7 15 0.12 0.07
9 10 0.38 1
9 11 0.18 0.47
10 13 0.41 0.17
12 13 0.77 0.65
12 14 0.88 0.53
