0 1 0.16 0.84
0 2 0.26 0.71
0 3 0.62 0.14
0 4 0.82 0.34
0 9 0.19 0.26
0 14 0.45 0.74
1 2 0.85 0.08
1 3 0.81 0.79
1 4 0.54 0.92
1 5 0.89 0.77
1 6 0.26 0.83
1 7 0.27 0.9
1 8 0.46 0.77
1 11 0.7 0.08
1 13 0.2 0.54
1 14 0.96 0.75
2 3 0.76 0.42
2 6 0.39 0.27
2 8 0.85 0.85
2 12 0.29 0.37
3 4 0.75 0.09
3 5 0.59 0.05
3 6 0.26 0.88
3 9 0.68 0.67
3 10 0.73 0.69
3 12 0.91 0.2
4 5 0.15 0.18
4 8 0.43 0.99
4 9 0.06 0.54
4 10 0.17 0.01
4 13 0.49 0.14
4 14 0.35 0.47
5 7 0.96 0.37
5 15 0.63 0.57
6 7 0.8 0.15
6 10 0.13 0.65
6 11 0.86 0.98
6 12 0.42 0.55
6 15 0.17 0.75
7 15 0.74 0.12
9 13 0.83 0.01
10 11 0.16 0.54
