0 1 0.68 0.21
0 2 0.64 0.05
0 3 0.34 0.67
0 4 0.2 0.65
0 7 0.82 0.77
1 2 0.08 0.43
1 3 0.2 0.75
1 4 0.37 0.15
1 5 0.94 0.83
1 6 0.48 0.23
1 10 0.86 0.51
1 12 0.37 0.7
2 3 0.29 0.88
2 4 0.53 0.1
2 7 0.58 0.62
2 9 0.61 0.99
2 10 0.32 0.54
2 11 0.11 0.05
2 12 0.83 0.85
3 5 0.33 0.99
3 6 0.15 0.58
3 8 0.48 0.78
3 11 0.88 0.43
3 12 0.98 0.81
3 15 0.65 0.17
4 5 1 0.47
4 6 0.07 0.02
4 8 0.36 0.02
4 11 0.33 0.09
4 14 0.16 0.85
5 14 0.56 0.49
6 7 0.23 0.64
6 8 0.51 0.39
6 9 0.08 0.39
6 10 0.72 0.18
6 13 0.92 0.26
6 15 0.92 0.6
7 9 0.12 0.8
7 14 0.28 0.36
11 13 0.83 0.13
12 13 0.72 0.26
12 15 0.38 0.56
