0 1 0.17 0.47
0 2 0.24 0.76
0 3 0.53 0.93
0 4 0.43 0.67
0 5 0.5 0.84
0 9 0.06 0.16
0 13 0.27 0.46
1 2 0.17 0.1
1 3 0.21 0.06
1 5 0.18 0.66
1 6 0.54 0.02
1 8 0.31 0.98
1 9 0.45 0.12
1 10 0.1 0.13
2 3 0.66 0.43
2 4 0.53 0.2
2 7 0.74 0.46
2 8 0.99 0.57
2 9 0.11 0.72
2 11 0.07 0.76
2 15 0.15 0.65
3 4 0.53 0.69
3 5 0.48 0.98
3 6 0.27 0.56
3 14 0.77 0.67
4 10 0.37 0.73
4 11 0.6 0.45
4 12 0.23 0.98
5 6 0.71 0.79
5 7 0.51 0.93
5 8 0.09 0.07
6 7 0.64 0.72
6 10 0.91 0.03
6 14 0.6 0.95
7 11 0.22 0.63
7 14 0.78 0.68
8 12 0.47 0.21
9 12 0.37 0.87
9 15 0.81 0.34
10 13 0.42 0.37
12 13 0.64 0.98
14 15 0.02 0.95
