0 1 0.76 0.04
0 2 0.21 0.68
0 3 0.09 0.22
0 4 0.26 0.24
0 5 0.23 0.01
0 8 1 0.99
0 9 0.46 0.58
0 10 0.38 0.99
0 12 0.6 0.51
0 13 0.43 0.47
0 15 0.69 0.5
1 2 0.32 0.85
1 3 0.04 0.13
1 4 0.66 0.54
1 5 0.2 0.75
1 6 0.13 0.2
1 7 0.96 0.2
1 10 0.95 0.73
1 12 1 0.36
2 3 0.78 0.69
2 4 0.62 0.21
2 5 0.9 0.22
2 6 0.4 0.6
2 7 0.79 0.76
2 8 0.94 0.31
2 13 0.6 0.37
2 14 0.42 0.55
3 4 0.5 0.71
3 11 0.85 0.56
3 13 0.15 0.08
3 14 0.96 0.14
3 15 0.3 0.5
4 5 0.87 0.44
4 6 0.61 0.19
4 7 0.8 0.42
4 9 0.67 0.79
4 11 0.92 0.01
5 6 0.25 0.85
5 7 0.25 0.3
5 9 0.52 0.67
6 8 0.84 0.84
6 10 0.65 0.87
6 13 0.96 0.36
7 8 0.89 0.24
7 9 0.34 0.84
7 10 0.09 0.57
7 14 0.47 0.12
8 11 0.04 0.28
8 12 0.23 0.73
9 11 0.08 0.52
10 15 0.36 0.7
11 12 0.89 0.27
11 15 0.18 0.92
13 14 0.04 0.1
