0 1 0.15 0.89
0 2 0.1 0.83
0 3 0.99 0.43
0 4 0.81 0.07
0 6 0.74 0.54
0 7 0.31 0.01
0 9 0.72 0.18
0 11 0.3 0.04
0 12 0.28 0.59
0 13 0.91 0.7
0 14 0.25 0.59
1 2 0.24 0.84
1 3 0.44 0.85
1 4 0.66 0.95
1 5 0.88 0.02
1 8 0.99 0.2
1 9 0.99 0.13
2 3 0.35 0.18
2 4 0.89 0.23
2 10 0.2 0.05
2 14 0.88 0.76
3 5 0.36 0.59
3 6 0.69 0.85
3 7 0.47 0.77
3 10 0.18 0.55
3 11 0.81 0.51
3 13 0.56 0.07
4 5 0.26 0.87
4 10 0.56 0.82
4 15 1 0.62
5 6 0.86 0.5
5 12 0.75 0.45
6 7 0.12 0.66
6 8 0.9 0.91
6 11 0.84 0.36
7 8 0.55 0.94
7 9 0.35 0.94
7 12 0.9 0.32
7 13 0.13 0.05
7 14 0.42 0.02
8 15 0.02 0.13
11 15 0.31 0.81
