0 1 0.97 0.51
0 2 0.01 0.6
0 3 0.14 0.2
0 4 0.31 0.73
0 6 0.34 0.56
0 8 0.32 0.26
0 10 0.27 0.6
0 11 0.83 0.99
0 12 0.42 0.54
0 14 0.64 0.4
0 15 0.21 0.32
1 2 0.2 0.21
1 3 0.92 0.33
1 4 0.13 0.54
1 5 0.9 0.86
1 6 0.38 0.57
1 9 0.06 0.95
1 14 0.18 0.75
2 3 0.41 0.97
2 4 0.75 0.74
2 5 0.33 0.05
2 6 0.16 0.47
2 7 0.42 0.56
2 8 0.56 0.33
2 10 0.34 0.53
2 14 0.04 0.57
3 4 0.86 0.68
3 5 0.49 0.5
3 6 0.76 0.96
3 7 0.24 0.1
3 8 0.72 0.02
3 9 0.87 0.62
3 10 0.48 0.66
4 5 0.75 0.4
4 7 0.72 0.57
4 10 0.01 0.02
4 12 0.53 0.39
4 13 0.98 0.78
5 11 0.57 0.74
5 13 0.53 0.41
6 7 0.86 0.62
6 8 0.09 0.87
6 9 0.44 0.15
7 9 0.82 0.43
7 13 0.2 0.74
7 14 0.58 1
7 15 0.83 0.37
8 11 0.64 0.65
8 12 0.75 0.51
8 13 0.88 0.35
9 11 0.82 0.12
10 12 0.43 0.44
11 15 0.05 0.51
13 15 0.22 0.11
