0 1 0.07 0.38
0 2 0.46 0.81
0 3 0.05 0.08
0 4 0.24 0.95
0 5 0.34 0.87
0 6 0.85 0.92
0 7 0.19 0.89
0 8 0.79 0.13
0 9 0.14 0.98
0 11 0.64 0.41
0 13 0.82 0.95
0 15 0.22 0.93
1 2 0.33 0.6
1 3 0.01 0.46
1 4 0.95 0.15
1 5 0.28 0.3
1 6 0.24 0.31
1 10 0.25 0.44
1 14 0.19 0.5
1 15 0.76 0.89
2 3 0.76 0.44
2 4 0.5 0.23
2 5 0.97 0.12
2 7 0.63 0.75
2 8 0.32 0.2
2 9 0.68 0.52
2 11 0.84 0.84
2 12 0.98 0.38
2 15 0.13 0.63
3 4 0.14 0.51
3 5 0.11 0.28
3 6 0.86 0.68
3 9 0.69 0.86
3 13 0.8 0.08
4 5 0.29 0.53
4 6 0.56 0.27
4 7 0.07 0.25
4 8 0.89 0.84
4 9 0.95 0.09
4 10 0.13 0.73
4 11 0.71 0.86
4 12 0.16 0.3
4 15 0.53 0.77
5 6 0.67 0.9
5 7 0.67 0.04
5 8 0.96 0.17
5 12 0.04 0.32
5 14 0.32 0.12
6 7 0.79 0.99
6 10 0.26 0.62
6 11 0.24 0.05
6 12 0.51 0.35
6 13 0.7 0.9
7 8 0.85 0.21
7 9 0.12 0.13
7 10 0.04 0.75
7 11 0.1 0.81
7 14 0.69 0.9
8 10 0.96 0.13
10 14 0.15 0.23
10 15 0.27 0.69
11 12 0.75 0.68
11 13 0.4 0.37
11 14 0.69 0.72
12 13 0.07 0.54
