0 1 0.15 0.38
0 2 0.78 0.08
0 3 0.27 0.16
0 4 0.36 0.3
0 7 0.05 0.1
1 2 0.67 0.32
1 3 0.9 0.86
1 4 0.42 0.18
1 5 0.47 0.7
1 6 0.67 0.65
1 10 0.12 0.08
1 12 0.91 0.3
2 3 0.47 0.93
2 4 0.51 0.46
2 7 0.81 0.85
2 9 0.72 0.7
2 10 0.96 0.42
2 11 0.94 0.95
2 12 0.65 0.36
3 5 0.22 0.82
3 6 0.38 0.2
3 8 0.92 0.18
3 11 0.99 0.01
3 12 0.04 0.66
3 15 0.51 0.58
4 5 0.09 0.23
4 6 0.82 0.04
4 8 0.97 0.43
4 11 0.54 0.82
4 14 0.67 0.57
5 14 0.99 0.31
6 7 0.11 0.91
6 8 0.45 0.1
6 9 0.5 0.24
6 10 0.94 0.36
6 13 0.87 0.01
6 15 0.75 0.66
7 9 0.65 0.79
7 14 0.52 0.7
11 13 0.41 0.2
12 13 0.57 0.78
12 15 0.54 0.71
