0 1 0.1 0.97
0 2 0.88 0.05
0 3 0.63 0.05
0 4 0.37 0.62
0 5 0.29 0.66
0 6 0.98 0.84
0 7 0.45 0.15
0 8 0.11 0.98
0 9 0.75 0.31
0 11 0.03 0.53
0 13 0.43 0.03
0 14 0.74 0.08
0 15 0.77 0.41
1 2 0.64 0.06
1 3 0.17 0.61
1 4 0.34 0.79
1 5 0.1 0.19
1 11 0.1 1
1 12 0.08 0.35
1 14 0.03 0.86
1 15 0.07 0.66
2 3 0.68 0.77
2 4 0.25 0.84
2 6 0.35 0.39
2 7 0.77 0.54
2 13 0.42 0.78
2 14 0.95 0.5
3 4 0.25 0.08
3 5 0.96 0.21
3 6 0.35 0.53
3 8 0.91 0.81
3 9 0.94 0.87
3 15 0.67 0.18
4 5 0.26 0.55
4 6 0.7 0.44
4 7 0.76 0.49
4 10 0.9 0.5
4 12 1 0.6
5 7 0.85 0.62
5 8 0.25 0.58
5 9 0.02 0.03
5 10 0.53 0.62
5 11 0.35 0.3
5 12 0.73 0.94
5 13 0.89 0.66
6 9 0.15 0.49
6 10 0.23 0.03
6 11 0.36 0.21
6 13 0.33 0.73
6 14 0.65 0.53
7 8 0.97 0.15
7 12 0.69 0.13
8 10 0.67 0.53
13 15 0.21 0.36
