0 1 0.14 0.32
0 2 0.83 0.99
0 3 0.41 0.07
0 4 0.22 0.52
0 6 0.68 0.25
0 7 0.49 0.32
0 8 0.36 0.7
0 9 0.19 0.42
0 10 0.96 0.95
0 13 0.33 0.6
0 15 0.35 0.23
1 2 0.31 0.87
1 3 0.86 0.17
1 4 0.64 0.39
1 5 0.69 0.6
1 7 1 0.32
1 8 0.79 0.59
1 9 0.97 0.15
1 12 0.9 1
1 14 0.31 0.76
1 15 0.03 0.24
2 3 0.95 0.32
2 5 0.46 0.42
2 6 0.88 0.55
2 8 0.27 0.3
3 4 0.55 0.34
3 5 0.48 0.81
3 9 0.77 0.49
3 12 0.26 0.88
3 13 0.61 0.5
4 6 0.27 0.33
4 11 0.08 0.79
4 14 0.17 0.82
6 7 0.46 0.26
6 10 0.38 0.88
6 11 0.41 0.45
6 12 0.16 0.13
6 13 0.62 0.57
7 10 0.68 0.77
8 11 0.95 0.34
9 15 0.41 0.71
10 14 0.99 0.14
