0 1 0.3 0.97
0 2 0.83 0.39
0 3 0.61 0.88
0 4 0.17 0.06
0 6 0.2 0.22
0 7 0.61 0.54
0 9 0.74 0.63
0 11 0.25 0.73
0 12 0.02 0.95
0 13 0.66 0.99
0 14 0.78 0.96
1 2 0.56 0.25
1 3 0.33 0.91
1 4 0.65 0.72
1 5 0.73 0.3
1 8 0.81 0.12
1 9 0.29 0.07
2 3 0.01 0.02
2 4 0.16 0.94
2 10 0.76 0.39
2 14 0.12 0.73
3 5 1 0.46
3 6 0.63 0.04
3 7 0.55 0.56
3 10 0.71 0.78
3 11 0.39 0.07
3 13 1 0.12
4 5 0.55 0.26
4 10 0.26 0.09
4 15 0.23 1
5 6 0.27 0.58
5 12 0.31 0.43
6 7 0.43 0.04
6 8 0.54 0.15
6 11 0.54 0.4
7 8 0.43 0.81
7 9 0.65 0.22
7 12 0.14 0.2
7 13 0.53 0.02
7 14 0.4 0.76
8 15 0.06 0.86
11 15 0.62 0.95
