0 1 0.62 0.38
0 2 0.96 0.78
0 3 0.06 0.23
0 4 0.97 0.2
0 5 0.58 0.85
0 6 0.89 0.43
1 2 0.88 0.76
1 3 0.37 0.95
1 4 0.01 0.08
1 5 0.1 0.63
1 6 0.66 0.56
1 9 0.35 0.05
1 11 0.94 0.37
1 12 0.2 0.51
2 3 0.41 0.23
2 7 0.88 0.09
2 10 0.85 0.97
2 11 0.36 0.98
2 12 0.6 0.95
3 4 0.96 0.18
3 5 0.46 0.84
3 8 0.93 0.87
3 10 0.09 0.36
3 13 0.29 0.07
4 6 0.9 0.26
4 8 0.55 0.58
5 7 0.16 0.57
5 9 0.85 0.67
5 10 0.14 0.6
5 13 0.26 0.72
5 14 0.83 0.74
5 15 0.51 0.05
6 7 0.58 0.32
6 8 0.63 0.07
6 11 0.97 0.63
6 14 0.11 0.46
8 9 0.64 0.27
8 12 0.08 0.28
8 14 0.9 0.06
8 15 0.9 0.07
9 13 0.26 0.97
9 15 0.17 0.04
