0 1 0.18 0.44
0 2 0.05 0.03
0 3 0.27 0.24
0 4 0.56 0.83
0 5 0.9 0.07
0 6 0.57 0.48
0 7 0.38 0.69
0 8 0.35 0.28
0 9 0.72 0.79
0 11 0.35 0.07
0 13 0.35 0.82
0 14 0.79 0.81
0 15 0.65 0.46
1 2 0.41 0.29
1 3 0.89 0.25
1 4 0.65 0.96
1 5 0.89 0.68
1 11 0.13 0.01
1 12 0.42 0.42
1 14 0.01 0.6
1 15 0.28 0.22
2 3 0.92 0.86
2 4 0.62 0.2
2 6 0.05 0.17
2 7 0.2 0.53
2 13 0.83 0.03
2 14 0.56 0.86
3 4 0.56 0.6
3 5 0.88 0.92
3 6 0.64 0.28
3 8 0.62 0.16
3 9 0.58 0.74
3 15 0.92 0.64
4 5 0.19 0.56
4 6 0.61 0.03
4 7 0.65 0.79
4 10 0.12 0.44
4 12 0.63 0.18
5 7 0.27 0.07
5 8 0.19 0.98
5 9 0.99 0.56
5 10 0.24 0.13
5 11 0.98 0.29
5 12 0.28 0.42
5 13 0.78 0.6
6 9 0.04 0.41
6 10 0.64 0.23
6 11 0.43 0.47
6 13 0.16 0.89
6 14 0.73 0.22
7 8 0.58 0.89
7 12 0.25 0.23
8 10 0.17 0.16
13 15 0.19 0.19
