0 1 0.73 0.1
0 2 0.84 0.18
0 3 0.48 0.62
0 4 0.4 0.61
0 6 0.42 0.65
0 7 0.66 0.21
0 9 0.64 0.32
0 11 0.95 0.1
0 12 0.26 0.42
0 13 0.07 0.25
0 14 0.11 0.45
1 2 0.74 0.31
1 3 0.54 0.92
1 4 0.29 0.71
1 5 0.34 0.6
1 8 0.16 0.75
1 9 0.32 0.28
2 3 0.81 0.53
2 4 0.11 0.56
2 10 0.98 0.31
2 14 0.01 0.58
3 5 0.19 0.26
3 6 0.1 0.46
3 7 0.71 0.04
3 10 0.31 0.8
3 11 0.65 0.87
3 13 0.34 0.18
4 5 0.29 0.77
4 10 0.72 0.45
4 15 0.95 0.03
5 6 0.93 0.55
5 12 0.71 0.95
6 7 0.12 0.07
6 8 0.14 0.78
6 11 0.06 0.93
7 8 0.2 0.16
7 9 0.85 0.92
7 12 0.82 0.54
7 13 0.97 0.57
7 14 0.16 0.67
8 15 0.58 0.93
11 15 0.35 0.93
