0 1 0.66 1
0 2 0.98 0.96
0 3 0.5 0.98
0 4 0.81 0.85
0 7 0.52 0.89
0 11 0.81 0.27
0 14 0.99 0.06
1 2 0.75 0.31
1 3 0.91 0.49
1 5 0.07 0.04
1 6 0.15 0.86
1 9 0.82 0.84
2 3 0.41 0.53
2 4 0.43 0.14
2 5 0.71 0.45
2 8 0.22 0.54
2 10 0.15 0.36
2 15 0.25 0.11
3 4 0.81 0.98
3 5 0.73 0.82
3 6 0.23 0.96
3 9 0.56 0.58
3 12 0.07 0.93
3 13 0.53 0.3
3 14 0.41 0.05
4 6 0.4 0.55
4 8 0.36 0.39
4 11 0.99 0.77
5 7 0.94 0.24
5 10 0.29 0.09
6 7 0.69 0.58
6 8 0.9 0.32
6 11 0.36 0.32
6 12 0.02 0.72
6 14 0.23 0.88
7 9 0.98 0.3
7 12 0.08 0.86
7 13 0.63 0.98
7 15 0.57 0.32
8 15 0.42 0.52
9 10 0.54 0.13
12 13 0.06 0.93
