0 1 0.28 0.94
0 2 0.37 0.11
0 3 0.07 0.58
0 4 0.6 0.27
0 5 0.25 0.9
0 7 0.25 0.81
0 8 0.51 0.01
0 10 0.48 0.36
0 12 0.56 0.68
0 14 0.83 0.16
1 2 0.73 0.77
1 3 0.87 0.18
1 4 0.48 0.88
1 5 0.78 0.82
1 6 0.1 0.54
1 10 1 0.81
2 3 0.19 0.39
2 4 0.12 0.99
2 5 0.04 0.79
2 6 0.4 0.21
2 7 0.12 0.63
2 8 0.53 0.62
2 9 0.13 0.39
2 10 0.67 0.73
2 11 0.96 0.17
2 13 0.13 0.04
2 14 0.67 0.89
2 15 0.28 0.22
3 4 0.15 0.83
3 5 0.85 0.29
3 6 0.67 0.43
3 7 0.23 0.54
3 8 0.9 0.58
3 9 0.17 0.4
3 11 0.24 0.24
3 12 0.23 0.12
4 9 0.62 0.94
4 15 0.18 0.26
5 6 0.85 0.14
5 11 0.32 0.92
5 13 0.62 0.19
6 7 0.02 0.52
6 8 0.98 0.98
6 9 0.4 0.91
6 14 0.32 0.51
7 12 0.48 0.85
8 10 0.95 0.5
8 13 0.67 0.45
9 11 0.4 0.62
9 13 0.9 0.65
9 15 0.85 0.21
10 14 0.7 0.42
10 15 0.16 0.52
11 12 0.81 0.46
