0 1 0.72 0.14
0 2 0.89 0.68
0 3 0.73 0.19
0 4 0.42 0.38
0 7 0.05 0.72
0 11 0.71 0.35
0 14 0.28 0.23
1 2 0.73 0.25
1 3 0.09 0.56
1 5 0.9 0.52
1 6 0.08 0.03
1 9 0.25 0.7
2 3 0.47 0.31
2 4 0.66 0.69
2 5 0.7 0.3
2 8 0.78 0.28
2 10 0.09 0.95
2 15 0.21 0.89
3 4 0.85 0.19
3 5 0.77 0.84
3 6 0.73 0.57
3 9 0.99 0.13
3 12 0.63 0.05
3 13 0.23 0.15
3 14 0.56 0.01
4 6 0.46 0.83
4 8 0.26 0.37
4 11 1 0.27
5 7 0.22 0.63
5 10 0.52 0.82
6 7 0.59 0.73
6 8 0.15 0.92
6 11 0.95 0.03
6 12 0.71 0.32
6 14 0.19 0.83
7 9 0.25 0.59
7 12 0.27 1
7 13 0.3 0.94
7 15 0.26 0.41
8 15 0.89 0.52
9 10 0.6 0.93
12 13 0.12 0.83
