0 1 0.2 0.22
0 2 0.23 0.75
0 3 0.35 0.82
0 4 0.8 0.82
0 5 0.7 0.07
0 6 0.43 0.89
0 7 0.65 0.45
0 8 0.45 0.68
0 9 0.23 0.33
0 11 0.57 0.95
0 13 0.16 0.25
0 14 0.25 0.23
0 15 0.18 0.57
1 2 0.37 0.65
1 3 0.12 0.88
1 4 0.75 0.11
1 5 0.65 0.48
1 11 0.3 0.05
1 12 0.69 0.81
1 14 0.86 1
1 15 0.58 0.74
2 3 0.5 0.42
2 4 0.46 0.46
2 6 0.03 0.04
2 7 0.33 0.94
2 13 0.17 0.97
2 14 0.37 0.44
3 4 0.82 0.4
3 5 0.56 0.04
3 6 0.24 0.36
3 8 0.74 0.01
3 9 0.33 0.12
3 15 0.17 0.66
4 5 0.09 0.81
4 6 0.37 0.19
4 7 0.08 0.53
4 10 0.89 0.77
4 12 0.17 0.62
5 7 0.04 0.32
5 8 0.58 0.76
5 9 0.49 0.19
5 10 0.69 0.44
5 11 0.02 0.12
5 12 0.4 0.15
5 13 0.99 0.87
6 9 0.63 0.07
6 10 0.56 0.87
6 11 0.67 0.39
6 13 0.13 0.43
6 14 0.59 0.19
7 8 0.65 0.79
7 12 0.74 0.57
8 10 0.26 0.07
13 15 0.1 0.54
