0 1 0.81 0.71
0 2 0.35 0.19
0 3 0.93 0.94
0 4 0.23 0.49
0 5 0.18 0.17
0 6 0.49 0.31
0 8 0.76 0.55
0 10 0.49 0.36
0 12 0.17 0.16
0 15 0.37 0.91
1 2 1 0.72
1 3 0.67 0.3
1 4 0.73 0.01
1 6 0.45 0.48
1 7 0.92 0.53
1 9 0.67 0.17
2 3 0.72 0.47
2 5 0.32 0.66
3 4 0.9 0.12
3 5 0.04 0.5
3 6 0.51 0.32
3 7 0.55 0.59
3 8 0.38 0.71
3 10 0.84 0.15
3 11 0.61 0.98
3 12 0.89 0.33
4 10 0.6 0.22
4 11 0.33 0.34
4 13 0.37 0.53
4 15 0.82 0.39
5 9 0.82 0.12
5 13 0.26 0.26
5 14 0.24 0.9
6 7 0.76 0.25
6 12 0.93 0.39
6 13 0.23 0.03
6 14 0.93 0.52
6 15 0.56 0.03
7 8 0.24 0.54
7 9 0.41 0.28
10 11 0.41 0.07
11 14 0.97 0.19
