0 1 0.77 0.84
0 2 0.78 0.72
0 3 0.56 0.63
0 4 0.47 0.04
0 5 0.69 0.28
0 6 0.85 0.57
1 2 0.05 0.58
1 3 0.62 0.15
1 4 0.83 0.46
1 5 0.98 0.12
1 6 0.53 0.87
1 9 0.44 0.86
1 11 1 0.34
1 12 0.85 0.71
2 3 0.55 0.43
2 7 0.8 0.91
2 10 0.37 0.63
2 11 0.46 0.42
2 12 0.92 0.51
3 4 0.81 0.6
3 5 0.62 0.92
3 8 0.6 0.35
3 10 0.5 0.07
3 13 0.85 0.38
4 6 0.02 0.49
4 8 0.41 0.13
5 7 0.4 0.94
5 9 0.28 0.11
5 10 0.01 0.66
5 13 0.87 0.06
5 14 0.39 0.53
5 15 0.46 0.23
6 7 0.49 0.64
6 8 0.66 0.57
6 11 0.94 0.04
6 14 0.16 0.28
8 9 0.89 0.27
8 12 0.72 0.2
8 14 0.63 0.7
8 15 0.46 0.68
9 13 0.21 0.91
9 15 0.17 0.46
