0 1 0.14 0.14
0 2 0.27 0.81
0 3 0.89 1
0 4 0.83 0.79
0 5 0.5 0.76
0 6 0.75 0.66
0 8 0.65 0.5
0 9 0.76 0.02
0 10 0.39 0.4
1 2 0.04 0.2
1 3 0.66 0.54
1 4 1 0.67
1 7 0.27 0.51
1 8 0.55 0.46
1 9 0.52 0.69
1 10 0.71 0.59
1 11 0.53 0.02
1 13 0.84 0.29
2 3 0.66 0.49
2 4 0.77 0.24
2 5 0.82 0.97
2 6 0.52 0.97
2 7 0.22 0.65
2 11 0.16 0.21
3 4 0.91 0.48
3 5 0.34 1
3 6 0.19 0.06
4 5 0.59 0.48
4 7 0.82 0.95
4 8 0.09 0.29
4 9 0.59 0.21
4 11 0.72 0.57
4 12 0.35 0.81
4 14 0.65 0.44
5 6 0.75 0.78
5 7 0.7 0.1
5 10 0.54 0.74
5 15 0.38 0.73
6 11 0.22 0.78
6 12 0.42 0.21
6 15 0.99 0.37
7 8 0.26 0.16
7 12 0.67 0.74
7 13 0.64 0.1
7 14 0.66 0.53
7 15 0.78 0.11
8 9 0.06 0.57
8 10 0.99 0.03
9 12 0.15 0.02
9 13 0.44 0.13
10 15 0.67 0.97
11 13 0.21 0.52
12 14 1 0.26
13 14 0.77 0.9
