0 1 0.53 0.08
0 2 0.93 0.73
0 3 0.65 0.22
0 4 0.18 0.24
0 5 0.69 0.92
0 6 0.84 0.35
0 7 0.31 0.12
0 8 0.04 0.43
0 10 0.35 0.57
0 12 0.45 0.15
0 14 0.16 0.95
1 2 0.67 0.68
1 3 0.37 0.58
1 4 0.61 0.84
1 10 0.52 0.03
1 11 0.83 0.58
2 3 0.75 0.51
2 4 0.54 0.03
2 5 0.73 0.47
2 6 0.59 0.63
2 7 0.2 0.63
2 8 0.59 0.09
2 10 0.22 0.54
2 11 0.07 0.42
2 13 0.77 0.14
2 14 0.21 0.84
3 4 0.18 0.6
3 5 0.75 0.62
3 6 0.87 0.01
3 7 0.6 0.93
3 9 0.05 0.09
3 13 0.87 0.06
3 15 0.56 0.17
4 5 0.61 0.61
4 6 0.23 0.17
4 8 1 0.44
4 9 0.12 0.09
4 10 0.89 0.56
4 14 0.9 0.65
5 7 0.82 0.58
6 9 0.17 0.31
6 11 0.83 0.41
7 8 0.78 0.47
7 9 0.22 0.25
8 11 0.91 0.38
8 12 0.77 0.86
8 13 0.88 0.41
8 15 0.2 0.67
9 12 0.02 0.55
9 15 0.56 0.46
10 13 0.34 0.95
11 12 0.66 0.44
12 15 0.62 0.9
13 14 0.69 0.71
