0 1 0.99 0.84
0 2 0.23 0.37
0 3 0.25 0.22
0 4 0.26 0.66
0 9 0.15 0.92
0 14 0.42 0.73
1 2 0.63 0.55
1 3 0.97 0.43
1 4 0.94 0.78
1 5 0.75 0.65
1 6 0.89 0.23
1 7 0.82 0.46
1 8 1 0.57
1 11 0.25 0.23
1 13 0.56 0.42
1 14 0.94 0.81
2 3 0.33 0.89
2 6 0.08 0.2
2 8 0.77 0.68
2 12 0.97 0.01
3 4 0.25 0.51
3 5 0.7 0.89
3 6 0.03 0.07
3 9 0.69 0.23
3 10 0.55 0.59
3 12 0.79 0.6
4 5 0.88 0.84
4 8 0.26 0.37
4 9 0.35 0.33
4 10 0.09 0.12
4 13 0.49 0.87
4 14 0.1 0.47
5 7 0.65 0.03
5 15 0.58 0.31
6 7 0.15 0.98
6 10 0.8 0.71
6 11 0.77 0.67
6 12 0.69 0.08
6 15 0.7 0.5
7 15 0.76 0.78
9 13 0.94 0.28
10 11 0.28 1
