0 1 0.63 0.22
0 2 0.95 0.79
0 3 0.46 0.46
0 4 0.96 0.74
0 5 0.72 0.54
0 6 0.52 0.11
0 7 0.14 0.11
0 8 0.73 0.62
0 10 0.27 0.06
0 12 0.77 0.47
0 13 0.65 0.07
0 14 0.03 0.91
0 15 0.67 0.06
1 2 0.46 0.13
1 3 0.47 0.9
1 4 0.52 0.45
1 5 0.2 0.96
1 6 0.81 0.8
1 7 0.6 0.34
1 8 0.34 0.67
1 12 0.13 0.7
1 13 0.7 0.29
1 15 0.54 0.57
2 3 0.09 0.26
2 4 0.39 0.65
2 5 0.57 0.38
2 8 0.22 0.99
2 9 0.3 0.1
2 15 0.32 0.07
3 4 0.49 0.5
3 6 0.49 0.01
3 9 0.14 0.1
3 11 0.43 0.29
3 14 0.6 0.94
4 5 0.25 0.62
4 6 0.69 0.09
4 7 0.57 0.31
4 9 0.29 0.58
4 11 0.7 0.07
4 12 0.58 0.11
4 15 0.59 0.78
5 8 0.83 0.74
5 10 0.38 0.57
5 11 0.63 0.83
5 13 0.09 0.98
6 7 0.71 0.16
6 9 0.5 0.77
6 10 0.91 0.9
6 11 0.51 0.57
6 14 0.58 0.63
8 12 0.64 0.21
9 10 0.76 0.67
9 13 0.02 0.49
10 14 0.57 0.85
