0 1 0.62 0.8
0 2 0.66 0.07
0 3 0.66 0.62
0 4 0.18 0.98
0 5 0.41 0.84
0 6 0.7 0.38
0 8 0.18 0.34
0 9 0.37 0.51
0 10 0.69 0.39
1 2 0.86 0.02
1 3 0.48 0.1
1 4 0.4 0.9
1 7 0.19 0.9
1 8 0.09 0.59
1 9 0.15 0.17
1 10 0.17 0.34
1 11 0.53 0.49
1 13 0.39 0.63
2 3 0.78 0.51
2 4 0.57 0.87
2 5 0.73 0.05
2 6 0.86 0.1
2 7 0.91 0.04
2 11 0.77 0.21
3 4 0.45 0.74
3 5 0.15 0.12
3 6 0.7 0.89
4 5 0.88 0.97
4 7 0.23 0.8
4 8 0.32 0.25
4 9 0.19 0.52
4 11 0.03 0.2
4 12 0.19 0.27
4 14 0.28 0.14
5 6 0.23 0.15
5 7 0.27 0.41
5 10 0.68 0.76
5 15 0.56 0.64
6 11 0.81 0.86
6 12 0.51 0.04
6 15 0.32 0.22
7 8 0.32 0.48
7 12 0.45 0.87
7 13 0.72 0.91
7 14 0.24 0.02
7 15 1 0.41
8 9 0.48 0.48
8 10 1 0.07
9 12 0.82 0.73
9 13 0.4 0.39
10 15 0.57 0.65
11 13 0.19 0.28
12 14 0.74 0.63
13 14 0.69 0.68
