0 1 0.65 0.32
0 2 0.4 0.11
0 3 0.1 0.26
0 4 0.44 0.51
0 5 0.77 0.63
0 6 0.05 0.86
0 7 0.71 0.46
0 8 0.67 0.28
0 10 0.53 0.56
0 12 0.47 0.71
0 14 0.23 0.45
1 2 0.46 0.63
1 3 0.05 0.4
1 4 0.25 0.39
1 10 0.15 1
1 11 0.83 0.26
2 3 0.27 0.19
2 4 0.11 0.45
2 5 0.72 0.23
2 6 0.78 0.7
2 7 0.07 0.88
2 8 0.13 0.54
2 10 0.34 0.21
2 11 0.19 0.16
2 13 0.01 0.58
2 14 0.85 0.67
3 4 0.25 0.63
3 5 0.44 0.1
3 6 0.4 0.07
3 7 0.28 0.88
3 9 0.35 0.81
3 13 0.51 0.49
3 15 0.27 0.29
4 5 0.62 0.18
4 6 0.25 0.23
4 8 0.87 0.98
4 9 0.77 0.73
4 10 0.62 0.44
4 14 0.13 0.3
5 7 0.05 0.3
6 9 0.32 0.24
6 11 0.55 0.61
7 8 0.37 0.89
7 9 0.98 0.99
8 11 0.82 0.26
8 12 0.51 0.08
8 13 0.59 0.69
8 15 0.16 0.22
9 12 0.02 0.84
9 15 0.37 0.08
10 13 0.84 0.66
11 12 0.98 0.4
12 15 0.06 0.69
13 14 0.55 0.41
