0 1 0.13 0.36
0 2 0.24 0.15
0 3 0.54 0.73
0 4 0.91 0.1
0 7 0.6 0.84
0 11 0.17 0.46
0 14 0.19 0.71
1 2 0.73 0.4
1 3 0.34 0.8
1 5 0.69 0.13
1 6 0.99 0.17
1 9 0.86 0.62
2 3 0.96 0.95
2 4 0.96 0.71
2 5 0.14 0.74
2 8 0.33 0.84
2 10 0.28 0.18
2 15 0.45 0.29
3 4 0.45 0.5
3 5 0.36 0.63
3 6 0.33 0.65
3 9 0.19 0.54
3 12 0.68 0.3
3 13 0.96 0.15
3 14 0.86 0.49
4 6 0.88 0.87
4 8 0.87 0.16
4 11 0.49 0.42
5 7 0.97 0.55
5 10 0.39 0.68
6 7 0.98 0.24
6 8 0.81 0.17
6 11 0.44 0.31
6 12 0.29 0.1
6 14 0.33 0.1
7 9 0.43 0.75
7 12 0.29 0.87
7 13 0.43 0.09
7 15 0.21 0.78
8 15 0.52 0.72
9 10 0.68 0.51
12 13 0.19 0.34
