0 1 0.64 0.61
0 2 0.88 0.07
0 3 0.13 0.46
0 4 0.37 0.75
0 6 0.75 0.09
0 9 0.23 0.38
0 10 0.06 0.44
0 11 0.6 0.13
0 13 0.36 0.61
1 2 0.97 0.32
1 3 0.52 0.15
1 4 0.46 0.59
1 5 0.92 0.23
1 12 0.41 0.8
2 3 0.37 0.78
2 4 0.76 0.26
2 6 0.87 0.78
2 7 0.31 0.76
2 8 0.5 0.12
2 9 0.91 0.78
2 10 0.22 0.84
2 11 0.38 0.17
2 13 0.84 0.48
3 5 0.69 0.48
3 8 0.82 0.7
3 15 0.96 0.85
4 5 0.04 0.55
5 6 0.91 0.39
5 7 0.48 0.34
5 8 0.92 0.23
5 9 0.48 0.98
5 11 0.07 0.16
5 15 0.49 0.72
6 7 0.22 0.21
6 10 0.58 0.43
6 12 0.91 0.24
6 13 0.62 0.14
8 12 0.84 0.13
8 14 0.67 0.93
11 15 0.02 0.5
12 14 0.34 0.81
13 14 0.52 0.4
