0 1 0.53 0.61
0 2 0.38 0.23
0 3 0.34 0.84
0 4 0.76 0.3
0 5 0.49 0.28
0 6 0.27 0.05
0 7 0.23 0.44
0 9 0.41 0.51
0 10 0.44 0.45
0 11 0.1 0.25
0 12 0.47 0.52
0 13 0.17 0.07
1 2 0.7 0.12
1 3 0.3 0.61
1 4 0.24 0.13
1 6 0.1 0.81
1 7 0.94 0.27
1 8 0.24 0.21
1 12 0.92 0.05
1 13 0.88 0.35
2 3 0.56 0.02
2 4 0.8 0.08
2 5 0.96 0.5
2 6 0.97 0.48
2 7 0.41 0.74
2 8 0.41 0.33
2 9 0.71 0.62
2 10 0.21 0.12
2 13 0.78 0.83
2 14 0.12 0.18
3 4 0.67 0.33
3 5 0.38 0.84
3 10 0.33 0.22
3 11 0.57 0.37
3 12 0.23 0.86
3 14 0.94 0.56
3 15 0.53 0.83
4 5 0.63 0.97
4 6 0.89 0.3
4 7 0.96 0.11
4 9 0.7 0.4
4 12 0.76 0.7
4 14 0.74 0.68
4 15 0.51 0.93
5 8 0.26 0.93
5 9 0.48 0.36
5 13 0.34 0.21
6 8 0.6 0.65
6 15 0.97 0.34
7 11 0.55 0.19
7 14 0.82 0.75
9 10 0.71 0.6
9 15 0.78 0.66
10 11 0.37 0.37
