0 1 0.61 0.61
0 2 0.99 0.72
0 3 0.43 0.09
0 4 0.1 0.45
0 5 1 0.63
0 6 0.91 0.82
0 8 0.14 0.55
0 10 0.21 0.12
0 12 0.48 0.95
0 15 0.86 0.72
1 2 0.39 0.9
1 3 0.54 0.61
1 4 0.29 0.11
1 6 0.19 0.55
1 7 0.45 0.77
1 9 0.65 0.89
2 3 0.48 0.26
2 5 0.9 0.59
3 4 0.7 0.29
3 5 0.43 0.05
3 6 0.81 0.53
3 7 0.36 0.68
3 8 0.38 0.76
3 10 0.35 0.44
3 11 0.91 0.91
3 12 0.49 0.38
4 10 0.95 0.95
4 11 0.2 0.83
4 13 0.7 0.23
4 15 0.11 0.92
5 9 0.64 0.8
5 13 0.19 0.86
5 14 0.4 0.5
6 7 0.32 0.05
6 12 0.18 0.64
6 13 0.77 0.3
6 14 0.56 0.92
6 15 0.8 0.7
7 8 0.78 0.54
7 9 0.33 0.74
10 11 0.41 1
11 14 0.09 0.06
