0 1 0.57 0.32
0 2 0.34 0.52
0 3 0.3 0.94
0 4 0.04 0.17
0 6 0.1 0.91
0 7 0.52 0.28
0 9 0.32 0.9
0 11 0.29 0.56
0 12 0.22 0.53
0 13 0.18 0.13
0 14 0.67 0.72
1 2 0.67 0.49
1 3 0.09 0.62
1 4 0.12 0.4
1 5 0.01 0.42
1 8 0.51 0.32
1 9 0.97 0.31
2 3 0.3 0.74
2 4 0.06 0.25
2 10 0.29 0.25
2 14 0.27 0.27
3 5 0.69 0.54
3 6 0.56 0.15
3 7 0.59 0.11
3 10 0.3 0.69
3 11 0.29 0.76
3 13 0.06 0.44
4 5 0.65 0.94
4 10 0.06 0.49
4 15 0.4 0.21
5 6 0.57 0.93
5 12 0.15 0.51
6 7 0.82 0.72
6 8 0.99 0.24
6 11 0.26 0.69
7 8 0.18 0.48
7 9 0.25 0.21
7 12 0.56 0.84
7 13 0.81 0.39
7 14 0.93 0.15
8 15 0.57 0.61
11 15 0.69 0.62
