0 1 0.16 0.3
0 2 0.84 0.99
0 3 0.88 0.26
0 4 0.07 0.34
0 5 0.08 0.87
0 6 0.63 0.72
0 7 0.47 0.22
0 8 0.27 0.19
0 9 0.75 0.76
0 11 0.78 0.01
0 13 0.8 0.35
0 15 0.53 0.48
1 2 0.22 0.91
1 3 0.73 0.56
1 4 0.49 0.71
1 5 0.77 0.4
1 6 0.96 0.76
1 10 0.57 0.37
1 14 0.2 0.57
1 15 0.36 0.51
2 3 0.14 0.95
2 4 0.24 0.65
2 5 0.48 0.34
2 7 1 0.99
2 8 0.54 0.34
2 9 0.81 0.46
2 11 0.57 0.06
2 12 0.74 0.85
2 15 0.94 0.06
3 4 0.75 0.65
3 5 0.53 0.81
3 6 0.23 0.17
3 9 0.59 0.74
3 13 0.44 0.93
4 5 0.02 0.41
4 6 0.26 0.32
4 7 0.7 0.3
4 8 0.52 0.35
4 9 0.26 0.46
4 10 0.48 0.58
4 11 0.87 0.09
4 12 0.57 0.07
4 15 0.46 0.11
5 6 0.75 0.41
5 7 0.06 0.46
5 8 0.26 0.4
5 12 0.16 0.58
5 14 0.34 0.95
6 7 0.97 0.57
6 10 0.48 0.69
6 11 0.6 0.26
6 12 0.84 0.48
6 13 0.42 0.97
7 8 0.55 0.11
7 9 0.24 0.84
7 10 0.62 0.52
7 11 0.83 0.18
7 14 0.39 0.1
8 10 0.07 0.61
10 14 0.45 0.95
10 15 0.13 0.9
11 12 0.2 0.83
11 13 0.15 0.25
11 14 0.07 0.55
12 13 0.86 0.17
