0 1 0.67 0.67
0 2 0.21 0.1
0 3 0.01 0.8
0 4 0.43 0.02
0 5 0.81 0.48
0 6 0.88 0.35
1 2 0.96 0.93
1 3 0.01 0.79
1 4 0.22 0.43
1 5 0.36 0.03
1 6 0.09 0.41
1 9 0.53 0.03
1 11 0.81 0.83
1 12 0.49 0.86
2 3 0.38 0.76
2 7 0.12 0.81
2 10 0.06 0.98
2 11 0.96 0.13
2 12 0.51 0.28
3 4 0.84 0.63
3 5 0.85 0.04
3 8 0.5 0.83
3 10 0.24 0.81
3 13 0.51 0.26
4 6 0.61 0.82
4 8 0.8 0.97
5 7 0.83 0.33
5 9 0.65 0.15
5 10 0.3 0.03
5 13 0.62 0.66
5 14 0.5 0.46
5 15 0.43 0.94
6 7 0.08 0.73
6 8 0.6 0.39
6 11 0.32 0.63
6 14 0.78 0.19
8 9 0.29 0.88
8 12 0.44 0.77
8 14 0.13 0.94
8 15 0.38 0.77
9 13 0.95 0.62
9 15 0.1 0.28
