0 1 0.66 0.81
0 2 0.05 0.66
0 3 1 0.36
0 4 0.9 0.41
0 5 0.3 0.26
0 6 0.55 0.72
0 7 0.31 0.9
0 8 0.75 0.36
0 9 0.04 0.64
0 11 0.54 0.73
0 13 0.77 0.71
0 14 0.36 0.19
0 15 0.76 0.67
1 2 0.76 0.04
1 3 0.53 0.4
1 4 0.71 0.52
1 5 0.73 0.86
1 11 0.75 0.14
1 12 0.16 0.96
1 14 0.25 0.23
1 15 0.34 0.93
2 3 0.03 0.21
2 4 0.04 0.15
2 6 0.9 0.12
2 7 0.08 0.16
2 13 0.74 0.63
2 14 0.88 0.45
3 4 0.44 0.18
3 5 0.45 0.05
3 6 0.5 0.84
3 8 1 0.54
3 9 1 0.6
3 15 0.71 0.01
4 5 0.62 0.42
4 6 0.68 0.35
4 7 0.06 0.57
4 10 0.9 0.36
4 12 0.94 0.2
5 7 0.91 0.26
5 8 0.92 0.8
5 9 0.09 0.38
5 10 0.78 0.14
5 11 0.93 0.4
5 12 0.9 0.68
5 13 0.71 0.85
6 9 0.91 0.9
6 10 0.02 0.13
6 11 0.08 0.47
6 13 0.07 0.81
6 14 0.89 0.92
7 8 0.48 0.8
7 12 0.57 0.78
8 10 0.52 0.31
13 15 0.24 0.51
