0 1 0.94 0.4
0 2 0.32 0.44
0 3 0.29 0.99
0 4 0.32 0.9
0 6 0.17 0.91
0 7 0.99 0.89
0 8 0.74 0.84
0 9 0.13 0.89
0 10 0.1 0.52
0 13 0.02 0.27
0 15 0.47 0.09
1 2 0.92 0.32
1 3 0.22 0.02
1 4 0.99 0.84
1 5 0.14 0.32
1 7 0.08 0.56
1 8 0.51 0.89
1 9 0.51 0.74
1 12 0.03 0.2
1 14 0.55 0.29
1 15 0.87 0.28
2 3 0.59 0.48
2 5 0.77 0.55
2 6 0.04 0.76
2 8 0.8 0.78
3 4 0.78 0.27
3 5 0.41 0.63
3 9 0.8 0.32
3 12 0.87 0.76
3 13 0.56 0.08
4 6 0.43 0.92
4 11 0.52 0.63
4 14 0.56 0.13
6 7 0.15 0.31
6 10 0.83 0.68
6 11 0.74 0.57
6 12 0.5 0.98
6 13 1 0.22
7 10 0.52 0.5
8 11 0.05 0.35
9 15 0.38 0.67
10 14 0.08 0.51
