0 1 0.78 0.26
0 2 0.82 0.76
0 3 0.1 0.11
0 4 0.49 0.12
0 5 0.8 0.68
0 6 0.93 0.09
0 8 0.83 0.97
0 9 0.28 0.85
0 10 0.57 1
1 2 0.74 0.25
1 3 0.93 0.45
1 4 0.62 0.07
1 7 0.94 0.94
1 8 0.32 0.66
1 9 0.68 0.72
1 10 0.49 0.78
1 11 0.3 0.24
1 13 0.08 0.89
2 3 0.65 0.93
2 4 0.55 0.68
2 5 0.55 0.07
2 6 0.16 0.83
2 7 0.46 0.26
2 11 0.75 0.63
3 4 0.08 0.95
3 5 0.32 0.66
3 6 0.56 0.62
4 5 0.35 0.21
4 7 0.61 0.58
4 8 0.64 0.59
4 9 0.82 0.98
4 11 0.1 0.74
4 12 0.18 0.87
4 14 0.73 0.8
5 6 0.47 0.47
5 7 0.95 0.19
5 10 0.31 1
5 15 0.94 0.29
6 11 0.11 0.86
6 12 0.99 0.84
6 15 0.47 0.11
7 8 0.06 0.53
7 12 0.56 0.45
7 13 0.69 0.96
7 14 0.84 0.43
7 15 0.6 0.15
8 9 0.39 0.4
8 10 0.49 0.87
9 12 0.39 0.81
9 13 0.32 0.3
10 15 0.6 0.35
11 13 0.16 0.34
12 14 0.81 0.9
13 14 0.5 0.26
