0 1 0.1 0.68
0 2 0.99 0.13
0 3 0.18 0.4
0 4 0.84 0.01
0 6 0.54 0.94
0 9 0.59 0.13
0 10 0.57 0.94
0 11 0.57 0.17
0 13 0.84 0.46
1 2 0.42 0.85
1 3 0.88 0.17
1 4 0.59 0.78
1 5 0.13 0.02
1 12 0.93 0.33
2 3 0.77 0.34
2 4 0.95 0.38
2 6 0.87 0.38
2 7 0.99 0.32
2 8 0.94 0.88
2 9 0.02 0.46
2 10 0.54 0.26
2 11 0.76 0.38
2 13 0.6 0.75
3 5 0.4 0.32
3 8 0.23 0.06
3 15 0.39 0.76
4 5 0.55 0.53
5 6 0.76 0.62
5 7 0.37 0.58
5 8 0.57 0.19
5 9 0.08 0.74
5 11 0.4 0.37
5 15 0.29 0.2
6 7 0.33 0.6
6 10 0.02 0.84
6 12 0.71 0.51
6 13 0.44 0.06
8 12 0.66 0.66
8 14 0.71 0.42
11 15 0.72 0.22
12 14 0.04 0.91
13 14 0.61 0.98
