0 1 0.07 0.74
0 2 0.14 0.82
0 3 0.43 0.07
0 4 0.29 0.12
0 6 0.89 0.44
0 7 0.8 0.35
0 8 0.15 0.93
0 9 0.63 0.64
0 10 0.94 0.75
0 13 0.44 0.18
0 15 0.41 0.47
1 2 0.63 0.35
1 3 0.33 0.05
1 4 0.61 0.73
1 5 0.46 0.73
1 7 0.53 0.98
1 8 0.57 0.12
1 9 0.2 0.83
1 12 0.64 0.12
1 14 0.8 0.68
1 15 0.82 0.52
2 3 0.4 0.84
2 5 0.25 0.01
2 6 0.09 1
2 8 0.13 0.3
3 4 0.15 0.23
3 5 0.58 0.64
3 9 0.62 0.51
3 12 0.12 0.17
3 13 0.79 0.03
4 6 0.8 0.28
4 11 0.3 0.81
4 14 0.66 0.54
6 7 0.82 0.18
6 10 0.95 0.11
6 11 0.64 0.37
6 12 0.23 0.13
6 13 0.14 0.96
7 10 0.36 0.43
8 11 0.16 0.17
9 15 0.46 0.57
10 14 0.47 0.48
