0 1 0.95 0.62
0 2 0.06 0.06
0 3 0.9 0.22
0 4 0.75 0.98
0 10 0.38 0.72
0 11 0.7 0.52
0 12 0.13 0.26
0 13 0.63 0.33
0 14 0.56 0.23
0 15 0.89 0.77
1 2 0.7 0.91
1 3 0.04 0.28
1 5 0.86 0.38
1 6 0.85 0.91
1 8 0.41 0.62
1 9 0.69 0.39
1 11 0.61 0.57
1 13 0.06 0.54
2 3 0.05 0.17
2 4 0.99 0.94
2 7 0.75 0.21
2 8 0.24 0.22
2 15 0.05 0.09
3 4 0.38 0.21
3 5 0.52 0.97
3 6 0.93 0.6
3 7 0.88 0.06
3 10 0.76 0.12
3 12 0.5 0.73
3 14 0.21 0.35
3 15 0.14 0.31
4 5 0.69 0.48
4 6 0.34 0.3
4 7 0.82 0.97
4 11 0.83 0.85
4 13 0.03 0.59
6 9 0.75 0.22
6 12 0.98 0.64
6 14 0.88 0.65
7 8 0.33 0.3
7 9 0.57 0.61
7 10 0.13 0.44
