0 1 0.34 0.71
0 2 0.47 0.27
0 3 0.36 0.31
0 4 0.71 0.21
0 5 0.48 0.69
0 7 0.07 0.77
0 8 0.55 0.94
0 9 0.02 0.65
0 10 0.95 0.83
0 12 0.59 0.99
0 15 0.57 0.4
1 2 0.36 0.11
1 3 0.24 0.55
1 4 0.87 0.22
1 5 0.59 0.78
1 6 0.4 0.15
1 8 0.72 0.15
1 11 0.32 0.42
1 12 0.41 0.36
2 3 0.1 0.37
2 4 0.55 0.57
2 5 0.51 0.28
2 6 0.73 0.47
2 7 0.77 0.25
3 4 0.43 0.64
3 7 0.7 0.57
3 9 0.18 0.34
3 10 0.88 0.74
3 12 0.22 0.75
3 13 0.44 0.17
3 14 0.63 0.39
4 5 0.98 0.84
4 6 0.67 0.67
4 8 0.21 0.87
4 9 0.92 0.57
4 14 0.23 0.13
4 15 0.88 0.06
5 6 0.14 0.25
5 12 0.84 0.34
6 7 0.43 0.46
6 8 0.45 0.4
6 11 0.06 0.78
6 13 0.95 0.67
6 14 0.12 0.42
6 15 0.71 0.84
7 9 0.8 0.45
7 10 0.59 0.42
7 11 0.09 0.26
7 15 0.5 0.71
9 10 0.48 0.51
9 11 0.34 0.16
10 13 0.4 0.7
12 13 0.2 0.04
12 14 0.93 0.88
