0 1 0.01 0.23
0 2 0.22 0.16
0 3 0.38 0.82
0 4 0.93 0.44
0 10 0.14 0.13
0 11 0.68 0.62
0 12 0.38 0.44
0 13 0.61 0.33
0 14 1 0.55
0 15 0.16 0.09
1 2 0.73 0.45
1 3 0.53 0.06
1 5 0.44 0.88
1 6 0.62 0.47
1 8 0.49 0.75
1 9 0.17 0.24
1 11 0.93 0.3
1 13 0.54 0.42
2 3 0.64 0.7
2 4 0.73 0.76
2 7 0.1 0.21
2 8 0.71 0.14
2 15 0.86 0.97
3 4 0.64 0.46
3 5 0.31 0.75
3 6 0.47 0.45
3 7 0.28 0.23
3 10 0.18 0.48
3 12 0.52 0.05
3 14 0.73 0.94
3 15 0.83 0.46
4 5 0.27 0.76
4 6 0.24 0.96
4 7 0.09 0.14
4 11 0.65 0.93
4 13 1 0.85
6 9 0.76 0.18
6 12 0.43 0.82
6 14 0.56 0.76
7 8 0.05 0.9
7 9 0.8 0.31
7 10 0.24 0.97
