0 1 0.06 0.09
0 2 0.05 0.02
0 3 0.87 0.95
0 4 0.2 0.27
0 5 0.42 0.43
0 7 0.81 0.3
0 8 0.43 0.36
0 10 0.74 0.04
0 12 0.33 0.62
0 14 0.1 0.21
1 2 0.63 0.56
1 3 0.73 0.1
1 4 0.72 0.12
1 5 0.88 0.74
1 6 0.09 0.18
1 10 0.19 0.79
2 3 0.91 0.22
2 4 0.55 0.8
2 5 0.9 0.28
2 6 0.92 0.02
2 7 0.09 0.09
2 8 0.35 0.89
2 9 0.3 0.48
2 10 0.17 0.76
2 11 0.5 0.25
2 13 0.28 0.07
2 14 0.15 0.38
2 15 0.12 0.66
3 4 0.79 0.01
3 5 0.69 0.22
3 6 0.54 0.28
3 7 0.71 1
3 8 0.62 0.8
3 9 0.24 0.62
3 11 0.97 0.77
3 12 0.05 0.27
4 9 0.64 0.53
4 15 0.95 0.81
5 6 0.57 0.63
5 11 0.79 0.62
5 13 0.54 0.33
6 7 0.75 0.07
6 8 0.82 0.55
6 9 0.43 0.83
6 14 0.72 0.44
7 12 0.89 0.04
8 10 0.35 0.47
8 13 0.99 0.66
9 11 0.54 0.08
9 13 0.66 0.25
9 15 0.57 0.81
10 14 0.46 0.55
10 15 0.47 0.44
11 12 0.46 0.59
