0 1 0.12 0.85
0 2 0.81 0.07
0 3 0.85 0.73
0 5 0.09 0.9
0 6 0.27 0.61
0 7 0.38 0.39
0 15 0.05 0.76
1 2 0.53 0.96
1 3 0.04 0.1
1 4 0.9 0.38
1 7 0.22 0.99
1 11 0.67 0.95
1 13 0.55 0.67
2 3 0.1 0.65
2 4 0.99 0.94
2 5 0.86 0.03
2 7 0.54 0.49
2 10 0.79 0.75
2 12 0.79 0.53
2 15 0.2 0.64
3 4 0.98 0.72
3 5 0.64 0.81
3 6 0.7 0.01
3 8 0.86 0.64
3 11 0.54 0.21
3 13 0.17 0.96
4 8 0.58 0.97
4 9 0.62 0.4
4 10 0.45 0.23
4 13 0.5 0.03
5 6 0.19 0.06
5 8 0.23 0.51
5 9 0.03 0.14
5 10 0.92 0.03
5 12 0.54 0.22
5 14 0.54 0.22
6 11 0.58 0.9
6 14 0.1 0.29
7 9 0.7 0.09
7 12 0.11 0.84
9 15 0.82 0.12
13 14 0.19 0.8
