0 1 0.52 0.47
0 2 0.58 0.57
0 3 0.27 0.65
0 4 0.23 0.53
0 5 0.96 0.07
0 6 0.61 0.88
0 8 0.6 0.92
0 9 0.28 0.59
0 10 0.39 0.16
1 2 0.8 0.26
1 3 0.8 0.28
1 4 0.03 0.08
1 7 0.81 0.77
1 8 0.32 0.27
1 9 0.58 0.36
1 10 0.85 0.99
1 11 0.92 0.5
1 13 0.87 0.71
2 3 0.85 0.62
2 4 0.12 0.59
2 5 0.93 0.58
2 6 0.68 0.74
2 7 0.19 0.8
2 11 0.63 0.07
3 4 0.53 0.14
3 5 0.6 0.14
3 6 0.8 0.09
4 5 0.52 0.93
4 7 0.32 0.46
4 8 0.91 0.43
4 9 0.48 0.41
4 11 0.24 0.41
4 12 0.28 0.42
4 14 0.72 0.74
5 6 0.92 0.54
5 7 0.39 0.45
5 10 0.74 0.55
5 15 0.17 0.97
6 11 0.65 0.91
6 12 0.87 0.42
6 15 0.96 0.26
7 8 0.32 0.29
7 12 0.27 0.69
7 13 0.92 0.76
7 14 0.74 0.98
7 15 0.35 0.48
8 9 0.94 0.85
8 10 1 0.8
9 12 0.28 0.42
9 13 0.61 0.77
10 15 0.23 0.46
11 13 0.32 0.95
12 14 0.07 0.51
13 14 0.91 0.4
