0 1 0.44 0.83
0 2 0.49 0.04
0 3 0.21 0.67
0 4 0.07 0.31
0 6 0.08 0.48
0 8 0.19 0.66
0 10 0.65 0.47
0 11 0.2 0.63
0 12 0.02 0.88
0 14 0.3 0.85
0 15 0.22 0.43
1 2 0.19 0.17
1 3 0.98 0.31
1 4 0.63 0.77
1 5 0.12 0.57
1 6 0.98 0.06
1 9 0.64 0.79
1 14 0.47 0.58
2 3 0.84 0.75
2 4 0.2 0.12
2 5 0.28 0.85
2 6 0.84 0.28
2 7 0.37 1
2 8 0.09 0.58
2 10 0.67 0.87
2 14 0.91 0.13
3 4 0.67 0.59
3 5 0.61 0.83
3 6 0.06 0.1
3 7 0.2 0.04
3 8 0.23 1
3 9 0.26 0.73
3 10 0.24 0.8
4 5 0.71 0.7
4 7 0.85 0.45
4 10 0.34 0.33
4 12 0.19 0.88
4 13 0.41 0.04
5 11 0.53 0.22
5 13 0.07 0.43
6 7 0.18 0.36
6 8 0.05 0.35
6 9 0.33 0.86
7 9 0.88 0.34
7 13 0.84 0.94
7 14 0.29 0.08
7 15 0.98 0.36
8 11 0.58 0.54
8 12 0.2 0.81
8 13 0.11 0.46
9 11 0.02 0.73
10 12 0.26 0.96
11 15 0.37 0.99
13 15 0.32 0.44
