0 1 0.87 0.15
0 2 0.61 0.89
0 3 0.87 0.14
0 4 0.84 0.55
0 5 0.99 0.04
0 6 0.23 0.97
0 8 0.75 0.19
0 10 0.22 0.62
0 12 0.12 0.62
0 15 0.87 0.35
1 2 0.48 0.55
1 3 0.08 0.67
1 4 0.83 0.75
1 6 0.07 0.75
1 7 0.18 0.37
1 9 0.77 0.98
2 3 1 0.9
2 5 0.97 0.77
3 4 0.06 0.23
3 5 0.01 0.61
3 6 0.36 0.42
3 7 0.31 0.06
3 8 0.83 0.74
3 10 0.29 0.09
3 11 0.11 0.55
3 12 0.48 0.36
4 10 0.22 0.1
4 11 0.71 0.25
4 13 0.91 0.25
4 15 0.57 0.04
5 9 0.84 0.45
5 13 0.45 0.54
5 14 0.61 0.26
6 7 0.23 0.57
6 12 0.81 0.07
6 13 0.41 0.42
6 14 0.58 0.75
6 15 0.14 0.22
7 8 0.77 0.22
7 9 0.37 0.71
10 11 0.12 0.71
11 14 0.43 0.19
