0 1 0.16 0.55
0 2 0.73 0.28
0 3 0.08 0.52
0 4 0.55 0.34
0 5 0.79 0.92
0 6 0.94 0.46
0 8 0.23 0.73
0 9 0.45 0.99
0 10 0.68 0.65
1 2 0.41 0.96
1 3 0.08 0.38
1 4 0.06 0.71
1 7 0.39 0.18
1 8 1 0.98
1 9 0.26 0.58
1 10 0.36 0.89
1 11 0.84 0.17
1 13 0.88 0.6
2 3 0.02 0.21
2 4 0.73 0.76
2 5 0.75 0.42
2 6 0.97 0.36
2 7 0.26 0.22
2 11 0.17 0.72
3 4 0.24 0.29
3 5 0.28 0.01
3 6 0.68 0.65
4 5 0.47 0.15
4 7 0.87 0.29
4 8 0.73 0.07
4 9 0.09 0.87
4 11 0.32 0.54
4 12 0.29 0.42
4 14 0.3 0.74
5 6 0.33 0.91
5 7 0.07 0.38
5 10 0.25 0.27
5 15 0.61 0.39
6 11 0.32 0.9
6 12 0.79 0.13
6 15 0.69 0.64
7 8 0.05 0.49
7 12 0.75 0.66
7 13 0.65 0.64
7 14 0.79 0.07
7 15 0.77 0.17
8 9 0.84 0.01
8 10 0.64 0.8
9 12 0.12 0.35
9 13 0.82 0.87
10 15 0.03 0.59
11 13 0.08 1
12 14 0.2 0.24
13 14 0.93 0.79
