0 1 0.55 0.25
0 2 0.59 0.72
0 3 0.74 0.57
0 4 1 0.49
0 7 0.8 0.75
0 11 0.13 0.62
0 14 0.95 0.87
1 2 0.68 0.61
1 3 0.7 0.47
1 5 0.46 0.05
1 6 0.23 0.97
1 9 0.38 0.12
2 3 0.05 0.61
2 4 0.85 0.02
2 5 0.74 0.51
2 8 0.78 0.71
2 10 0.37 0.67
2 15 0.53 0.57
3 4 0.93 0.3
3 5 0.48 0.21
3 6 0.42 0.72
3 9 0.4 0.19
3 12 0.96 0.65
3 13 0.41 0.14
3 14 0.07 0.89
4 6 0.18 0.9
4 8 0.18 0.95
4 11 0.17 0.25
5 7 0.56 0.57
5 10 0.93 0.79
6 7 0.98 0.23
6 8 0.07 0.05
6 11 0.06 0.33
6 12 0.94 0.77
6 14 0.33 0.14
7 9 0.85 0.2
7 12 0.46 0.02
7 13 0.84 0.59
7 15 0.73 0.38
8 15 0.08 0.72
9 10 0.85 0.4
12 13 0.14 0.57
