0 1 0.15 0.05
0 2 0.51 0.55
0 3 0.29 0.39
0 4 0.84 0.13
0 5 0.33 0.22
0 6 1 0.13
0 7 0.69 0.5
0 8 0.36 0.83
0 10 0.32 0.03
0 12 0.7 0.55
0 14 0.5 0.21
1 2 0.84 0.09
1 3 0.11 0.94
1 4 0.56 0.9
1 10 0.8 0.42
1 11 0.16 0.97
2 3 0.18 0.58
2 4 0.94 0.68
2 5 0.15 0.81
2 6 0.42 0.97
2 7 0.14 0.65
2 8 0.43 0.92
2 10 0.92 0.19
2 11 0.73 0.18
2 13 0.34 0.58
2 14 0.76 0.43
3 4 0.61 0.81
3 5 0.82 0.33
3 6 0.75 0.37
3 7 0.16 0.59
3 9 0.62 0.51
3 13 0.78 0.12
3 15 0.5 0.19
4 5 0.29 0.73
4 6 0.51 0.94
4 8 0.67 0.39
4 9 0.47 0.62
4 10 0.44 0.14
4 14 0.77 0.12
5 7 0.82 0.68
6 9 0.99 0.97
6 11 0.78 0.12
7 8 0.75 0.97
7 9 0.54 0.09
8 11 0.43 0.78
8 12 0.2 0.34
8 13 0.4 0.07
8 15 0.65 0.02
9 12 0.27 0.31
9 15 0.43 0.65
10 13 0.38 0.24
11 12 0.38 0.82
12 15 0.59 0.71
13 14 0.89 0.07
