0 1 0.71 0.17
0 2 0.4 0.42
0 3 0.79 0.64
0 4 0.05 0.74
0 9 0.85 0.47
0 14 0.15 0.53
1 2 0.84 0.22
1 3 0.17 0.15
1 4 0.07 0.43
1 5 0.88 0.04
1 6 0.78 0.01
1 7 0.55 0.42
1 8 0.06 0.94
1 11 0.06 0.58
1 13 0.31 0.03
1 14 0.39 0.94
2 3 0.08 0.45
2 6 0.05 0.5
2 8 0.25 0.18
2 12 0.33 0.98
3 4 0.98 0.62
3 5 0.34 0.73
3 6 0.01 0.25
3 9 0.76 0.57
3 10 0.17 0.18
3 12 0.15 0.45
4 5 0.88 0.78
4 8 0.7 0.07
4 9 0.67 0.41
4 10 0.7 0.64
4 13 0.67 0.43
4 14 0.53 0.01
5 7 0.91 0.08
5 15 0.87 0.2
6 7 0.55 0.67
6 10 0.96 0.3
6 11 0.27 0.08
6 12 0.7 0.37
6 15 0.67 0.66
7 15 0.61 0.27
9 13 0.2 0.22
10 11 0.3 0.75
