0 1 0.9 0.78
0 2 0.89 0.24
0 3 0.45 0.77
0 4 0.46 0.98
0 5 0.28 0.19
0 6 0.37 0.46
0 7 0.54 0.11
0 8 0.16 0.03
0 9 0.13 0.92
0 11 0.14 0.83
0 13 0.31 0.75
0 14 0.19 0.78
0 15 0.02 0.96
1 2 0.49 0.48
1 3 0.38 0.98
1 4 0.36 0.21
1 5 0.25 0.55
1 11 1 0.52
1 12 0.57 0.63
1 14 0.85 0.29
1 15 0.24 0.04
2 3 0.75 0.3
2 4 0.92 0.11
2 6 0.57 0.05
2 7 0.02 0.19
2 13 0.51 0.6
2 14 0.21 0.26
3 4 0.15 0.19
3 5 0.32 0.61
3 6 0.21 0.77
3 8 0.5 0.78
3 9 0.66 0.19
3 15 0.1 0.13
4 5 0.66 0.86
4 6 0.89 0.05
4 7 0.99 0.49
4 10 0.84 0.44
4 12 0.47 0.75
5 7 0.24 0.15
5 8 0.9 0.56
5 9 0.25 0.47
5 10 0.31 0.55
5 11 0.82 0.21
5 12 0.68 0.58
5 13 0.6 0.32
6 9 0.94 0.37
6 10 0.25 0.35
6 11 0.97 0.61
6 13 0.43 0.43
6 14 0.88 0.07
7 8 0.78 0.92
7 12 0.69 0.94
8 10 0.99 0.38
13 15 0.2 0.7
