0 1 0.54 0.47
0 2 0.74 0.38
0 3 0.54 0.84
0 4 0.23 0.77
0 5 0.27 0.79
0 6 0.47 0.59
0 8 0.85 0.22
0 9 0.53 0.54
0 10 0.18 0.98
1 2 0.61 0.91
1 3 0.27 0.02
1 4 0.54 0.88
1 7 0.86 0.31
1 8 0.82 0.78
1 9 0.3 0.38
1 10 0.23 0.71
1 11 0.36 0.26
1 13 0.59 0.65
2 3 0.74 0.85
2 4 0.59 0.85
2 5 0.27 0.01
2 6 0.66 0.67
2 7 0.94 0.5
2 11 0.98 0.43
3 4 0.02 0.99
3 5 0.74 0.13
3 6 0.41 0.64
4 5 0.76 0.88
4 7 0.66 0.38
4 8 0.01 0.02
4 9 0.04 0.42
4 11 0.81 0.36
4 12 0.62 0.9
4 14 0.23 0.83
5 6 0.63 0.64
5 7 0.66 0.33
5 10 0.18 0.9
5 15 0.26 0.56
6 11 0.19 0.41
6 12 0.57 0.89
6 15 0.17 0.83
7 8 0.14 0.27
7 12 0.81 0.98
7 13 0.83 0.88
7 14 0.02 0.76
7 15 0.53 0.53
8 9 0.27 0.01
8 10 0.12 0.86
9 12 1 0.5
9 13 0.37 0.25
10 15 0.95 0.88
11 13 0.07 0.61
12 14 0.43 0.89
13 14 0.12 0.71
