0 1 0.66 0.83
0 2 0.43 0.41
0 3 0.47 0.63
0 4 0.36 0.03
0 5 0.05 0.53
0 6 0.71 0.5
0 7 0.58 0.77
0 11 0.36 0.05
1 2 0.65 0.92
1 3 0.45 0.39
1 4 0.06 0.02
1 5 0.93 0.61
1 6 0.98 0.51
1 7 0.09 0.84
1 8 0.34 0.42
1 9 0.04 0.56
1 11 0.09 0.6
1 12 0.95 0.76
2 3 0.77 0.99
2 4 0.96 0.52
2 5 0.26 0.02
2 6 0.23 0.66
2 7 0.67 0.2
2 9 0.17 0.29
2 10 0.28 0.71
2 15 0.58 0.87
3 4 0.96 0.49
3 5 0.46 0.96
3 6 0.75 0.35
3 8 0.43 0.67
3 10 0.29 0.49
3 11 0.21 0.62
3 12 0.62 0.44
3 14 0.86 0.31
4 12 0.16 0.04
5 7 0.5 0.36
5 8 0.02 0.41
5 9 0.79 0.83
5 10 0.4 0.51
6 12 0.26 0.09
6 14 0.97 0.78
7 8 0.92 0.53
7 9 0.09 0.86
7 10 0.64 0.35
7 11 0.59 0.47
7 15 0.49 0.64
8 13 0.85 0.66
8 14 0.81 0.89
8 15 0.26 0.95
10 13 0.48 0.45
11 13 0.22 0.49
11 15 0.69 0.2
12 13 0.59 0.05
13 14 0.13 0.98
