0 1 0.19 0.5
0 2 0.37 0.53
0 3 0.52 0.37
0 4 0.91 0.64
0 5 0.24 0.94
0 6 0.18 0.77
0 7 0.41 0.39
0 8 0.66 0.17
0 9 0.93 0.86
0 11 0.28 0.92
0 12 0.82 0.33
0 13 0.15 0.02
0 14 0.16 0.05
0 15 1 0.67
1 2 0.88 0.24
1 3 0.01 0.55
1 4 0.03 0.88
1 5 0.41 0.22
1 6 0.56 0.21
1 7 0.42 0.9
1 8 0.61 0.01
1 10 0.84 0.57
1 12 0.96 0.71
1 13 0.78 0.88
2 3 0.45 0.12
2 4 0.01 0.75
2 5 0.01 0.1
2 6 0.6 0.86
2 8 0.11 0.36
2 9 0.45 0.83
2 15 0.45 0.17
3 4 0.26 0.51
3 7 0.49 0.66
3 10 0.48 0.72
3 13 0.5 0.89
3 15 0.37 0.01
4 5 0.5 0.18
4 6 0.52 0.57
4 8 0.64 0.21
5 7 0.77 0.26
5 9 0.91 0.82
5 10 0.59 0.69
5 11 0.64 0.25
5 14 0.13 0.84
6 11 0.69 0.96
6 15 0.93 0.7
7 14 0.49 0.46
8 9 0.87 0.72
8 10 0.14 0.48
8 12 0.63 0.79
9 11 0.95 0.33
10 12 0.11 0.25
10 13 0.52 0.4
10 14 0.89 0.56
