0 1 1 0.18
0 2 0.18 0.26
0 3 0.28 0.65
0 4 0.72 0.23
0 6 0.14 0.94
0 7 0.8 0.19
0 8 0.41 0.13
0 9 0.99 0.15
0 10 0.74 0.94
0 13 0.21 0.2
0 15 0.05 0.39
1 2 0.79 0.29
1 3 0.23 0.01
1 4 0.76 0.58
1 5 0.54 0.38
1 7 0.88 0.79
1 8 0.34 0.9
1 9 0.7 0.58
1 12 0.25 0.14
1 14 0.08 0.48
1 15 0.41 0.42
2 3 0.78 0.94
2 5 0.46 0.43
2 6 0.37 0.79
2 8 0.69 0.55
3 4 0.74 0.27
3 5 0.96 0.94
3 9 0.61 0.06
3 12 0.96 0.86
3 13 0.46 0.66
4 6 0.31 0.34
4 11 0.78 0.46
4 14 0.63 0.21
6 7 0.32 0.97
6 10 0.75 0.38
6 11 0.92 0.35
6 12 0.4 0.59
6 13 0.52 0.72
7 10 0.49 0.92
8 11 0.1 0.34
9 15 0.12 0.82
10 14 0.05 0.89
