0 1 0.59 0.03
0 2 0.44 0.31
0 3 0.61 0.28
0 4 0.08 0.42
0 5 0.55 0.33
0 6 0.64 0.97
0 7 0.07 0.34
0 8 0.35 0.12
0 9 0.86 0.76
0 11 0.54 0.56
0 13 1 0.01
0 14 0.8 0.02
0 15 0.82 1
1 2 0.46 0.39
1 3 0.97 0.63
1 4 0.87 0.86
1 5 0.84 0.42
1 11 0.47 0.19
1 12 0.46 0.68
1 14 0.28 0.08
1 15 0.03 0.31
2 3 0.38 0.26
2 4 0.34 0.66
2 6 0.82 0.18
2 7 0.65 0.06
2 13 0.9 0.32
2 14 0.41 0.88
3 4 0.19 0.35
3 5 0.54 0.15
3 6 0.24 0.31
3 8 0.99 0.73
3 9 0.96 0.78
3 15 0.17 0.6
4 5 0.25 0.54
4 6 0.91 0.39
4 7 0.42 0.01
4 10 0.7 0.5
4 12 0.93 0.25
5 7 0.74 0.73
5 8 0.44 0.11
5 9 0.19 0.74
5 10 0.78 0.73
5 11 0.17 0.6
5 12 0.4 0.32
5 13 0.5 0.24
6 9 0.12 0.36
6 10 0.8 0.32
6 11 0.57 0.59
6 13 0.5 0.45
6 14 0.86 0.39
7 8 0.08 0.6
7 12 0.21 0.18
8 10 0.72 0.62
13 15 0.51 0.42
