0 1 0.44 0.19
0 2 0.23 0.84
0 3 0.42 0.91
0 4 0.58 0.99
0 5 0.48 0.12
0 6 0.96 0.6
0 7 0.42 0.64
0 8 0.38 0.93
0 9 0.94 0.64
0 11 0.64 0.87
0 13 0.95 0.62
0 14 0.49 0.15
0 15 0.18 0.65
1 2 0.02 0.75
1 3 0.25 0.16
1 4 0.62 0.24
1 5 0.09 0.47
1 11 0.81 0.46
1 12 0.97 0.79
1 14 0.57 0.3
1 15 0.01 0.81
2 3 0.35 0.24
2 4 0.21 0.44
2 6 0.21 0.9
2 7 0.13 0.82
2 13 0.54 0.81
2 14 0.74 0.51
3 4 0.43 0.86
3 5 0.47 0.28
3 6 0.89 0.71
3 8 0.66 0.71
3 9 0.19 0.99
3 15 0.19 0.42
4 5 0.27 0.57
4 6 0.47 0.27
4 7 0.44 0.62
4 10 0.14 0.22
4 12 0.52 0.15
5 7 0.98 0.47
5 8 0.97 0.06
5 9 0.45 0.96
5 10 0.73 0.16
5 11 0.34 0.92
5 12 0.93 0.64
5 13 0.88 0.34
6 9 0.01 0.6
6 10 0.38 0.83
6 11 0.05 0.94
6 13 0.69 0.43
6 14 0.69 0.64
7 8 0.41 0.55
7 12 0.03 0.32
8 10 0.29 0.01
13 15 0.33 0.15
