0 1 0.99 0.68
0 2 0.67 0.7
0 3 0.89 0.06
0 4 0.67 0.11
0 5 0.67 0.84
0 6 0.2 0.51
0 8 0.73 0.99
0 9 0.95 0.3
0 10 0.86 0.59
1 2 0.05 0.9
1 3 0.4 0.34
1 4 0.93 0.41
1 7 0.83 0.9
1 8 0.56 0.04
1 9 0.31 0.82
1 10 0.99 0.67
1 11 0.56 0.25
1 13 0.75 0.78
2 3 0.91 0.51
2 4 0.77 0.96
2 5 0.7 0.33
2 6 0.62 0.67
2 7 0.41 0.59
2 11 0.6 0.82
3 4 0.85 0.67
3 5 0.66 0.89
3 6 0.89 0.82
4 5 0.12 0.68
4 7 0.28 0.54
4 8 0.91 0.73
4 9 0.85 0.35
4 11 0.13 0.53
4 12 0.21 0.14
4 14 0.21 0.07
5 6 0.22 0.19
5 7 0.88 0.84
5 10 0.2 0.53
5 15 0.17 0.33
6 11 0.06 0.88
6 12 0.42 0.53
6 15 0.21 0.45
7 8 0.04 0.65
7 12 0.87 0.66
7 13 0.32 0.98
7 14 0.05 0.76
7 15 0.24 0.2
8 9 0.07 0.15
8 10 0.23 0.99
9 12 0.5 0.04
9 13 0.7 0.03
10 15 0.71 0.99
11 13 0.79 0.52
12 14 0.85 0.85
13 14 0.49 0.81
