0 1 0.75 0.07
0 2 0.09 0.4
0 3 0.08 0.84
0 4 0.81 0.19
0 7 0.35 0.02
1 2 0.37 0.51
1 3 0.49 0.91
1 4 0.1 0.42
1 5 0.27 0.11
1 6 0.63 0.62
1 10 0.1 0.98
1 12 0.19 0.38
2 3 0.41 0.02
2 4 0.4 0.61
2 7 0.66 0.85
2 9 0.43 0.87
2 10 0.49 0.34
2 11 0.21 0.68
2 12 0.01 0.46
3 5 0.2 0.81
3 6 0.12 0.94
3 8 0.08 0.74
3 11 0.61 0.27
3 12 0.45 0.01
3 15 0.6 0.63
4 5 0.33 0.44
4 6 0.23 0.3
4 8 0.15 0.05
4 11 0.24 0.99
4 14 0.15 0.46
5 14 0.24 0.79
6 7 0.28 0.45
6 8 0.03 0.09
6 9 0.67 0.33
6 10 0.59 0.55
6 13 0.92 0.66
6 15 0.25 0.34
7 9 0.55 0.8
7 14 0.02 0.09
11 13 0.66 0.97
12 13 0.29 0.95
12 15 0.58 0.8
