0 1 0.32 0.32
0 2 0.16 0.29
0 3 0.35 0.63
0 4 0.97 0.22
0 5 0.99 0.28
0 6 0.96 0.06
0 8 0.6 0.6
0 10 0.69 0.24
0 12 0.1 0.63
0 15 0.78 0.64
1 2 0.93 0.48
1 3 0.29 0.76
1 4 0.13 0.05
1 6 0.96 0.18
1 7 0.68 0.77
1 9 0.44 0.29
2 3 0.91 0.13
2 5 0.46 0.29
3 4 0.54 0.75
3 5 0.32 0.07
3 6 0.65 0.87
3 7 0.52 0.83
3 8 0.3 0.73
3 10 0.31 0.07
3 11 0.54 0.54
3 12 0.66 0.34
4 10 0.72 0.51
4 11 0.81 0.79
4 13 0.06 0.79
4 15 0.74 0.48
5 9 0.09 0.5
5 13 0.2 0.27
5 14 0.53 0.19
6 7 0.79 0.26
6 12 0.93 1
6 13 0.97 0.24
6 14 0.57 0.04
6 15 0.54 0.14
7 8 0.15 0.02
7 9 0.22 0.29
10 11 0.69 0.94
11 14 0.59 0.95
