0 1 0.2 0.28
0 2 0.31 0.72
0 3 0.11 0.13
0 4 0.98 0.37
0 5 0.42 0.19
0 6 0.92 0.83
0 8 0.46 0.01
0 9 0.7 0.13
0 10 0.13 0.8
0 11 0.86 0.94
0 13 0.12 0.8
0 14 0.34 0.97
1 2 0.06 0.87
1 3 0.2 0.81
1 4 0.48 0.08
1 5 0.56 0.73
2 3 0.9 0.77
2 4 0.11 0.15
2 5 0.2 0.24
2 6 1 0.32
2 7 0.55 0.86
2 8 0.47 0.51
2 9 0.98 0.14
2 10 0.92 0.66
2 11 0.25 0.28
2 12 0.18 0.1
2 13 0.98 0.31
2 14 0.63 0.43
2 15 0.64 0.49
3 4 0.8 0.9
3 6 0.26 0.42
3 7 0.87 0.81
3 8 0.8 0.52
3 9 0.19 0.49
3 12 0.69 0.52
3 15 0.68 0.57
4 5 0.06 0.88
4 7 0.75 0.12
4 11 0.16 0.04
5 6 0.09 0.17
5 7 0.62 0.39
5 8 0.86 0.45
5 10 0.83 0.71
5 12 0.37 0.25
7 9 0.18 0.98
7 11 0.51 0.16
7 13 0.14 0.12
8 12 0.9 0.11
9 10 0.47 0.62
9 14 0.84 0.03
9 15 0.43 0.97
10 15 0.52 1
11 13 0.12 0.8
13 14 0.83 0.25
