0 1 1 0.98
0 2 0.52 0.16
0 3 0.67 0.04
0 4 0.01 0.71
0 5 0.57 0.42
0 6 0.11 0.07
0 8 0.96 0.93
0 10 0.31 0.64
0 12 0.22 0.99
0 15 0.77 0.54
1 2 0.13 0.7
1 3 0.12 0.92
1 4 0.54 0.69
1 6 0.69 0.97
1 7 0.19 0.68
1 9 0.91 0.75
2 3 0.78 0.74
2 5 0.4 0.94
3 4 0.41 0.76
3 5 0.32 0.35
3 6 0.12 0.93
3 7 0.97 0.61
3 8 0.01 0.31
3 10 0.67 0.3
3 11 0.94 0.55
3 12 0.94 0.71
4 10 0.7 0.05
4 11 0.42 0.07
4 13 0.3 0.29
4 15 0.05 0.09
5 9 0.53 0.23
5 13 0.16 0.97
5 14 0.62 0.08
6 7 0.54 0.31
6 12 0.91 0.05
6 13 0.46 0.1
6 14 0.1 0.6
6 15 0.92 0.54
7 8 0.83 0.68
7 9 0.11 0.57
10 11 0.7 0.75
11 14 0.04 0.74
