0 1 0.67 0.23
0 2 0.43 0.55
0 3 0.59 0.37
0 4 0.34 0.39
0 5 0.92 0.88
0 6 0.36 0.62
0 8 0.81 0.95
0 9 0.49 0.19
0 10 0.14 0.07
1 2 0.57 0.43
1 3 0.37 0.4
1 4 0.08 0.5
1 7 0.17 0.07
1 8 0.01 0.35
1 9 0.42 0.9
1 10 0.4 0.91
1 11 0.74 0.94
1 13 0.44 0.33
2 3 0.31 0.91
2 4 0.83 0.98
2 5 0.96 0.38
2 6 0.65 0.98
2 7 0.99 0.27
2 11 0.14 0.55
3 4 0.59 0.74
3 5 0.6 0.39
3 6 0.89 0.88
4 5 0.73 0.55
4 7 0.05 0.07
4 8 0.61 0.72
4 9 0.76 0.85
4 11 1 0.77
4 12 0.07 0.83
4 14 0.95 0.65
5 6 0.9 0.55
5 7 0.47 0.73
5 10 0.89 0.81
5 15 0.73 0.95
6 11 0.61 0.88
6 12 0.25 0.72
6 15 0.89 0.23
7 8 0.64 0.04
7 12 0.3 0.58
7 13 0.91 0.96
7 14 0.95 0.54
7 15 0.65 0.56
8 9 0.22 0.01
8 10 0.45 0.11
9 12 0.17 0.96
9 13 0.95 0.34
10 15 0.62 0.3
11 13 0.38 0.54
12 14 0.08 0.69
13 14 0.71 0.73
