0 1 0.82 0.36
0 2 0.01 1
0 3 0.36 0.71
0 4 0.59 0.43
0 7 0.21 0.37
1 2 0.68 0.65
1 3 0.77 0.21
1 4 0.77 0.11
1 5 0.19 0.29
1 6 0.23 0.22
1 10 0.2 0.43
1 12 0.25 0.82
2 3 0.33 0.96
2 4 0.49 0.93
2 7 0.86 0.89
2 9 0.47 0.74
2 10 0.85 0.43
2 11 0.86 0.79
2 12 0.12 0.07
3 5 0.05 0.42
3 6 0.29 0.44
3 8 0.89 0.32
3 11 0.5 0.52
3 12 0.16 0.34
3 15 0.86 0.21
4 5 0.65 0.16
4 6 0.21 0.88
4 8 0.25 0.36
4 11 0.59 0.44
4 14 0.64 0.58
5 14 0.87 0.9
6 7 0.3 0.19
6 8 0.94 0.82
6 9 0.38 0.54
6 10 0.28 0.7
6 13 0.91 0.69
6 15 0.66 0.2
7 9 0.96 0.76
7 14 0.38 0.01
11 13 0.54 0.11
12 13 0.29 0.42
12 15 0.62 0.93
