0 1 0.14 0.09
0 2 0.63 0.6
0 3 0.52 0.59
0 4 0.19 0.49
0 5 0.89 0.68
0 9 0.45 0.29
0 13 0.96 0.39
1 2 0.95 0.57
1 3 0.44 0.25
1 5 0.51 0.25
1 6 0.32 0.42
1 8 0.73 0.85
1 9 0.23 0.9
1 10 0.77 0.64
2 3 0.76 0.07
2 4 0.89 0.74
2 7 0.15 0.72
2 8 0.78 0.64
2 9 0.1 0.69
2 11 0.7 0.41
2 15 0.07 0.41
3 4 0.97 0.2
3 5 0.87 0.09
3 6 0.45 0.34
3 14 0.34 0.9
4 10 0.68 0.12
4 11 0.1 0.23
4 12 0.19 0.31
5 6 0.81 0.04
5 7 0.66 0.94
5 8 0.56 0.33
6 7 0.61 0.82
6 10 0.45 0.69
6 14 0.52 0.97
7 11 0.38 0.29
7 14 0.64 0.9
8 12 0.13 0.73
9 12 0.76 0.29
9 15 0.56 0.35
10 13 0.01 0.34
12 13 0.93 0.44
14 15 0.2 0.75
