0 1 0.2 0.26
0 2 0.74 0.01
0 3 0.15 0.37
0 4 0.57 0.4
0 5 0.32 0.53
0 6 0.84 0.83
0 7 0.72 0.8
0 8 0.05 0.62
0 9 0.68 0.93
0 10 0.91 1
0 12 0.42 0.38
0 13 0.55 0.23
0 14 0.64 0.32
0 15 0.48 0.59
1 2 0.05 0.35
1 3 0.55 0.24
1 4 0.86 0.17
1 5 0.86 0.7
1 6 0.8 0.95
1 9 0.83 0.77
1 10 0.98 0.4
1 11 0.6 0.8
1 13 0.57 0.9
1 15 0.03 0.03
2 3 0.73 0.71
2 4 0.5 0.81
2 5 0.86 0.86
2 6 0.94 0.32
2 7 0.86 0.08
2 11 0.35 0.19
2 14 0.31 0.68
3 4 0.3 0.37
3 5 0.47 0.36
3 6 0.28 0.86
3 7 0.87 0.45
3 8 0.48 0.75
3 11 0.01 0.33
3 12 0.87 0.95
3 13 0.36 0.16
5 8 0.14 0.97
6 7 0.23 0.76
6 8 0.18 0.19
6 9 0.18 0.2
8 9 0.28 0.3
8 10 0.37 0.98
9 10 0.73 0.88
9 11 0.66 0.59
9 14 0.35 0.25
10 12 0.52 0.81
10 15 0.1 0.51
11 12 0.5 0.53
12 13 0.97 0.83
13 14 0.46 0.99
13 15 0.08 0.43
