0 1 0.87 0.52
0 2 0.27 0.06
0 3 0.44 0.78
0 4 0.09 0.28
0 5 0.16 0.12
0 6 0.31 0.12
0 8 0.72 0.64
0 9 0.71 0.79
0 10 0.7 0.3
1 2 0.37 0.14
1 3 0.52 0.25
1 4 0.25 0.39
1 7 0.79 1
1 8 0.4 0.02
1 9 0.28 0.68
1 10 0.12 0.91
1 11 0.9 0.66
1 13 0.01 0.29
2 3 0.1 0.68
2 4 0.65 0.03
2 5 0.29 0.12
2 6 0.17 0.39
2 7 0.64 0.61
2 11 0.12 0.9
3 4 0.19 0.75
3 5 0.25 0.63
3 6 0.85 0.66
4 5 0.63 0.06
4 7 0.37 0.94
4 8 0.42 0.49
4 9 0.74 0.61
4 11 0.39 1
4 12 0.05 0.35
4 14 0.5 0.72
5 6 0.57 0.22
5 7 0.46 0.9
5 10 0.98 0.92
5 15 0.29 0.11
6 11 0.66 0.78
6 12 0.21 0.62
6 15 0.84 0.36
7 8 0.57 0.79
7 12 0.85 0.01
7 13 0.38 0.55
7 14 0.57 0.57
7 15 0.99 0.42
8 9 0.1 0.3
8 10 0.12 0.18
9 12 0.8 0.88
9 13 0.54 0.92
10 15 0.22 0.24
11 13 0.06 0.59
12 14 0.7 0.32
13 14 0.63 0.49
