0 1 0.72 0.49
0 2 0.55 0.73
0 3 0.56 0.88
0 4 0.9 0.23
0 7 0.31 0.75
0 11 0.74 0.9
0 14 0.56 0.76
1 2 0.24 0.54
1 3 0.03 0.83
1 5 0.16 0.16
1 6 0.81 0.88
1 9 0.8 0.71
2 3 0.99 0.63
2 4 0.07 0.46
2 5 0.78 0.97
2 8 0.27 0.01
2 10 0.61 0.63
2 15 0.89 0.87
3 4 0.07 0.69
3 5 0.04 0.6
3 6 0.63 0.31
3 9 0.77 0.34
3 12 0.37 0.09
3 13 0.28 0.1
3 14 0.18 0.08
4 6 0.26 0.53
4 8 0.72 0.06
4 11 0.42 0.08
5 7 0.09 0.83
5 10 0.93 0.27
6 7 0.11 0.32
6 8 0.11 0.82
6 11 0.94 0.24
6 12 0.65 0.99
6 14 0.58 0.59
7 9 0.11 0.09
7 12 0.95 0.66
7 13 0.11 0.44
7 15 0.47 0.4
8 15 0.33 0.19
9 10 0.97 0.25
12 13 0.81 0.86
