0 1 0.77 0.91
0 2 0.57 0.06
0 3 0.43 0.28
0 4 0.63 0.17
0 5 0.63 0.7
0 6 0.24 0.81
0 7 0.55 0.66
0 11 0.16 0.49
1 2 0.12 0.77
1 3 0.14 0.03
1 4 0.77 0.85
1 5 0.26 0.8
1 6 0.57 0.79
1 7 0.52 0.24
1 8 0.16 0.03
1 9 0.83 0.96
1 11 0.78 0.15
1 12 0.51 0.85
2 3 0.37 0.25
2 4 0.26 0.58
2 5 0.96 0.82
2 6 0.43 0.79
2 7 0.72 0.91
2 9 0.16 0.43
2 10 0.22 0.41
2 15 0.43 0.05
3 4 0.14 0.33
3 5 0.18 0.24
3 6 0.97 0.95
3 8 0.15 0.31
3 10 0.21 0.46
3 11 0.19 0.15
3 12 0.95 0.72
3 14 0.13 0.9
4 12 0.38 0.23
5 7 0.77 0.76
5 8 0.83 0.31
5 9 0.23 0.92
5 10 0.86 0.09
6 12 0.72 0.82
6 14 0.71 0.28
7 8 0.14 0.85
7 9 0.88 0.05
7 10 0.42 0.53
7 11 0.86 0.22
7 15 0.22 0.07
8 13 0.07 0.94
8 14 0.85 0.15
8 15 0.08 0.69
10 13 0.48 0.1
11 13 0.25 0.17
11 15 0.95 0.24
12 13 0.92 0.92
13 14 0.47 0.57
