0 1 0.12 0.93
0 2 0.38 0.66
0 3 0.59 0.76
0 4 0.4 0.59
0 5 0.25 0.23
0 6 0.92 0.76
1 2 0.72 0.26
1 3 0.11 0.53
1 4 0.52 0.72
1 5 0.66 0.39
1 6 0.3 0.75
1 9 0.53 0.09
1 11 0.72 0.48
1 12 0.67 0.76
2 3 0.36 0.98
2 7 0.66 0.18
2 10 0.25 0.87
2 11 0.79 0.11
2 12 0.02 0.13
3 4 0.39 0.99
3 5 0.18 0.99
3 8 0.25 0.92
3 10 0.78 0.47
3 13 0.64 0.42
4 6 0.56 0.5
4 8 0.72 0.1
5 7 0.44 0.13
5 9 0.05 0.18
5 10 0.17 0.34
5 13 0.53 0.22
5 14 0.31 0.11
5 15 0.02 0.79
6 7 0.7 0.09
6 8 0.29 0.3
6 11 0.93 0.78
6 14 0.65 0.32
8 9 0.04 0.34
8 12 0.99 0.22
8 14 0.17 0.61
8 15 0.13 0.52
9 13 0.78 0.55
9 15 0.46 0.29
