0 1 0.87 0.2
0 2 0.75 0.15
0 3 0.02 0.99
0 4 0.27 0.51
0 5 0.21 0.22
0 6 0.83 0.52
0 8 0.37 0.6
0 10 0.36 0.05
0 12 0.04 0.96
0 15 0.36 0.37
1 2 0.45 0.69
1 3 0.93 0.08
1 4 0.62 0.47
1 6 0.61 0.23
1 7 0.47 0.73
1 9 0.91 0.84
2 3 0.29 0.61
2 5 0.27 0.51
3 4 0.88 0.04
3 5 0.53 0.21
3 6 0.88 0.48
3 7 0.93 0.08
3 8 0.85 0.46
3 10 0.66 0.87
3 11 0.88 0.38
3 12 0.42 0.98
4 10 0.85 0.45
4 11 0.95 0.3
4 13 0.33 0.39
4 15 0.36 0.17
5 9 0.83 0.83
5 13 0.6 0.36
5 14 0.01 0.68
6 7 0.75 0.43
6 12 0.36 0.45
6 13 0.02 0.59
6 14 0.9 0.96
6 15 0.25 0.2
7 8 0.1 0.71
7 9 0.24 0.08
10 11 0.12 0.54
11 14 0.35 0.99
