0 1 0.23 0.09
0 2 0.3 0.26
0 3 0.6 0.79
0 4 0.92 0.68
0 5 0.5 0.57
0 9 0.76 0.67
0 13 0.9 0.81
1 2 0.39 0.88
1 3 0.34 0.37
1 5 0.35 0.9
1 6 0.34 0.93
1 8 0.34 0.82
1 9 0.41 0.57
1 10 0.52 0.09
2 3 0.21 0.08
2 4 0.46 0.94
2 7 0.15 0.92
2 8 0.12 0.57
2 9 1 0.15
2 11 0.65 0.32
2 15 0.32 0.17
3 4 0.7 0.93
3 5 0.42 0.06
3 6 0.49 0.7
3 14 0.9 0.61
4 10 0.28 0.28
4 11 0.53 0.05
4 12 0.51 0.74
5 6 0.39 0.59
5 7 0.32 0.72
5 8 0.83 0.09
6 7 0.68 0.95
6 10 0.76 0.18
6 14 0.22 0.46
7 11 0.53 0.97
7 14 0.86 0.72
8 12 0.53 0.3
9 12 0.76 0.94
9 15 0.96 0.31
10 13 0.6 0.15
12 13 0.39 0.51
14 15 0.72 0.73
