0 1 0.26 0.29
0 2 0.97 0.59
0 3 0.68 0.07
0 4 0.03 0.81
0 7 0.43 0.65
1 2 0.85 0.24
1 3 0.41 0.96
1 4 0.89 1
1 5 0.87 0.5
1 6 0.1 0.27
1 10 0.49 0.36
1 12 0.2 0.59
2 3 0.71 0.13
2 4 0.38 0.3
2 7 0.8 0.52
2 9 0.12 0.82
2 10 0.18 0.93
2 11 0.89 0.97
2 12 0.3 0.17
3 5 0.26 0.19
3 6 0.51 0.72
3 8 0.62 0.05
3 11 0.46 0.34
3 12 0.21 0.36
3 15 0.09 0.98
4 5 0.93 0.29
4 6 0.73 0.8
4 8 0.77 0.58
4 11 0.64 0.03
4 14 0.66 0.31
5 14 0.68 0.55
6 7 0.62 0.48
6 8 0.83 0.08
6 9 0.71 0.84
6 10 0.31 0.5
6 13 0.36 0.94
6 15 0.05 0.65
7 9 0.97 0.85
7 14 0.58 0.9
11 13 0.19 0.55
12 13 0.19 0.69
12 15 0.46 0.56
