0 1 0.43 0.85
0 2 0.37 0.74
0 3 0.9 0.23
0 4 0.47 0.43
0 7 0.21 0.84
0 11 0.81 0.42
0 14 0.42 0.17
1 2 0.95 0.98
1 3 0.46 0.99
1 5 0.81 0.26
1 6 0.86 0.76
1 9 0.68 0.09
2 3 0.05 0.56
2 4 0.12 0.01
2 5 0.13 0.56
2 8 0.46 0.29
2 10 0.99 0.55
2 15 0.8 0.71
3 4 0.33 0.33
3 5 0.23 0.17
3 6 0.72 0.84
3 9 0.84 0.93
3 12 0.82 0.06
3 13 0.13 0.19
3 14 0.01 0.12
4 6 0.49 0.81
4 8 0.36 0.27
4 11 0.31 0.85
5 7 0.14 0.87
5 10 0.48 0.52
6 7 0.82 0.55
6 8 0.75 0.52
6 11 0.01 0.15
6 12 0.62 0.29
6 14 0.63 0.52
7 9 0.56 0.36
7 12 0.61 0.7
7 13 0.47 0.04
7 15 0.08 0.25
8 15 0.07 0.11
9 10 0.72 0.13
12 13 0.64 0.37
