0 1 0.13 0.9
0 2 0.02 0.54
0 3 0.97 0.17
0 4 0.9 0.98
0 6 0.63 0.22
0 7 0.11 0.46
0 9 0.43 0.67
0 11 0.89 0.57
0 12 0.19 0.23
0 13 0.41 0.09
0 14 0.73 0.94
1 2 0.81 0.68
1 3 0.49 0.44
1 4 0.3 0.66
1 5 0.74 0.77
1 8 0.03 0.13
1 9 0.08 0.24
2 3 0.72 0.63
2 4 0.77 0.83
2 10 0.39 0.85
2 14 0.82 0.96
3 5 0.16 0.06
3 6 0.1 0.07
3 7 0.66 0.97
3 10 0.39 0.83
3 11 0.52 0.67
3 13 0.08 0.27
4 5 0.41 0.38
4 10 0.13 0.64
4 15 0.1 0.01
5 6 0.72 0.13
5 12 0.72 0.53
6 7 0.02 0.65
6 8 0.61 0.28
6 11 0.45 0.37
7 8 0.7 0.55
7 9 0.85 0.38
7 12 0.62 0.79
7 13 0.09 0.93
7 14 0.33 0.52
8 15 0.26 0.65
11 15 0.23 0.46
