0 1 0.62 0.38
0 2 0.5 0.14
0 3 0.84 0.27
0 4 0.76 0.61
0 5 0.7 0.43
0 9 0.84 0.96
0 13 0.68 0.34
1 2 0.63 0.16
1 3 0.31 0.53
1 5 0.54 0.59
1 6 0.48 0.43
1 8 0.8 0.76
1 9 0.64 0.52
1 10 0.78 0.78
2 3 0.88 0.78
2 4 0.72 0.78
2 7 0.9 0.9
2 8 0.36 0.71
2 9 0.35 0.52
2 11 0.27 0.89
2 15 0.61 0.73
3 4 0.71 0.39
3 5 0.83 0.25
3 6 0.8 0.53
3 14 0.78 0.43
4 10 0.48 0.74
4 11 0.44 0.5
4 12 0.17 0.99
5 6 0.36 0.89
5 7 0.65 0.63
5 8 0.03 0.9
6 7 0.87 0.6
6 10 0.6 0.56
6 14 0.54 0.94
7 11 0.42 0.48
7 14 0.85 1
8 12 0.03 0.09
9 12 0.74 0.31
9 15 0.55 0.91
10 13 0.46 0.39
12 13 0.89 0.81
14 15 0.29 0.27
