0 1 0.04 0.92
0 2 0.29 0.81
0 3 0.04 0.39
0 4 0.82 0.14
0 6 0.56 0.44
0 7 0.72 1
0 9 0.33 0.83
0 11 0.77 0.55
0 12 0.74 0.58
0 13 0.6 0.91
0 14 0.45 0.63
1 2 0.32 0.34
1 3 0.95 0.11
1 4 0.13 0.28
1 5 0.82 0.03
1 8 0.06 0.32
1 9 0.63 0.06
2 3 0.39 0.66
2 4 0.61 0.47
2 10 0.93 0.48
2 14 0.07 0.25
3 5 0.75 0.64
3 6 0.87 0.96
3 7 0.65 0.3
3 10 0.74 0.46
3 11 0.34 0.32
3 13 0.45 0.62
4 5 0.19 0.27
4 10 0.68 0.71
4 15 0.07 0.37
5 6 0.61 0.85
5 12 0.19 0.62
6 7 0.37 0.78
6 8 0.16 0.41
6 11 0.99 0.76
7 8 0.26 0.95
7 9 0.34 0.03
7 12 0.28 0.05
7 13 0.17 0.93
7 14 0.37 0.91
8 15 0.26 0.71
11 15 0.02 0.19
