0 1 0.23 0.69
0 2 0.48 0.94
0 3 0.1 0.24
0 4 0.91 0.69
0 5 0.59 0.81
0 6 0.44 0.08
0 7 0.15 0.9
0 9 0.96 0.96
0 10 0.18 0.04
0 11 0.7 0.24
0 12 0.08 0.34
0 13 0.72 0.79
1 2 0.76 0.1
1 3 0.7 0.96
1 4 0.8 0.6
1 6 0.08 0.58
1 7 0.49 0.8
1 8 0.57 0.18
1 12 0.67 0.54
1 13 0.62 0.98
2 3 0.35 0.39
2 4 0.84 0.8
2 5 0.05 0.45
2 6 0.41 0.17
2 7 0.73 0.79
2 8 0.43 0.25
2 9 0.99 0.4
2 10 0.87 0.37
2 13 0.08 0.55
2 14 0.88 0.08
3 4 0.93 0.16
3 5 0.74 0.53
3 10 0.51 0.08
3 11 0.41 0.94
3 12 0.37 0.8
3 14 0.92 0.09
3 15 0.88 0.67
4 5 0.44 0.56
4 6 0.91 0.14
4 7 0.45 0.1
4 9 0.54 0.55
4 12 0.23 0.71
4 14 0.24 0.86
4 15 0.24 0.85
5 8 0.8 0.45
5 9 0.54 0.38
5 13 0.37 0.75
6 8 0.7 0.3
6 15 0.86 0.21
7 11 0.85 0.5
7 14 0.39 0.84
9 10 0.67 0.71
9 15 0.78 0.83
10 11 0.48 0.43
