0 1 0.12 0.38
0 2 0.31 0.92
0 3 0.69 0.51
0 4 0.26 0.73
0 5 0.59 0.97
0 7 0.04 0.93
0 8 0.46 0.29
0 10 0.69 0.64
0 12 0.26 0.28
0 14 0.01 0.34
1 2 0.47 0.88
1 3 0.36 0.78
1 4 0.08 0.39
1 5 0.58 0.54
1 6 0.33 0.36
1 10 0.59 0.51
2 3 0.31 0.81
2 4 0.15 0.7
2 5 0.31 0.26
2 6 0.47 0.58
2 7 0.89 0.17
2 8 0.02 0.51
2 9 0.41 0.04
2 10 0.75 0.5
2 11 0.57 0.56
2 13 0.86 0.37
2 14 0.86 0.57
2 15 0.85 0.56
3 4 0.8 0.03
3 5 0.26 0.71
3 6 0.69 0.66
3 7 0.37 0.37
3 8 0.68 0.45
3 9 0.64 0.7
3 11 0.85 0.57
3 12 0.85 0.45
4 9 0.87 0.65
4 15 0.67 0.41
5 6 0.22 0.17
5 11 0.94 0.56
5 13 0.53 0.27
6 7 0.71 0.62
6 8 0.65 0.8
6 9 0.2 0.68
6 14 0.22 0.83
7 12 0.95 0.21
8 10 0.89 0.14
8 13 0.65 0.76
9 11 0.25 0.55
9 13 0.48 0.77
9 15 0.59 0.84
10 14 0.87 0.93
10 15 0.85 0.29
11 12 0.61 0.8
