0 1 0.34 0.33
0 2 0.78 0.81
0 3 0.55 0.74
0 4 0.89 0.28
0 5 0.14 0.02
0 6 0.23 0.21
0 7 0.16 0.77
0 9 0.67 0.17
0 10 0.51 0.82
0 11 0.18 0.83
0 12 0.55 0.63
0 13 1 0.93
1 2 0.3 0.74
1 3 0.82 0.06
1 4 0.5 0.31
1 6 0.96 0.05
1 7 0.15 0.61
1 8 0.72 0.35
1 12 0.49 0.31
1 13 0.42 0.02
2 3 0.27 0.28
2 4 0.37 0.61
2 5 0.71 0.51
2 6 0.63 0.91
2 7 0.68 0.89
2 8 0.8 0.22
2 9 0.72 0.62
2 10 0.73 0.66
2 13 0.58 0.85
2 14 0.8 0.55
3 4 0.54 0.6
3 5 0.62 0.43
3 10 0.82 0.39
3 11 0.82 0.58
3 12 0.69 0.99
3 14 0.41 0.35
3 15 0.11 0.24
4 5 0.67 0.63
4 6 0.71 0.44
4 7 0.33 0.98
4 9 0.24 0.81
4 12 0.08 0.86
4 14 0.69 0.96
4 15 0.7 0.41
5 8 0.26 0.24
5 9 0.97 0.34
5 13 0.29 0.86
6 8 0.51 0.79
6 15 0.68 0.53
7 11 0.93 0.28
7 14 0.35 0.53
9 10 0.72 0.85
9 15 0.22 0.37
10 11 0.41 0.48
