0 1 0.05 0.1
0 2 0.16 0.81
0 3 0.22 0.41
0 4 0.52 0.26
0 5 0.48 0.04
0 6 0.26 0.67
0 7 0.69 0.45
0 9 0.66 0.87
0 10 0.78 0.75
0 11 0.13 0.94
0 12 0.07 0.96
0 13 0.57 0.3
1 2 0.55 0.72
1 3 0.14 0.41
1 4 0.93 0.36
1 6 0.85 0.08
1 7 0.59 0.27
1 8 0.65 0.53
1 12 0.64 0.11
1 13 0.52 0.69
2 3 0.54 0.54
2 4 1 0.45
2 5 0.12 0.39
2 6 0.97 0.71
2 7 0.46 0.76
2 8 1 0.36
2 9 0.97 0.34
2 10 0.04 0.56
2 13 0.43 0.36
2 14 0.13 0.7
3 4 0.46 0.3
3 5 0.19 0.8
3 10 0.86 0.38
3 11 0.82 0.21
3 12 0.2 0.07
3 14 0.97 0.72
3 15 0.55 0.75
4 5 0.86 0.38
4 6 0.72 0.98
4 7 0.37 0.77
4 9 0.51 0.14
4 12 0.33 0.63
4 14 0.72 0.82
4 15 0.01 0.05
5 8 0.75 0.58
5 9 0.48 0.18
5 13 0.53 0.55
6 8 0.79 0.22
6 15 0.26 0.56
7 11 0.27 0.75
7 14 0.68 0.22
9 10 0.52 0.89
9 15 0.82 0.99
10 11 0.97 0.89
