0 1 0.35 0.98
0 2 0.76 0.42
0 3 0.55 0.8
0 4 0.02 0.24
0 5 0.75 0.65
0 6 0.67 0.84
0 7 0.01 0.45
0 11 0.77 1
1 2 0.5 0.75
1 3 0.23 0.12
1 4 0.87 0.12
1 5 0.21 0.91
1 6 0.87 0.79
1 7 0.21 0.3
1 8 0.36 0.02
1 9 0.38 0.97
1 11 0.37 0.85
1 12 0.94 0.62
2 3 0.65 0.68
2 4 0.65 0.58
2 5 0.19 0.42
2 6 0.87 0.34
2 7 0.44 0.93
2 9 0.86 0.36
2 10 0.57 0.2
2 15 0.54 0.42
3 4 0.42 0.92
3 5 0.72 0.6
3 6 0.89 0.28
3 8 0.68 0.98
3 10 0.73 0.16
3 11 0.28 0.6
3 12 0.68 0.61
3 14 0.37 0.68
4 12 0.06 0.85
5 7 0.67 0.58
5 8 0.05 0.87
5 9 0.1 0.05
5 10 0.56 0.76
6 12 0.3 0.05
6 14 0.61 0.13
7 8 0.85 0.98
7 9 0.38 0.96
7 10 0.37 0.76
7 11 0.7 0.95
7 15 0.74 0.16
8 13 0.92 0.64
8 14 0.92 0.13
8 15 0.21 0.19
10 13 0.41 0.52
11 13 0.99 0.93
11 15 0.47 0.9
12 13 0.46 0.73
13 14 0.54 0.62
