0 1 0.97 0.19
0 2 0.84 0.95
0 3 0.26 0.33
0 4 0.62 0.78
0 5 0.07 0.56
0 6 0.66 0.21
0 7 0.26 0.01
0 8 0.44 0.81
0 9 0.05 0.92
0 11 0.52 0.8
0 13 0.9 0.97
0 14 0.56 0.81
0 15 0.24 0.98
1 2 0.93 0.57
1 3 0.47 0.43
1 4 0.8 0.86
1 5 0.25 0.11
1 11 0.9 0.82
1 12 0.82 0.27
1 14 0.45 0.71
1 15 0.45 0.32
2 3 0.58 0.96
2 4 0.42 0.37
2 6 0.32 0.32
2 7 0.85 0.61
2 13 0.19 0.91
2 14 0.28 0.71
3 4 0.72 0.64
3 5 0.63 0.99
3 6 0.8 0.55
3 8 0.6 0.36
3 9 0.92 0.37
3 15 0.49 0.36
4 5 0.59 0.62
4 6 0.33 0.71
4 7 0.76 0.58
4 10 0.99 0.73
4 12 0.37 0.82
5 7 0.17 0.5
5 8 0.4 0.78
5 9 0.64 0.57
5 10 0.8 0.61
5 11 0.08 0.57
5 12 0.65 0.35
5 13 0.74 0.27
6 9 0.88 0.98
6 10 0.7 0.41
6 11 0.53 0.78
6 13 0.36 0.9
6 14 0.35 0.68
7 8 0.28 0.46
7 12 0.41 0.66
8 10 0.88 0.38
13 15 0.61 0.99
