0 1 0.22 0.99
0 2 0.55 0.46
0 3 0.1 0.12
0 4 0.33 0.59
0 5 0.66 0.73
0 6 0.34 0.19
0 8 0.99 0.6
0 10 0.09 0.49
0 12 0.41 0.14
0 15 0.62 0.67
1 2 0.97 0.57
1 3 0.32 0.9
1 4 0.4 0.83
1 6 0.94 0.42
1 7 0.23 0.95
1 9 0.28 0.47
2 3 0.44 0.25
2 5 0.45 0.51
3 4 0.44 0.85
3 5 0.97 1
3 6 0.58 0.06
3 7 0.28 0.16
3 8 0.3 0.12
3 10 0.87 0.49
3 11 0.05 0.94
3 12 0.23 0.47
4 10 0.21 0.23
4 11 1 0.73
4 13 0.79 0.22
4 15 0.85 0.33
5 9 0.66 0.51
5 13 0.73 0.7
5 14 0.02 0.91
6 7 0.08 0.73
6 12 0.89 0.69
6 13 0.8 0.3
6 14 0.42 1
6 15 0.89 0.11
7 8 0.64 0.14
7 9 0.22 0.12
10 11 0.87 0.25
11 14 0.95 0.97
