0 1 0.01 0.93
0 2 0.18 0.25
0 3 0.36 0.24
0 4 0.19 0.47
0 6 0.14 0.24
0 7 0.5 0.54
0 8 0.6 0.91
0 9 0.72 0.82
0 10 0.91 0.59
0 13 0.28 0.48
0 15 0.38 0.78
1 2 0.94 0.24
1 3 0.95 0.89
1 4 0.06 0.03
1 5 0.08 0.46
1 7 0.95 0.67
1 8 0.19 0.26
1 9 0.42 0.38
1 12 0.82 0.58
1 14 0.72 0.03
1 15 0.08 0.28
2 3 0.64 0.78
2 5 0.86 0.51
2 6 1 0.41
2 8 0.41 0.45
3 4 0.24 0.56
3 5 0.62 0.35
3 9 0.34 0.74
3 12 0.96 0.83
3 13 0.11 0.05
4 6 0.89 0.82
4 11 0.66 0.21
4 14 0.34 0.63
6 7 0.93 0.39
6 10 0.25 0.65
6 11 0.38 0.32
6 12 0.29 0.2
6 13 0.39 0.74
7 10 0.41 0.49
8 11 0.68 0.57
9 15 0.32 0.46
10 14 0.6 0.48
