0 1 0.31 0.1
0 2 0.26 0.67
0 3 0.34 0.46
0 4 0.62 0.74
0 9 0.29 0.84
0 14 0.79 0.68
1 2 0.62 0.18
1 3 0.91 0.63
1 4 0.02 0.65
1 5 0.26 0.11
1 6 0.52 0.05
1 7 0.27 0.95
1 8 0.93 0.69
1 11 0.33 0.78
1 13 0.88 0.38
1 14 0.54 0.09
2 3 0.07 0.55
2 6 0.23 0.64
2 8 0.51 0.46
2 12 0.35 0.76
3 4 0.18 0.39
3 5 0.83 0.37
3 6 0.55 0.23
3 9 0.11 0.98
3 10 0.13 0.56
3 12 0.38 0.53
4 5 0.9 0.14
4 8 0.16 0.44
4 9 0.52 0.48
4 10 0.09 0.05
4 13 0.3 0.6
4 14 0.48 0.2
5 7 0.85 0.27
5 15 0.78 0.76
6 7 0.78 0.11
6 10 0.31 0.75
6 11 1 0.64
6 12 0.65 0.2
6 15 0.44 0.12
7 15 0.74 0.64
9 13 0.09 0.33
10 11 0.83 0.37
