0 1 0.59 0.52
0 2 0.11 0.93
0 3 0.32 0.68
0 4 0.62 0.84
0 5 0.07 0.26
0 6 0.25 0.29
0 7 0.11 0.6
0 9 0.98 0.25
0 10 0.27 0.39
0 11 0.69 0.67
0 12 0.92 0.49
0 13 0.37 0.9
1 2 0.29 0.63
1 3 0.07 0.58
1 4 0.85 0.47
1 6 0.1 0.81
1 7 0.14 0.62
1 8 0.41 0.15
1 12 0.13 0.59
1 13 0.81 0.58
2 3 0.05 0.34
2 4 0.96 0.14
2 5 0.84 0.89
2 6 0.34 0.87
2 7 0.65 0.42
2 8 0.27 0.82
2 9 0.37 0.96
2 10 0.14 0.56
2 13 0.14 0.92
2 14 0.83 0.36
3 4 0.32 0.88
3 5 0.1 0.15
3 10 0.95 0.59
3 11 0.59 0.64
3 12 0.18 0.35
3 14 0.49 0.66
3 15 0.93 0.82
4 5 0.91 0.04
4 6 0.18 0.04
4 7 0.94 0.79
4 9 0.17 0.69
4 12 0.26 0.2
4 14 0.72 0.49
4 15 0.9 0.95
5 8 0.31 0.1
5 9 0.43 0.63
5 13 0.39 0.86
6 8 0.53 0.2
6 15 0.84 0.8
7 11 0.94 0.94
7 14 0.96 0.78
9 10 0.99 0.25
9 15 0.23 0.95
10 11 0.33 0.96
