0 1 0.76 0.7
0 2 0.55 0.49
0 3 0.36 0.81
0 5 0.36 0.44
0 6 0.99 0.35
0 7 0.5 0.15
0 15 0.44 0.24
1 2 0.57 0.83
1 3 0.51 0.42
1 4 0.47 0.66
1 7 0.84 0.58
1 11 0.96 0.55
1 13 0.83 0.05
2 3 0.8 0.57
2 4 0.91 0.33
2 5 0.46 0.3
2 7 0.83 0.34
2 10 0.84 0.27
2 12 0.78 0.39
2 15 0.92 0.48
3 4 0.07 0.75
3 5 0.38 0.48
3 6 0.78 0.93
3 8 0.32 0.54
3 11 0.31 0.82
3 13 0.9 0.07
4 8 0.39 0.77
4 9 0.97 0.68
4 10 0.95 0.04
4 13 0.24 0.88
5 6 0.18 0.06
5 8 0.16 0.46
5 9 0.79 0.62
5 10 0.47 0.93
5 12 0.68 0.53
5 14 0.3 0.81
6 11 0.26 0.7
6 14 0.43 0.94
7 9 0.78 0.41
7 12 0.99 0.79
9 15 0.49 0.02
13 14 0.91 0.72
