0 1 0.53 0.46
0 2 0.43 0.75
0 3 0.33 0.34
0 4 0.58 0.47
0 5 0.52 0.48
0 8 0.02 0.96
0 9 0.94 0.77
0 10 0.48 0.44
0 12 0.16 0.04
0 13 0.51 0.31
0 15 0.97 0.78
1 2 0.73 0.23
1 3 0.53 0.93
1 4 0.6 0.53
1 5 0.71 0.02
1 6 0.29 0.64
1 7 0.09 0.8
1 10 0.98 0.93
1 12 0.15 0.97
2 3 0.73 0.17
2 4 0.95 0.38
2 5 0.86 0.81
2 6 0.72 0.6
2 7 0.51 0.53
2 8 0.9 0.46
2 13 0.91 0.54
2 14 0.07 0.36
3 4 0.15 0.61
3 11 0.1 0.25
3 13 0.29 0.09
3 14 0.02 0.97
3 15 0.98 0.67
4 5 0.18 0.63
4 6 0.11 0.77
4 7 0.64 0.13
4 9 0.54 0.47
4 11 0.86 0.2
5 6 0.12 0.13
5 7 0.18 0.03
5 9 0.68 0.71
6 8 0.25 0.35
6 10 0.48 0.43
6 13 0.36 0.56
7 8 0.64 0.41
7 9 0.06 0.86
7 10 0.59 0.92
7 14 0.33 0.88
8 11 0.24 0.95
8 12 0.31 0.3
9 11 0.67 0.59
10 15 0.96 0.51
11 12 0.02 0.39
11 15 0.09 0.66
13 14 0.38 0.64
