0 1 0.58 0.5
0 2 0.47 0.67
0 3 0.41 0.88
0 4 0.65 0.34
0 10 0.54 0.72
0 11 0.38 0.99
0 12 0.11 0.67
0 13 0.14 0.05
0 14 0.95 0.3
0 15 0.85 0.64
1 2 0.17 0.38
1 3 0.41 0.12
1 5 0.44 0.15
1 6 0.24 0.68
1 8 0.1 0.8
1 9 0.38 0.57
1 11 0.7 0.18
1 13 0.26 0.11
2 3 0.8 0.48
2 4 0.69 0.76
2 7 0.56 0.61
2 8 0.76 0.51
2 15 0.22 0.09
3 4 0.15 0.5
3 5 0.22 0.54
3 6 0.02 0.22
3 7 0.31 0.66
3 10 0.14 0.45
3 12 0.64 0.12
3 14 0.85 0.6
3 15 0.36 0.38
4 5 0.91 0.49
4 6 0.18 0.55
4 7 0.82 0.98
4 11 0.1 0.18
4 13 0.93 0.86
6 9 0.08 0.29
6 12 0.35 0.57
6 14 0.04 0.61
7 8 0.67 0.24
7 9 0.37 0.71
7 10 0.04 0.44
