0 1 0.78 0.4
0 2 0.36 0.6
0 3 0.37 0.64
0 4 0.07 0.4
0 5 0.15 0.17
0 7 0.16 0.43
0 8 0.14 0.48
0 9 0.97 0.6
0 10 0.54 0.46
0 11 0.38 0.55
1 2 0.96 0.52
1 3 0.6 0.36
1 4 0.3 0.35
1 5 0.48 0.78
1 6 0.02 0.57
1 8 0.63 0.69
1 11 0.38 0.26
1 12 0.77 0.61
1 13 0.32 0.96
1 14 0.83 0.85
2 3 0.77 0.49
2 5 0.24 0.42
2 6 0.67 0.53
2 7 0.65 0.48
2 9 0.95 0.29
2 10 0.67 0.72
2 11 0.59 0.44
2 13 0.74 0.32
3 4 0.08 0.87
3 12 0.12 0.86
4 7 0.48 0.74
4 8 0.85 0.5
4 12 0.74 0.12
4 15 0.36 0.55
5 6 1 0.15
5 10 0.56 0.81
5 14 0.37 0.73
5 15 1 0.35
8 9 0.82 0.3
8 13 0.63 0.39
8 14 0.73 0.48
14 15 0.4 0.38
