0 1 0.59 0.48
0 2 0.08 0.88
0 3 0.26 0.62
0 4 0.94 0.59
0 10 0.21 0.52
0 11 0.08 0.74
0 12 0.75 0.74
0 13 1 0.93
0 14 0.02 0.11
0 15 0.36 0.56
1 2 0.56 0.23
1 3 0.91 0.73
1 5 0.93 0.88
1 6 0.78 0.67
1 8 0.24 0.28
1 9 0.31 0.72
1 11 0.4 0.41
1 13 0.04 0.73
2 3 0.55 0.66
2 4 0.53 0.12
2 7 0.82 0.32
2 8 0.6 0.44
2 15 0.46 0.7
3 4 0.8 0.13
3 5 0.35 0.48
3 6 0.55 0.56
3 7 0.27 0.49
3 10 0.16 0.16
3 12 0.43 0.32
3 14 0.17 0.96
3 15 0.07 0.94
4 5 0.15 0.02
4 6 0.29 0.92
4 7 0.75 0.44
4 11 0.2 0.35
4 13 0.98 0.84
6 9 0.3 0.99
6 12 0.7 0.98
6 14 0.72 0.1
7 8 0.53 0.82
7 9 0.05 0.56
7 10 0.06 0.57
