0 1 0.37 0.65
0 2 0.1 0.18
0 3 0.96 0.46
0 4 0.03 0.55
0 5 0.05 0.39
0 7 0.41 0.7
0 8 0.83 0.46
0 10 0.92 0.16
0 12 0.27 0.22
0 14 0.76 0.6
1 2 0.67 0.47
1 3 0.27 0.02
1 4 0.73 0.63
1 5 0.28 0.53
1 6 0.28 0.39
1 10 0.78 0.18
2 3 0.11 0.66
2 4 0.19 0.99
2 5 0.32 0.88
2 6 0.1 0.08
2 7 0.86 0.14
2 8 0.45 0.1
2 9 0.85 0.83
2 10 0.48 0.6
2 11 0.27 0.52
2 13 0.56 0.51
2 14 0.5 0.38
2 15 0.7 0.26
3 4 0.24 0.41
3 5 0.26 0.57
3 6 0.71 0.39
3 7 0.4 0.21
3 8 0.38 0.17
3 9 0.41 0.19
3 11 0.99 0.51
3 12 0.21 0.04
4 9 0.05 0.88
4 15 0.97 0.95
5 6 0.94 0.98
5 11 0.37 0.86
5 13 0.48 0.35
6 7 0.54 0.23
6 8 0.77 0.96
6 9 0.81 0.01
6 14 0.88 0.73
7 12 0.17 0.28
8 10 0.95 0.41
8 13 0.29 0.49
9 11 0.85 0.22
9 13 0.42 0.68
9 15 0.02 0.16
10 14 0.32 0.19
10 15 0.73 0.36
11 12 0.82 0.8
