0 1 0.05 0.19
0 2 0.12 0.19
0 3 0.34 0.13
0 4 0.12 0.38
0 10 0.38 0.07
0 11 0.33 0.71
0 12 0.91 0.8
0 13 0.41 0.92
0 14 0.2 0.77
0 15 0.68 0.36
1 2 0.83 0.94
1 3 0.02 0.42
1 5 0.66 0.24
1 6 0.35 0.16
1 8 0.43 0.97
1 9 0.49 0.7
1 11 0.85 0.6
1 13 0.09 0.43
2 3 0.26 0.33
2 4 0.49 0.66
2 7 0.47 0.61
2 8 0.17 0.89
2 15 0.11 0.79
3 4 0.09 0.37
3 5 0.57 0.99
3 6 0.47 0.58
3 7 0.73 0.2
3 10 0.93 0.75
3 12 0.43 0.49
3 14 0.29 0.54
3 15 0.44 0.07
4 5 0.15 0.28
4 6 0.5 0.56
4 7 0.84 0.52
4 11 0.14 0.73
4 13 0.91 0.6
6 9 0.09 0.26
6 12 1 0.97
6 14 0.86 0.33
7 8 0.8 0.96
7 9 0.17 0.27
7 10 0.98 0.54
