0 1 0.23 0.97
0 2 0.53 0.71
0 3 0.63 0.54
0 4 0.68 0.61
0 6 0.36 0.01
0 9 0.99 0.65
0 10 0.53 0.06
0 11 1 0.69
0 13 0.83 0.09
1 2 0.95 0.27
1 3 0.07 0.79
1 4 0.05 0.86
1 5 0.92 0.39
1 12 0.32 0.52
2 3 0.22 0.51
2 4 0.91 0.74
2 6 0.43 0.82
2 7 0.05 0.9
2 8 0.54 0.83
2 9 1 0.48
2 10 0.15 0.62
2 11 0.7 0.07
2 13 0.5 0.93
3 5 0.15 0.78
3 8 1 0.16
3 15 0.43 0.95
4 5 0.13 0.31
5 6 0.04 0.16
5 7 0.49 0.68
5 8 0.11 0.79
5 9 0.73 0.77
5 11 0.79 0.01
5 15 0.5 0.7
6 7 0.19 0.03
6 10 0.85 0.28
6 12 0.53 0.78
6 13 1 0.38
8 12 0.83 0.7
8 14 0.96 0.99
11 15 0.16 0.79
12 14 0.37 0.27
13 14 0.68 0.1
