0 1 0.94 0.01
0 2 0.3 0.3
0 3 0.69 0.88
0 4 0.98 0.54
0 6 0.74 0.11
0 7 0.26 0.94
0 8 0.65 0.55
0 9 0.47 0.81
0 10 0.04 0.87
0 13 0.38 0.82
0 15 0.29 0.79
1 2 0.2 0.43
1 3 0.1 0.34
1 4 0.15 0.65
1 5 0.7 0.29
1 7 0.71 0.55
1 8 0.79 0.01
1 9 0.43 0.83
1 12 0.21 0.27
1 14 0.2 0.96
1 15 0.97 0.47
2 3 0.47 0.62
2 5 0.83 0.2
2 6 0.41 0.6
2 8 0.98 0.55
3 4 0.79 0.82
3 5 0.86 0.93
3 9 0.09 0.95
3 12 0.01 0.17
3 13 0.5 0.76
4 6 0.66 0.45
4 11 0.27 0.54
4 14 0.4 0.58
6 7 0.36 0.56
6 10 0.49 0.14
6 11 0.09 0.49
6 12 0.88 0.38
6 13 0.43 0.21
7 10 0.91 0.53
8 11 0.21 0.77
9 15 0.54 0.05
10 14 0.88 0.57
