0 1 0.24 0.6
0 2 0.99 0.35
0 3 0.94 0.97
0 4 0.84 0.8
0 5 0.07 0.6
0 6 0.76 0.88
0 7 0.75 0.25
0 8 0.93 0.35
0 10 0.11 0.57
0 12 0.64 0.43
0 14 0.97 0.67
1 2 0.92 0.84
1 3 0.46 0.12
1 4 0.63 0.3
1 10 0.74 0.06
1 11 0.2 0.19
2 3 0.08 0.05
2 4 0.55 0.09
2 5 0.76 0.2
2 6 0.25 0.41
2 7 0.85 0.08
2 8 0.55 0.1
2 10 0.79 0.33
2 11 0.95 0.13
2 13 0.77 0.05
2 14 0.55 0.88
3 4 0.46 0.13
3 5 0.73 0.39
3 6 0.29 0.46
3 7 0.92 0.38
3 9 0.09 0.08
3 13 0.45 0.1
3 15 0.81 0.65
4 5 0.57 0.54
4 6 0.91 0.3
4 8 0.16 0.84
4 9 0.24 0.92
4 10 0.12 0.81
4 14 0.74 0.42
5 7 0.79 0.07
6 9 0.48 0.35
6 11 0.2 0.9
7 8 0.1 0.58
7 9 0.32 0.75
8 11 0.18 0.02
8 12 0.9 0.78
8 13 0.08 0.86
8 15 0.87 0.61
9 12 0.66 0.31
9 15 0.72 0.67
10 13 0.83 0.93
11 12 0.77 0.55
12 15 0.32 0.5
13 14 0.91 0.91
