0 1 0.29 0.14
0 2 0.41 0.76
0 3 0.32 0.23
0 4 0.66 0.37
0 5 0.12 0.31
0 6 0.54 0.32
0 7 0.14 0.85
0 11 1 0.39
1 2 0.34 0.69
1 3 0.72 0.2
1 4 0.57 0.91
1 5 0.29 0.31
1 6 1 0.9
1 7 0.79 0.2
1 8 0.91 0.15
1 9 0.39 0.13
1 11 0.78 0.79
1 12 0.64 0.66
2 3 0.53 0.39
2 4 0.45 0.77
2 5 0.02 0.18
2 6 0.08 0.96
2 7 0.3 0.55
2 9 0.91 0.33
2 10 0.98 0.44
2 15 1 0.14
3 4 0.39 0.96
3 5 0.15 0.51
3 6 0.97 0.34
3 8 0.81 0.77
3 10 0.99 0.76
3 11 0.1 0.64
3 12 0.23 0.97
3 14 0.01 0.01
4 12 0.93 0.62
5 7 0.33 0.88
5 8 0.76 0.4
5 9 0.08 0.4
5 10 0.49 0.7
6 12 0.41 0.27
6 14 0.86 0.33
7 8 0.29 0.03
7 9 0.6 0.82
7 10 0.62 0.8
7 11 0.78 0.2
7 15 0.88 0.53
8 13 0.97 0.21
8 14 0.62 0.04
8 15 0.66 0.41
10 13 0.43 0.47
11 13 0.62 0.02
11 15 1 0.35
12 13 0.44 0.69
13 14 0.87 0.45
