0 1 0.3 0.78
0 2 0.63 0.66
0 3 0.17 0.26
0 4 0.64 0.48
0 5 0.65 0.06
0 6 0.44 0.13
0 7 0.58 0.84
0 8 0.46 0.39
0 9 0.28 0.25
0 11 0.61 0.22
0 13 0.98 0.96
0 15 0.83 0.36
1 2 0.58 0.88
1 3 0.8 0.12
1 4 0.81 0.47
1 5 0.83 0.11
1 6 0.22 0.01
1 10 0.3 0.78
1 14 0.69 0.58
1 15 0.16 0.92
2 3 0.24 0.06
2 4 0.39 0.45
2 5 0.6 0.82
2 7 0.1 0.77
2 8 0.4 0.98
2 9 0.63 0.59
2 11 0.66 0.35
2 12 0.3 0.13
2 15 0.23 0.19
3 4 0.99 0.94
3 5 0.16 0.76
3 6 0.23 0.28
3 9 0.67 0.73
3 13 0.42 0.81
4 5 0.63 0.25
4 6 0.75 0.76
4 7 0.69 0.06
4 8 0.18 0.63
4 9 0.89 0.97
4 10 0.98 0.47
4 11 0.66 0.63
4 12 0.22 0.22
4 15 0.05 0.67
5 6 0.9 0.21
5 7 0.2 0.84
5 8 0.58 0.7
5 12 0.84 0.64
5 14 0.09 0.37
6 7 0.54 0.83
6 10 0.95 0.34
6 11 0.43 0.66
6 12 0.21 0.44
6 13 0.53 0.67
7 8 0.12 0.2
7 9 0.66 0.27
7 10 0.57 0.5
7 11 0.55 0.09
7 14 0.47 0.75
8 10 0.71 0.89
10 14 0.29 0.9
10 15 0.82 0.48
11 12 0.03 0.37
11 13 0.14 0.79
11 14 0.34 0.61
12 13 0.1 0.38
