0 1 0.29 0.92
0 2 0.08 0.94
0 3 0.02 0.18
0 4 0.34 0.11
0 10 0.53 0.93
0 11 0.83 0.56
0 12 0.29 0.76
0 13 0.49 0.36
0 14 0.42 0.25
0 15 0.37 0.94
1 2 0.2 0.11
1 3 0.02 0.05
1 5 0.35 0.81
1 6 0.77 0.26
1 8 0.67 0.68
1 9 0.49 0.85
1 11 0.77 0.38
1 13 0.03 0.66
2 3 0.25 0.87
2 4 0.6 0.06
2 7 0.43 0.2
2 8 0.18 0.09
2 15 0.69 0.43
3 4 0.45 0.99
3 5 0.89 0.47
3 6 0.81 0.12
3 7 0.05 0.23
3 10 0.17 0.81
3 12 0.18 0.12
3 14 0.38 0.54
3 15 0.03 0.16
4 5 0.44 0.57
4 6 0.04 0.24
4 7 0.02 0.35
4 11 0.36 0.88
4 13 0.85 0.22
6 9 0.99 0.22
6 12 0.37 0.45
6 14 0.97 0.39
7 8 0.71 0.05
7 9 0.41 0.77
7 10 0.76 0.8
