0 1 0.09 0.43
0 2 0.11 0.3
0 3 0.14 0.63
0 4 0.53 0.53
0 6 0.57 1
0 8 0.5 0.21
0 10 0.94 0.74
0 11 0.34 0.15
0 12 0.5 0.83
0 14 0.77 0.45
0 15 0.88 0.37
1 2 0.23 0.38
1 3 0.66 0.44
1 4 0.72 0.44
1 5 0.41 0.63
1 6 0.61 0.82
1 9 0.04 0.83
1 14 0.4 0.4
2 3 0.77 0.77
2 4 0.46 0.3
2 5 0.92 0.24
2 6 0.02 0.62
2 7 0.28 0.95
2 8 0.87 0.34
2 10 0.89 0.84
2 14 0.63 0.49
3 4 0.86 0.39
3 5 0.16 0.65
3 6 0.68 0.45
3 7 0.6 0.64
3 8 0.07 0.15
3 9 0.63 0.78
3 10 0.41 0.03
4 5 0.62 0.04
4 7 0.47 0.68
4 10 0.09 0.12
4 12 0.58 0.57
4 13 0.7 0.57
5 11 0.37 0.39
5 13 0.01 0.52
6 7 0.79 0.16
6 8 0.18 0.83
6 9 0.22 0.35
7 9 0.34 0.28
7 13 0.87 0.83
7 14 0.98 0.05
7 15 0.85 0.9
8 11 0.22 0.19
8 12 0.97 0.87
8 13 0.94 0.18
9 11 0.31 0.27
10 12 0.37 0.17
11 15 0.49 0.4
13 15 0.67 0.53
