0 1 0.78 0.71
0 2 0.41 0.59
0 3 1 0.43
0 4 0.94 0.36
0 5 0.26 0.4
0 7 0.8 0.9
0 8 0.49 0.26
0 9 0.1 0.2
0 10 0.94 0.91
0 12 0.35 0.09
0 15 0.08 0.15
1 2 0.67 0.36
1 3 0.95 0.68
1 4 0.15 0.74
1 5 0.42 0.69
1 6 0.33 0.35
1 8 0.71 0.95
1 11 0.89 0.52
1 12 0.33 0.29
2 3 0.9 0.41
2 4 0.16 0.5
2 5 0.14 0.69
2 6 0.77 0.26
2 7 0.31 0.84
3 4 0.7 0.33
3 7 0.88 0.63
3 9 0.73 0.86
3 10 0.05 0.5
3 12 0.26 0.76
3 13 0.02 0.6
3 14 0.21 0.31
4 5 0.71 0.09
4 6 0.96 0.66
4 8 0.92 0.44
4 9 0.49 0.13
4 14 0.03 0.89
4 15 0.56 0.62
5 6 0.36 0.21
5 12 0.54 1
6 7 0.13 0.87
6 8 0.58 0.03
6 11 0.39 0.41
6 13 0.36 0.33
6 14 0.71 0.23
6 15 0.25 0.48
7 9 0.99 0.21
7 10 0.73 0.48
7 11 1 0.43
7 15 0.2 0.54
9 10 0.7 0.09
9 11 0.08 0.35
10 13 0.24 0.8
12 13 0.55 0.47
12 14 0.16 0.01
