0 1 0.2 0.54
0 2 0.39 0.27
0 3 0.73 0.27
0 4 0.93 0.93
0 5 0.17 0.56
0 7 0.73 0.62
0 8 0.55 0.06
0 9 0.63 0.59
0 10 0.23 0.85
0 12 0.8 0.63
0 15 0.15 0.76
1 2 0.31 0.84
1 3 0.01 0.82
1 4 0.94 0.59
1 5 0.39 0.01
1 6 0.31 0.14
1 8 0.26 0.04
1 11 0.24 0.9
1 12 0.44 0.33
2 3 0.03 0.82
2 4 0.7 0.91
2 5 0.07 0.98
2 6 0.48 0.8
2 7 0.55 0.83
3 4 0.78 0.45
3 7 0.31 0.31
3 9 0.83 0.26
3 10 0.14 0.61
3 12 0.85 0.93
3 13 0.98 0.18
3 14 0.52 0.7
4 5 0.06 0.39
4 6 0.53 0.7
4 8 0.79 0.65
4 9 0.69 0.66
4 14 0.66 0.97
4 15 0.63 0.22
5 6 0.67 0.12
5 12 0.57 0.76
6 7 0.59 0.52
6 8 0.96 0.04
6 11 0.7 0.02
6 13 0.46 0.15
6 14 0.98 0.27
6 15 0.6 0.03
7 9 0.49 0.63
7 10 0.13 0.03
7 11 0.64 0.01
7 15 0.55 0.61
9 10 0.58 0.26
9 11 0.94 0.92
10 13 0.87 1
12 13 0.92 0.85
12 14 0.47 0.84
