0 1 0.02 0.97
0 2 0.36 0.15
0 3 0.13 0.85
0 4 0.86 0.69
0 7 0.21 0.72
1 2 0.12 0.22
1 3 0.01 0.61
1 4 0.57 0.24
1 5 0.17 0.18
1 6 0.98 0.09
1 10 0.97 0.98
1 12 0.57 0.21
2 3 0.12 0.4
2 4 0.18 0.8
2 7 0.33 0.07
2 9 0.35 0.4
2 10 0.06 0.36
2 11 0.3 0.38
2 12 0.69 0.53
3 5 0.94 0.16
3 6 0.31 0.48
3 8 0.52 0.59
3 11 0.48 0.35
3 12 0.19 0.87
3 15 0.12 0.21
4 5 0.75 0.62
4 6 0.19 0.6
4 8 0.97 0.36
4 11 0.37 0.07
4 14 0.6 0.99
5 14 0.68 0.39
6 7 0.94 0.5
6 8 0.78 0.35
6 9 0.71 0.96
6 10 0.93 0.16
6 13 0.09 0.96
6 15 0.17 0.21
7 9 0.01 0.39
7 14 0.28 0.96
11 13 0.12 0.48
12 13 0.04 0.09
12 15 0.83 0.61
