0 1 0.32 0.39
0 2 0.96 0.04
0 3 0.34 0.67
0 4 0.08 0.39
0 9 0.54 0.72
0 14 0.99 0.45
1 2 0.81 0.41
1 3 0.2 0.98
1 4 0.46 0.72
1 5 0.67 0.7
1 6 0.43 0.88
1 7 0.87 0.91
1 8 0.96 0.26
1 11 0.18 0.21
1 13 0.02 0.97
1 14 0.96 1
2 3 0.22 0.65
2 6 0.75 0.55
2 8 0.27 0.8
2 12 0.88 0.5
3 4 0.62 0.87
3 5 0.86 0.13
3 6 0.9 0.02
3 9 0.93 0.22
3 10 0.84 0.56
3 12 0.26 0.9
4 5 0.72 0.7
4 8 0.47 0.43
4 9 0.56 0.53
4 10 0.32 0.26
4 13 0.87 0.99
4 14 0.42 0.11
5 7 0.3 0.82
5 15 0.68 0.84
6 7 0.61 0.07
6 10 0.15 0.57
6 11 0.58 0.81
6 12 0.12 0.77
6 15 0.98 0.64
7 15 0.98 0.9
9 13 0.8 0.84
10 11 0.49 0.39
