0 1 0.92 0.98
0 2 0.09 0.98
0 3 0.71 0.77
0 4 0.04 0.72
0 5 0.34 0.55
0 6 0.56 0.67
0 8 0.64 0.52
0 9 0.88 0.98
0 10 0.16 0.64
1 2 0.6 0.39
1 3 0.68 0.73
1 4 0.02 0.56
1 7 0.63 0.38
1 8 0.85 0.07
1 9 0.45 0.18
1 10 0.53 0.46
1 11 0.56 0.68
1 13 0.91 0.13
2 3 0.24 0.98
2 4 0.21 0.08
2 5 0.77 0.99
2 6 0.7 0.58
2 7 0.71 0.09
2 11 0.48 0.47
3 4 0.87 0.52
3 5 0.35 0.51
3 6 0.54 0.61
4 5 0.05 0.11
4 7 0.41 0.94
4 8 0.03 0.64
4 9 0.6 0.56
4 11 0.57 0.32
4 12 0.18 0.81
4 14 0.32 0.71
5 6 0.77 0.88
5 7 0.23 0.47
5 10 0.34 0.05
5 15 0.26 0.04
6 11 0.81 0.89
6 12 0.43 0.23
6 15 0.21 0.58
7 8 0.96 0.86
7 12 0.16 0.45
7 13 0.68 0.91
7 14 0.31 0.13
7 15 0.88 0.16
8 9 0.9 0.84
8 10 0.04 0.64
9 12 0.42 0.9
9 13 0.4 0.76
10 15 0.97 0.28
11 13 0.73 0.17
12 14 0.13 0.96
13 14 0.04 0.14
