0 1 0.51 0.19
0 2 0.08 0.07
0 3 0.65 0.76
0 4 0.83 0.61
0 6 0.29 0.52
0 7 0.6 0.32
0 9 0.66 0.58
0 11 0.15 0.93
0 12 0.16 0.43
0 13 0.23 0.04
0 14 0.65 0.53
1 2 0.79 0.16
1 3 0.8 0.75
1 4 0.1 0.96
1 5 1 0.21
1 8 0.64 0.49
1 9 0.94 0.39
2 3 0.81 0.08
2 4 0.82 0.93
2 10 0.03 0.11
2 14 0.59 0.51
3 5 0.56 0.44
3 6 0.63 0.06
3 7 0.32 0.94
3 10 0.62 0.94
3 11 0.89 0.29
3 13 0.72 0.77
4 5 0.9 0.71
4 10 0.95 0.87
4 15 0.1 0.85
5 6 0.93 0.06
5 12 0.04 0.68
6 7 0.44 0.53
6 8 0.33 0.92
6 11 0.29 0.3
7 8 0.98 0.02
7 9 0.29 0.46
7 12 0.4 0.91
7 13 0.1 0.54
7 14 0.88 0.87
8 15 0.05 0.45
11 15 0.31 0.59
