0 1 0.48 0.98
0 2 0.66 0.6
0 3 0.41 0.6
0 4 0.42 0.92
0 5 0.04 0.97
0 7 0.86 0.35
0 8 0.8 0.92
0 10 0.88 0.67
0 12 0.45 0.93
0 14 0.04 0.87
1 2 0.12 0.44
1 3 0.85 0.5
1 4 0.74 0.85
1 5 0.52 0.62
1 6 0.27 0.16
1 10 0.48 0.93
2 3 0.72 0.31
2 4 0.67 0.23
2 5 0.22 0.74
2 6 0.31 0.3
2 7 0.13 0.62
2 8 0.44 0.81
2 9 0.57 0.81
2 10 1 0.48
2 11 0.87 0.22
2 13 0.94 0.05
2 14 0.36 0.56
2 15 0.15 0.66
3 4 0.94 0.84
3 5 0.26 0.84
3 6 0.58 0.83
3 7 0.35 0.24
3 8 0.13 0.43
3 9 0.74 0.37
3 11 0.41 0.85
3 12 0.54 0.43
4 9 0.51 0.14
4 15 0.49 0.23
5 6 0.45 0.16
5 11 0.16 0.71
5 13 0.49 0.6
6 7 0.67 0.55
6 8 0.21 0.53
6 9 0.53 0.93
6 14 0.73 0.64
7 12 0.13 0.66
8 10 0.61 0.87
8 13 1 0.26
9 11 0.07 0.05
9 13 0.84 0.69
9 15 0.13 0.17
10 14 0.87 0.23
10 15 0.39 0.24
11 12 0.7 0.92
