0 1 0.35 0.56
0 2 0.92 0.68
0 3 0.36 0.55
0 4 0.11 0.72
0 5 0.66 0.7
0 9 0.91 0.23
0 13 0.99 0.16
1 2 0.97 0.41
1 3 0.6 0.37
1 5 0.02 0.76
1 6 0.08 1
1 8 0.25 0.45
1 9 0.48 0.97
1 10 0.53 0.93
2 3 0.67 0.84
2 4 0.02 0.8
2 7 0.71 0.44
2 8 0.62 0.41
2 9 0.41 0.61
2 11 0.66 0.98
2 15 0.66 0.71
3 4 0.88 0.45
3 5 0.15 0.96
3 6 0.97 0.45
3 14 0.73 0.31
4 10 0.11 0.62
4 11 0.87 0.36
4 12 0.08 0.55
5 6 0.03 0.55
5 7 0.15 1
5 8 0.24 0.03
6 7 0.72 0.5
6 10 0.04 0.62
6 14 0.57 0.63
7 11 0.51 0.65
7 14 0.61 0.33
8 12 0.56 0.55
9 12 0.17 0.81
9 15 0.83 0.79
10 13 0.42 0.65
12 13 0.2 0.56
14 15 0.52 0.62
