0 1 0.49 0.6
0 2 0.29 0.96
0 3 0.06 0.25
0 4 0.96 0.44
0 5 0.71 0.89
0 6 0.84 0.54
0 8 0.77 0.04
0 9 0.49 0.31
0 10 0.45 0.99
1 2 0.39 0.66
1 3 0.64 0.53
1 4 0.5 0.49
1 7 0.39 0.79
1 8 0.39 0.67
1 9 0.45 0.39
1 10 0.09 0.4
1 11 0.67 0.98
1 13 0.9 0.6
2 3 0.87 0.14
2 4 0.16 0.52
2 5 0.3 0.95
2 6 0.52 0.99
2 7 0.49 0.53
2 11 0.97 0.81
3 4 0.02 0.85
3 5 0.6 0.43
3 6 0.01 0.03
4 5 0.56 0.83
4 7 0.02 0.52
4 8 0.69 0.42
4 9 0.74 0.21
4 11 0.12 0.88
4 12 0.77 0.2
4 14 0.76 0.18
5 6 0.88 0.11
5 7 0.91 0.68
5 10 0.78 1
5 15 0.85 0.14
6 11 0.67 0.64
6 12 0.85 0.25
6 15 0.83 0.86
7 8 0.16 0.79
7 12 0.2 0.59
7 13 0.09 0.2
7 14 0.26 0.42
7 15 0.37 0.67
8 9 0.35 0.42
8 10 0.01 0.24
9 12 0.19 0.58
9 13 0.81 0.56
10 15 0.03 0.93
11 13 0.65 0.11
12 14 0.44 0.92
13 14 0.67 0.18
