0 1 0.99 0.05
0 2 0.67 0.91
0 3 0.16 0.22
0 4 0.88 0.89
0 9 0.68 0.25
0 14 0.08 0.31
1 2 0.59 0.4
1 3 0.97 0.15
1 4 0.67 0.51
1 5 0.49 0.46
1 6 0.45 1
1 7 0.69 0.94
1 8 0.98 0.87
1 11 0.36 0.21
1 13 0.37 0.37
1 14 0.06 0.45
2 3 0.62 0.8
2 6 0.73 0.01
2 8 1 0.93
2 12 0.81 0.11
3 4 0.54 0.77
3 5 0.37 0.9
3 6 0.3 0.28
3 9 0.03 0.59
3 10 0.41 0.52
3 12 0.6 0.19
4 5 0.7 0.09
4 8 0.56 0.1
4 9 0.06 0.18
4 10 1 0.03
4 13 0.67 0.47
4 14 0.83 0.51
5 7 0.14 0.34
5 15 0.19 0.09
6 7 1 0.83
6 10 0.17 0.43
6 11 0.39 0.08
6 12 0.19 0.56
6 15 0.99 0.85
7 15 0.93 0.4
9 13 0.51 0.39
10 11 0.56 0.79
