0 1 0.57 0.28
0 2 0.34 0.62
0 3 0.71 0.36
0 4 0.67 0.88
0 6 0.03 0.83
0 8 0.06 0.65
0 10 0.24 0.14
0 11 0.73 0.34
0 12 0.23 0.09
0 14 0.14 0.75
0 15 0.78 0.5
1 2 0.19 0.97
1 3 0.35 0.78
1 4 0.03 0.46
1 5 0.38 0.1
1 6 0.94 0.17
1 9 0.49 0.68
1 14 0.02 0.79
2 3 0.83 0.84
2 4 0.95 0.51
2 5 0.32 0.5
2 6 0.56 0.4
2 7 0.9 1
2 8 0.14 0.42
2 10 0.91 0.58
2 14 0.1 0.34
3 4 0.23 0.59
3 5 0.96 0.06
3 6 0.42 0.31
3 7 0.65 0.55
3 8 0.99 0.3
3 9 0.78 0.03
3 10 0.1 0.8
4 5 0.66 0.68
4 7 0.44 0.66
4 10 0.62 0.32
4 12 0.54 0.5
4 13 0.18 0.5
5 11 0.2 0.62
5 13 0.05 0.97
6 7 0.79 0.03
6 8 0.17 0.55
6 9 0.88 0.96
7 9 0.98 0.21
7 13 0.65 0.02
7 14 0.6 0.75
7 15 0.55 0.2
8 11 0.76 0.92
8 12 0.66 0.4
8 13 0.16 0.16
9 11 0.68 0.37
10 12 0.25 0.9
11 15 0.74 0.8
13 15 0.33 0.09
