0 1 0.52 0.44
0 2 0.88 0.58
0 3 0.91 0.32
0 4 0.87 0.39
0 5 0.34 0.61
0 9 0.2 0.5
0 13 0.86 0.63
1 2 0.46 0.73
1 3 0.7 0.18
1 5 0.19 0.35
1 6 0.9 0.7
1 8 0.57 0.7
1 9 0.71 0.31
1 10 0.41 1
2 3 0.55 0.88
2 4 0.48 0.43
2 7 0.52 0.96
2 8 0.36 0.23
2 9 0.05 0.2
2 11 0.42 0.56
2 15 0.96 0.52
3 4 0.72 0.35
3 5 0.77 0.51
3 6 0.43 0.96
3 14 0.5 0.14
4 10 0.05 0.46
4 11 0.3 0.89
4 12 0.45 0.39
5 6 0.95 0.87
5 7 0.32 0.21
5 8 0.66 0.81
6 7 0.93 0.77
6 10 0.89 0.5
6 14 0.04 0.62
7 11 0.64 0.28
7 14 0.95 0.81
8 12 0.87 0.89
9 12 0.87 0.7
9 15 0.78 0.16
10 13 0.78 0.26
12 13 0.13 0.75
14 15 0.17 0.09
