0 1 0.38 0.67
0 2 0.06 0.38
0 3 0.35 0.99
0 4 0.71 0.43
0 5 0.85 0.55
0 6 0.62 0.42
0 7 0.8 0.77
0 8 0.25 0.04
0 9 0.57 0.69
0 11 0.95 0.89
0 13 0.59 0.58
0 15 0.75 0.31
1 2 0.15 0.76
1 3 0.14 0.3
1 4 0.41 0.14
1 5 0.46 0.72
1 6 0.65 0.01
1 10 0.13 0.93
1 14 0.84 0.13
1 15 0.04 0.36
2 3 0.94 0.29
2 4 0.46 0.81
2 5 0.84 0.28
2 7 0.51 0.78
2 8 0.91 0.84
2 9 0.65 0.24
2 11 1 0.07
2 12 0.45 0.62
2 15 0.05 0.04
3 4 0.71 0.25
3 5 0.86 0.36
3 6 0.65 0.15
3 9 0.22 0.7
3 13 0.87 0.32
4 5 0.44 0.09
4 6 0.71 0.59
4 7 0.91 0.82
4 8 0.52 0.62
4 9 0.35 0.15
4 10 0.66 0.86
4 11 0.29 0.27
4 12 0.35 0.11
4 15 0.44 0.2
5 6 0.01 0.94
5 7 0.95 0.57
5 8 0.3 0.28
5 12 0.7 0.76
5 14 0.75 0.58
6 7 0.44 0.26
6 10 0.66 0.04
6 11 0.9 0.63
6 12 0.27 0.35
6 13 0.61 0.96
7 8 0.9 0.4
7 9 0.43 0.33
7 10 0.54 0.41
7 11 0.19 0.12
7 14 0.08 0.37
8 10 0.76 0.8
10 14 0.75 0.96
10 15 0.1 0.81
11 12 0.5 0.39
11 13 0.2 0.78
11 14 0.2 0.83
12 13 0.35 0.77
