0 1 0.52 0.36
0 2 0.32 0.98
0 3 0.43 0.51
0 4 0.58 0.23
0 10 0.34 0.95
0 11 0.82 0.5
0 12 0.55 0.58
0 13 0.96 0.83
0 14 0.98 0.95
0 15 0.95 0.11
1 2 0.92 0.23
1 3 0.91 0.64
1 5 0.28 0.67
1 6 0.92 0.92
1 8 0.42 0.89
1 9 0.48 0.36
1 11 0.13 0.74
1 13 0.08 0.96
2 3 0.77 0.3
2 4 0.1 0.4
2 7 0.14 0.21
2 8 0.05 0.57
2 15 0.53 0.49
3 4 0.95 0.08
3 5 0.65 0.47
3 6 0.01 0.68
3 7 0.39 0.83
3 10 0.96 0.25
3 12 0.86 0.71
3 14 0.59 0.54
3 15 0.82 0.29
4 5 0.37 0.76
4 6 0.08 0.95
4 7 0.85 0.11
4 11 0.36 0.13
4 13 0.31 0.33
6 9 0.94 0.47
6 12 0.99 0.55
6 14 0.34 0.37
7 8 0.03 0.38
7 9 0.43 0.37
7 10 0.27 0.65
