0 1 0.62 0.81
0 2 0.77 0.65
0 3 0.54 0.14
0 4 0.97 0.78
0 7 1 0.43
1 2 0.43 0.61
1 3 0.57 0.72
1 4 0.39 0.36
1 5 0.82 0.89
1 6 0.29 0.23
1 10 0.1 0.73
1 12 0.73 0.6
2 3 0.22 0.43
2 4 0.57 0.2
2 7 0.19 0.8
2 9 0.43 0.1
2 10 0.27 0.27
2 11 0.82 0.43
2 12 0.19 0.27
3 5 0.02 0.86
3 6 0.68 0.07
3 8 0.92 0.46
3 11 0.11 0.46
3 12 0.74 0.28
3 15 0.66 0.07
4 5 0.92 0.53
4 6 0.21 0.97
4 8 0.57 0.8
4 11 0.79 0.24
4 14 0.15 0.86
5 14 0.68 0.25
6 7 0.45 0.53
6 8 0.25 0.9
6 9 0.23 0.47
6 10 0.1 0.95
6 13 0.62 0.84
6 15 0.66 0.69
7 9 0.09 0.8
7 14 0.44 0.11
11 13 0.79 0.19
12 13 0.98 0.36
12 15 0.2 0.72
