0 1 0.09 0.76
0 2 0.64 0.05
0 3 0.43 0.68
0 4 0.44 0.72
0 5 0.15 0.53
0 6 0.68 0.1
0 7 0.15 0.37
0 8 0.75 0.03
0 10 0.18 0.94
0 12 0.37 1
0 13 0.63 0.5
0 15 0.01 0.48
1 2 0.79 0.19
1 3 0.03 0.93
1 4 0.17 0.48
1 5 0.18 0.72
1 7 0.64 0.2
1 11 0.91 0.86
1 12 0.62 0.7
1 13 0.04 0.6
1 14 0.75 0.73
2 3 0.72 0.62
2 4 0.66 0.75
2 5 0.31 0.71
2 6 0.07 0.14
2 9 0.59 0.09
2 11 0.81 0.66
2 12 0.13 0.85
3 4 0.06 0.06
3 5 0.17 0.33
3 6 0.3 0.66
3 8 0.47 0.3
3 9 0.91 0.88
3 11 0.08 0.39
3 13 0.56 0.52
3 14 0.21 0.69
4 6 0.58 0.5
4 7 0.45 0.01
4 8 0.95 0.1
4 9 0.61 0.37
4 10 0.6 0.85
6 7 0.78 0.15
6 10 0.18 0.59
6 14 0.83 0.14
6 15 0.31 0.6
7 8 0.1 0.21
7 11 0.81 0.7
7 15 0.53 0.85
8 9 0.23 0.89
8 10 0.86 0.72
8 12 0.53 0.81
8 15 0.63 0.17
12 13 0.21 0.75
12 14 0.55 0.95
