0 1 0.86 0.05
0 2 0.6 0.41
0 3 0.36 0.53
0 4 0.35 0.67
0 9 0.86 0.83
0 14 0.62 0.92
1 2 0.88 0.43
1 3 0.07 0.86
1 4 0.63 0.39
1 5 0.35 0.98
1 6 0.85 0.98
1 7 0.87 0.96
1 8 0.78 0.56
1 11 0.81 0.08
1 13 0.53 0.4
1 14 0.7 0.29
2 3 0.12 0.01
2 6 0.06 0.87
2 8 0.14 0.15
2 12 0.14 0.21
3 4 0.68 0.91
3 5 0.45 0.12
3 6 0.37 0.7
3 9 0.79 0.9
3 10 0.44 0.88
3 12 0.06 0.06
4 5 0.87 0.32
4 8 0.97 0.69
4 9 0.94 0.26
4 10 0.65 0.54
4 13 0.39 0.93
4 14 0.25 0.11
5 7 0.78 0.66
5 15 0.68 0.23
6 7 0.34 0.49
6 10 0.4 0.5
6 11 0.77 0.65
6 12 0.69 0.55
6 15 0.87 0.59
7 15 0.23 0.24
9 13 0.45 0.75
10 11 0.48 0.81
