0 1 0.93 0.6
0 2 0.14 0.46
0 3 0.16 0.65
0 4 0.59 0.86
0 5 0.34 0.24
0 6 0.35 0.7
0 7 0.98 0.46
0 8 0.69 0.79
0 11 0.11 0.87
1 2 0.18 0.64
1 3 0.99 0.13
1 4 0.96 0.07
1 5 0.45 0.51
1 6 0.21 0.13
1 7 0.68 0.62
1 8 0.19 0.74
1 10 0.81 0.81
1 11 0.02 0.14
1 13 0.56 0.36
1 14 0.02 0.09
1 15 0.71 0.42
2 3 0.07 0.38
2 4 0.36 0.55
2 5 0.59 0.27
2 6 0.41 0.6
2 7 0.04 0.7
2 9 0.47 0.24
2 13 0.36 0.62
3 4 0.37 0.08
3 5 0.86 0.67
3 8 0.98 0.23
3 9 0.92 0.22
3 10 0.23 0.39
3 11 0.93 0.23
3 12 0.72 0.34
3 13 0.91 0.31
3 14 0.73 0.73
4 5 0.07 0.09
4 6 0.04 0.01
4 7 0.97 0.11
4 8 0.57 0.9
4 10 0.36 0.77
4 14 0.49 0.79
5 6 0.36 0.95
5 9 0.72 0.41
5 10 0.92 0.97
5 12 0.56 0.36
5 13 0.11 1
6 7 0.43 0.39
7 8 0.75 0.74
7 9 0.48 0.91
7 12 0.58 0.39
7 15 0.52 0.84
8 9 0.97 0.51
8 10 0.9 0.66
8 11 0.17 0.34
8 12 0.39 0.38
8 13 0.45 0.86
8 15 0.06 0.93
9 12 0.27 0.17
10 11 0.48 0.06
10 14 0.84 0.11
10 15 0.58 0.96
11 14 0.29 0.57
12 15 0.49 0.2
