0 1 0.64 0.08
0 2 0.13 0.05
0 3 0.17 0.83
0 4 0.65 0.15
0 5 0.12 0.22
0 6 0.74 0.67
0 7 0.65 0.94
0 8 0.84 0.35
0 9 0.57 0.61
0 11 0.74 0.84
0 12 0.41 0.89
0 13 0.95 0.58
0 14 0.62 0.99
0 15 0.53 0.33
1 2 0.11 0.91
1 3 0.94 0.72
1 4 0.53 0.71
1 5 0.76 0.96
1 6 0.05 0.93
1 7 0.37 0.19
1 8 1 0.62
1 10 0.37 0.74
1 12 0.05 0.21
1 13 0.2 0.54
2 3 0.92 0.66
2 4 0.24 0.49
2 5 1 0.9
2 6 0.59 0.12
2 8 0.41 0.74
2 9 0.66 0.55
2 15 0.01 0.07
3 4 0.73 0.44
3 7 0.54 0.78
3 10 0.05 0.73
3 13 0.39 0.54
3 15 0.46 0.9
4 5 0.25 0.59
4 6 0.2 0.42
4 8 0.65 0.61
5 7 0.42 0.65
5 9 0.08 0.74
5 10 0.13 0.94
5 11 0.73 0.01
5 14 0.99 0.64
6 11 0.73 0.48
6 15 0.78 0.66
7 14 0.77 0.42
8 9 0.67 0.72
8 10 0.36 0.38
8 12 0.11 0.05
9 11 0.86 0.2
10 12 0.39 0.48
10 13 0.47 1
10 14 0.67 0.7
