0 1 0.94 0.9
0 2 0.52 0.41
0 3 0.65 0.03
0 4 0.3 0.68
0 5 0.65 0.73
0 6 0.54 0.66
0 7 0.07 0.73
0 8 0.89 0.7
0 10 0.42 0.83
0 12 0.6 0.35
0 14 0.75 0.92
1 2 0.42 0.5
1 3 0.4 0.08
1 4 0.07 0.12
1 10 0.53 0.87
1 11 0.64 0.11
2 3 0.29 0.89
2 4 0.27 0.77
2 5 0.39 0.8
2 6 0.25 0.18
2 7 0.93 0.63
2 8 0.61 0.12
2 10 0.48 0.99
2 11 0.25 0.88
2 13 0.58 0.95
2 14 0.88 0.8
3 4 0.84 0.55
3 5 0.48 0.47
3 6 0.55 0.21
3 7 0.41 0.1
3 9 0.3 0.64
3 13 0.68 0.61
3 15 0.27 0.96
4 5 0.26 0.28
4 6 0.45 0.09
4 8 0.83 0.27
4 9 0.37 0.58
4 10 0.27 0.98
4 14 0.47 0.44
5 7 0.42 0.22
6 9 0.12 0.96
6 11 0.15 0.59
7 8 0.12 0.13
7 9 0.05 0.21
8 11 0.33 0.85
8 12 0.58 0.19
8 13 0.15 0.49
8 15 0.15 0.48
9 12 0.58 0.94
9 15 0.06 0.42
10 13 1 0.7
11 12 0.82 0.88
12 15 0.22 0.56
13 14 0.43 0.26
