0 1 0.91 0.81
0 2 0.99 0.27
0 3 0.88 0.49
0 4 0.89 0.54
0 5 0.36 0.93
0 6 0.31 0.12
0 8 0.62 0.55
0 9 0.46 0.48
0 10 0.22 0.73
1 2 0.19 0.87
1 3 0.35 0.68
1 4 0.09 0.81
1 7 0.85 0.87
1 8 0.72 0.57
1 9 0.13 0.07
1 10 0.51 0.33
1 11 0.71 0.1
1 13 0.23 0.56
2 3 0.89 0.56
2 4 0.27 0.93
2 5 0.84 0.75
2 6 0.57 0.58
2 7 0.3 0.16
2 11 0.66 0.35
3 4 0.16 0.94
3 5 0.2 0.03
3 6 0.61 0.33
4 5 0.08 0.03
4 7 0.6 0.94
4 8 0.26 0.55
4 9 0.07 0.22
4 11 0.62 0.9
4 12 0.61 0.26
4 14 0.04 0.46
5 6 0.11 0.46
5 7 0.22 0.75
5 10 1 0.03
5 15 0.53 0.38
6 11 0.81 0.48
6 12 0.15 0.57
6 15 0.27 0.92
7 8 0.3 0.25
7 12 0.8 0.21
7 13 0.07 0.08
7 14 0.82 0.68
7 15 0.7 0.29
8 9 0.4 0.62
8 10 0.7 0.96
9 12 0.62 0.95
9 13 0.7 0.07
10 15 0.18 0.83
11 13 0.35 0.72
12 14 0.24 0.92
13 14 0.87 0.15
