0 1 0.83 0.73
0 2 0.92 0.38
0 3 0.14 0.12
0 4 0.18 0.66
0 5 0.62 0.62
0 6 0.52 0.08
0 7 0.35 0.51
0 8 0.63 0.5
0 9 0.51 0.92
0 11 0.68 0.38
0 13 1 0.02
0 14 0.43 0.26
0 15 0.56 0.02
1 2 0.72 0.12
1 3 0.38 0.45
1 4 0.08 0.36
1 5 0.74 1
1 11 0.12 0.07
1 12 0.34 0.66
1 14 0.21 0.55
1 15 0.75 0.69
2 3 0.71 0.61
2 4 0.24 0.36
2 6 0.56 0.09
2 7 0.65 0.44
2 13 0.38 0.24
2 14 0.59 0.63
3 4 0.39 0.57
3 5 0.75 0.68
3 6 0.18 0.95
3 8 0.14 0.86
3 9 0.21 0.85
3 15 0.31 0.58
4 5 0.82 0.82
4 6 0.59 0.33
4 7 0.58 0.11
4 10 0.57 0.41
4 12 0.29 0.69
5 7 0.62 0.14
5 8 0.84 0.51
5 9 0.02 0.36
5 10 0.78 0.8
5 11 0.73 0.38
5 12 0.67 0.09
5 13 0.73 0.75
6 9 0.81 0.52
6 10 0.51 0.46
6 11 0.2 0.07
6 13 0.34 0.66
6 14 0.35 0.2
7 8 0.64 0.25
7 12 0.77 0.56
8 10 0.57 0.48
13 15 0.27 0.1
