0 1 0.49 0.62
0 2 0.27 0.59
0 3 0.58 0.51
0 4 0.29 0.85
0 6 0.29 0.25
0 8 0.06 0.77
0 10 0.09 0.1
0 11 0.49 0.73
0 12 0.07 0.09
0 14 0.95 0.78
0 15 0.14 0.06
1 2 0.48 0.52
1 3 0.86 0.81
1 4 0.59 0.51
1 5 0.66 0.44
1 6 0.06 0.44
1 9 0.74 0.55
1 14 0.6 0.3
2 3 0.38 0.99
2 4 0.77 0.71
2 5 1 0.39
2 6 0.29 0.32
2 7 0.46 0.8
2 8 0.96 0.74
2 10 0.53 0.51
2 14 0.35 0.81
3 4 0.42 0.11
3 5 0.6 1
3 6 0.3 0.18
3 7 0.1 0.29
3 8 0.19 0.44
3 9 0.82 0.8
3 10 0.69 0.02
4 5 0.98 0.69
4 7 0.99 0.16
4 10 0.08 0.59
4 12 0.67 0.98
4 13 0.97 0.85
5 11 0.11 0.2
5 13 0.53 0.83
6 7 0.84 0.92
6 8 0.86 0.42
6 9 0.06 0.97
7 9 0.89 0.35
7 13 0.53 0.55
7 14 0.79 0.02
7 15 0.84 0.04
8 11 0.55 0.86
8 12 0.11 0.58
8 13 0.72 0.04
9 11 0.81 0.1
10 12 0.68 0.12
11 15 0.95 0.13
13 15 0.02 0.24
