0 1 0.29 0.32
0 2 0.92 0.96
0 3 0.21 0.21
0 4 0.11 0.51
0 5 0.29 0.1
0 9 0.9 0.7
0 13 0.28 0.73
1 2 0.62 0.74
1 3 0.88 0.86
1 5 0.09 0.16
1 6 0.63 0.78
1 8 0.53 0.39
1 9 0.34 0.7
1 10 0.86 0.85
2 3 0.24 0.62
2 4 0.78 0.01
2 7 0.93 0.49
2 8 0.2 0.59
2 9 0.86 0.15
2 11 0.52 0.64
2 15 0.32 0.58
3 4 0.56 0.38
3 5 0.54 0.81
3 6 0.21 0.55
3 14 0.89 0.27
4 10 0.52 0.14
4 11 0.37 0.12
4 12 0.24 0.13
5 6 0.78 0.84
5 7 0.77 0.38
5 8 0.17 0.73
6 7 0.98 0.44
6 10 0.44 0.56
6 14 0.3 0.87
7 11 0.21 0.28
7 14 0.77 0.38
8 12 0.55 0.59
9 12 0.64 0.21
9 15 0.52 0.05
10 13 0.78 0.76
12 13 0.15 0.85
14 15 0.73 0.52
