0 1 0.65 0.25
0 2 0.97 0.22
0 3 0.64 0.26
0 4 0.49 0.02
0 10 0.62 0.67
0 11 0.68 0.1
0 12 0.36 0.77
0 13 0.3 0.84
0 14 0.75 0.99
0 15 0.41 0.59
1 2 0.44 0.89
1 3 0.68 0.34
1 5 0.86 0.2
1 6 0.94 0.08
1 8 0.27 0.61
1 9 0.98 0.25
1 11 0.23 0.35
1 13 0.69 0.65
2 3 0.69 0.4
2 4 0.85 0.97
2 7 0.26 0.79
2 8 0.21 0.34
2 15 1 0.68
3 4 0.42 0.85
3 5 0.15 0.94
3 6 0.25 0.2
3 7 0.47 0.03
3 10 0.08 0.72
3 12 0.77 0.28
3 14 0.32 0.53
3 15 0.74 0.96
4 5 0.94 0.76
4 6 0.49 0.74
4 7 0.41 0.09
4 11 0.54 0.21
4 13 0.34 0.8
6 9 0.15 0.67
6 12 0.34 0.57
6 14 0.94 0.38
7 8 0.37 0.6
7 9 0.16 0.51
7 10 0.6 0.15
