0 1 0.39 0.4
0 2 0.22 0.61
0 3 0.25 0.02
0 4 0.97 0.23
0 5 0.46 0.21
0 6 0.67 0.54
0 7 0.32 0.29
0 8 0.33 0.78
0 9 0.89 0.15
0 11 0.61 0.13
0 13 0.65 0.6
0 15 0.62 0.68
1 2 0.21 0.61
1 3 0.24 0.44
1 4 0.57 0.71
1 5 0.74 0.24
1 6 0.99 0.16
1 10 0.42 0.68
1 14 0.69 0.52
1 15 0.42 0.05
2 3 0.68 0.57
2 4 0.28 0.74
2 5 0.29 0.16
2 7 0.67 0.32
2 8 0.45 0.79
2 9 0.99 0.08
2 11 0.38 0.75
2 12 0.33 0.37
2 15 0.35 0.41
3 4 0.49 0.65
3 5 0.34 0.17
3 6 0.95 0.01
3 9 0.06 0.9
3 13 0.27 0.75
4 5 0.15 0.51
4 6 0.32 0.92
4 7 0.03 0.15
4 8 0.38 0.63
4 9 0.32 0.33
4 10 0.39 0.13
4 11 0.62 0.03
4 12 0.17 0.88
4 15 0.08 0.32
5 6 0.94 0.61
5 7 0.23 0.97
5 8 1 0.07
5 12 0.23 0.59
5 14 0.71 0.32
6 7 0.16 0.4
6 10 0.36 0.43
6 11 0.08 0.02
6 12 0.44 0.48
6 13 0.18 0.38
7 8 0.45 0.93
7 9 0.05 0.68
7 10 0.19 0.36
7 11 0.62 0.94
7 14 0.2 0.07
8 10 0.47 0.46
10 14 0.23 0.2
10 15 0.98 0.31
11 12 0.38 0.69
11 13 1 0.35
11 14 0.36 0.87
12 13 0.29 0.97
