0 1 0.71 0.54
0 2 0.4 0.09
0 3 0.32 0.99
0 4 0.62 0.93
0 5 0.74 0.95
0 6 0.97 0.35
0 7 0.62 0.76
0 8 0.67 0.38
0 9 0.8 0.46
0 11 0.77 0.87
0 12 0.98 0.45
0 13 0.48 0.42
0 14 0.58 0.25
0 15 0.06 0.19
1 2 0.39 0.55
1 3 0.87 0.48
1 4 0.47 0.16
1 5 0.14 0.84
1 6 0.35 0.69
1 7 0.99 0.03
1 8 0.96 0.14
1 10 0.55 0.36
1 12 0.31 0.99
1 13 0.25 0.46
2 3 0.52 0.04
2 4 0.01 0.2
2 5 0.06 0.21
2 6 0.13 0.27
2 8 0.47 0.45
2 9 0.28 0.64
2 15 0.55 0.26
3 4 0.05 0.91
3 7 0.2 0.97
3 10 0.1 0.99
3 13 0.88 0.9
3 15 0.06 0.4
4 5 0.13 0.53
4 6 0.74 0.95
4 8 0.03 0.24
5 7 0.74 0.91
5 9 0.05 0.93
5 10 0.11 0.4
5 11 0.89 0.37
5 14 0.18 0.03
6 11 0.12 0.92
6 15 0.2 0.53
7 14 0.89 0.31
8 9 0.76 0.03
8 10 0.17 0.19
8 12 0.41 0.35
9 11 0.41 0.09
10 12 0.16 0.81
10 13 0.81 0.45
10 14 0.61 0.37
