0 1 0.57 0.27
0 2 0.22 0.49
0 3 0.91 0.57
0 4 0.66 0.31
0 5 0.13 0.06
0 6 0.81 0.69
0 7 0.2 0.43
0 8 0.84 0.19
0 9 0.85 0.81
0 11 0.85 0.72
0 12 0.65 0.07
0 13 0.02 0.72
0 14 0.74 0.69
0 15 0.3 0.81
1 2 0.36 0.62
1 3 0.15 0.58
1 4 0.74 0.58
1 5 0.27 0.71
1 6 0.18 0.29
1 7 0.99 0.71
1 8 0.69 0.61
1 10 1 0.16
1 12 0.99 0.92
1 13 0.4 0.4
2 3 0.81 0.43
2 4 0.22 0.39
2 5 0.58 0.28
2 6 0.54 0.45
2 8 0.15 0.26
2 9 0.56 0.85
2 15 0.06 0.82
3 4 0.97 0.86
3 7 0.71 0.77
3 10 0.75 0.39
3 13 0.77 0.72
3 15 0.38 0.49
4 5 0.88 0.02
4 6 0.25 0.24
4 8 0.3 0.39
5 7 0.94 0.35
5 9 0.42 0.13
5 10 0.05 0.95
5 11 0.53 0.63
5 14 0.25 0.13
6 11 1 0.45
6 15 0.2 0.54
7 14 0.03 0.95
8 9 0.16 0.97
8 10 0.25 0.74
8 12 0.61 0.3
9 11 0.17 0.94
10 12 0.33 0.51
10 13 0.86 0.88
10 14 0.65 0.69
