0 1 0.22 0.25
0 2 0.45 0.23
0 3 0.47 0.63
0 4 0.99 0.58
0 9 0.56 0.63
0 14 0.53 0.99
1 2 0.15 0.24
1 3 0.33 0.58
1 4 0.15 0.82
1 5 0.71 0.68
1 6 0.31 0.88
1 7 0.18 0.7
1 8 0.83 0.42
1 11 0.83 0.38
1 13 0.92 0.4
1 14 0.57 0.39
2 3 0.98 0.4
2 6 0.3 0.74
2 8 0.15 0.74
2 12 0.18 0.47
3 4 0.17 0.35
3 5 0.94 0.81
3 6 0.68 0.55
3 9 0.75 0.03
3 10 0.68 0.52
3 12 0.17 0.92
4 5 0.81 0.23
4 8 0.96 0.71
4 9 1 0.7
4 10 0.32 0.84
4 13 0.62 0.04
4 14 0.1 0.42
5 7 0.46 0.36
5 15 0.3 0.39
6 7 0.82 0.96
6 10 0.89 0.37
6 11 0.61 0.74
6 12 0.06 0.93
6 15 0.02 0.64
7 15 0.94 0.64
9 13 0.54 0.62
10 11 0.93 0.71
