0 1 0.86 0.14
0 2 0.21 0.9
0 3 0.76 0.9
0 4 0.18 0.76
0 5 0.95 1
0 8 0.02 0.72
0 9 0.08 0.1
0 10 0.23 0.52
0 12 0.6 0.93
0 13 0.27 0.05
0 15 0.68 0.34
1 2 0.56 0.91
1 3 0.48 0.98
1 4 0.17 0.63
1 5 0.65 0.09
1 6 0.26 0.02
1 7 0.49 0.98
1 10 0.58 0.85
1 12 0.34 0.46
2 3 0.95 0.62
2 4 0.43 0.7
2 5 0.27 0.96
2 6 0.84 0.97
2 7 0.67 0.56
2 8 0.73 0.22
2 13 0.6 1
2 14 0.45 0.31
3 4 0.45 0.15
3 11 0.94 0.51
3 13 0.34 0.28
3 14 0.41 0.71
3 15 0.79 0.27
4 5 0.07 0.93
4 6 0.02 0.67
4 7 0.85 0.92
4 9 0.52 0.68
4 11 0.38 0.19
5 6 0.17 0.19
5 7 0.32 0.73
5 9 0.77 0.1
6 8 0.7 0.36
6 10 0.05 0.02
6 13 0.62 0.63
7 8 0.17 0.36
7 9 0.44 0.68
7 10 0.25 0.43
7 14 0.68 0.13
8 11 0.96 0.05
8 12 0.95 0.15
9 11 0.39 0.11
10 15 0.49 0.99
11 12 0.11 0.54
11 15 0.97 0.47
13 14 0.83 0.79
