0 1 0.09 0.48
0 2 0.49 0.48
0 3 0.46 0.08
0 4 0.97 0.61
0 5 0.68 0.86
0 6 0.37 0.05
0 7 0.19 0.83
0 9 0.61 0.02
0 10 0.61 0.26
0 11 0.79 0.73
0 12 0.14 0.36
0 13 0.59 0.99
1 2 0.06 0.51
1 3 1 0.05
1 4 0.36 0.81
1 6 0.33 0.36
1 7 0.71 0.57
1 8 0.12 0.83
1 12 0.72 0.35
1 13 0.03 0.27
2 3 0.71 0.33
2 4 0.01 0.78
2 5 0.97 0.51
2 6 0.82 0.51
2 7 0.37 0.35
2 8 0.09 0.58
2 9 0.25 0.22
2 10 0.45 0.34
2 13 0.6 0.94
2 14 0.62 0.82
3 4 0.27 0.34
3 5 0.01 1
3 10 0.91 0.4
3 11 0.25 0.67
3 12 0.88 1
3 14 0.13 0.35
3 15 0.15 0.43
4 5 0.68 0.48
4 6 0.83 0.87
4 7 0.03 0.22
4 9 0.23 0.12
4 12 0.28 0.75
4 14 0.47 0.34
4 15 0.82 0.27
5 8 0.81 0.65
5 9 0.18 0.71
5 13 0.83 0.16
6 8 0.18 0.45
6 15 0.77 0.61
7 11 0.61 0.71
7 14 0.48 0.24
9 10 0.02 0.05
9 15 0.24 0.84
10 11 0.69 0.73
