0 1 0.24 0.95
0 2 0.82 0.98
0 3 0.76 0.38
0 4 0.67 0.35
0 9 0.96 0.54
0 14 0.24 0.22
1 2 0.68 0.11
1 3 0.03 0.2
1 4 0.59 0.56
1 5 0.27 0.16
1 6 0.56 0.38
1 7 0.91 0.89
1 8 0.99 0.02
1 11 0.84 0.76
1 13 0.06 0.83
1 14 0.56 0.02
2 3 0.72 0.25
2 6 0.43 0.89
2 8 0.63 0.13
2 12 0.7 0.97
3 4 0.94 0.14
3 5 0.61 0.69
3 6 0.66 0.42
3 9 0.99 0.49
3 10 0.94 0.37
3 12 0.04 0.35
4 5 0.46 0.53
4 8 0.64 0.72
4 9 0.48 0.18
4 10 0.4 0.02
4 13 0.88 0.16
4 14 0.49 1
5 7 0.22 0.97
5 15 0.09 0.91
6 7 0.74 0.9
6 10 0.91 0.58
6 11 0.57 0.14
6 12 0.75 0.89
6 15 0.95 0.31
7 15 0.67 0.16
9 13 0.98 0.1
10 11 0.66 0.86
