0 1 0.27 0.85
0 2 0.09 0.48
0 3 0.36 0.01
0 4 0.12 0.73
0 6 0.19 0.8
0 9 0.96 0.6
0 10 0.54 0.36
0 11 0.91 0.67
0 13 0.02 0.51
1 2 0.56 0.72
1 3 0.95 0.04
1 4 0.91 0.23
1 5 0.98 0.05
1 12 0.13 0.45
2 3 0.69 0.01
2 4 0.09 0.81
2 6 0.11 0.31
2 7 0.61 0.41
2 8 0.33 0.47
2 9 0.25 0.24
2 10 0.16 0.31
2 11 0.37 0.73
2 13 0.31 0.61
3 5 0.06 0.4
3 8 0.59 0.5
3 15 0.99 0.29
4 5 0.89 0.97
5 6 0.24 0.94
5 7 0.82 0.45
5 8 0.27 0.86
5 9 0.49 0.78
5 11 0.98 0.8
5 15 0.28 0.93
6 7 0.24 0.39
6 10 0.21 0.42
6 12 0.29 0.93
6 13 0.08 0.62
8 12 0.98 0.4
8 14 0.29 0.26
11 15 0.89 0.81
12 14 0.7 0.72
13 14 0.02 0.67
