0 1 0.23 0.5
0 2 0.12 0.13
0 3 0.19 0.67
0 4 0.88 0.01
0 6 0.19 0.39
0 7 0.21 0.9
0 9 0.89 0.3
0 11 0.91 0.62
0 12 0.19 0.09
0 13 0.07 0.63
0 14 0.1 0.04
1 2 0.11 0.18
1 3 0.72 0.58
1 4 0.54 0.81
1 5 0.64 0.81
1 8 0.71 0.55
1 9 0.66 0.5
2 3 0.6 0.75
2 4 0.54 0.69
2 10 0.42 0.24
2 14 0.03 0.59
3 5 0.65 0.72
3 6 0.53 0.4
3 7 0.6 0.16
3 10 0.84 0.44
3 11 0.47 0.92
3 13 0.37 0.77
4 5 0.74 0.84
4 10 0.56 0.12
4 15 0.9 0.43
5 6 0.97 0.73
5 12 0.24 0.19
6 7 0.88 0.31
6 8 0.27 0.01
6 11 0.42 0.72
7 8 0.11 0.59
7 9 0.97 0.43
7 12 0.16 0.54
7 13 0.05 0.98
7 14 0.16 0.18
8 15 0.06 0.79
11 15 0.45 0.55
