0 1 0.77 0.74
0 2 0.32 0.73
0 3 0.16 0.04
0 4 0.24 0.91
0 7 0.1 0.06
0 11 0.5 1
0 14 0.87 0.65
1 2 0.34 0.22
1 3 0.18 0.54
1 5 0.85 0.49
1 6 0.46 0.89
1 9 0.54 0.43
2 3 0.62 0.29
2 4 0.03 0.28
2 5 0.03 0.69
2 8 0.1 0.54
2 10 0.77 0.55
2 15 0.03 0.15
3 4 0.73 0.84
3 5 0.87 0.94
3 6 0.84 0.81
3 9 0.82 0.19
3 12 0.12 0.07
3 13 0.65 0.22
3 14 0.13 0.7
4 6 0.75 0.2
4 8 0.21 0.36
4 11 0.83 0.93
5 7 0.66 0.77
5 10 0.66 0.92
6 7 0.92 0.73
6 8 0.73 0.59
6 11 0.12 0.95
6 12 0.1 0.5
6 14 0.03 0.19
7 9 0.67 0.99
7 12 0.69 0.7
7 13 0.99 0.35
7 15 0.13 0.96
8 15 0.74 0.97
9 10 0.72 0.79
12 13 0.52 0.18
