0 1 0.36 0.99
0 2 0.62 0.81
0 3 0.21 0.68
0 4 0.2 0.96
0 5 0.63 0.45
0 6 0.87 0.24
0 7 0.15 0.07
0 8 0.16 0.46
0 10 0.62 0.52
0 12 0.19 0.34
0 14 0.05 0.75
1 2 0.39 0.61
1 3 0.21 0.84
1 4 0.2 0.63
1 10 0.03 0.81
1 11 0.64 0.58
2 3 0.05 0.2
2 4 0.5 0.52
2 5 0.28 0.62
2 6 0.07 0.9
2 7 0.9 0.53
2 8 0.64 0.57
2 10 0.05 0.81
2 11 0.43 0.26
2 13 0.7 0.79
2 14 0.89 0.84
3 4 0.94 0.46
3 5 0.44 0.33
3 6 0.26 0.06
3 7 0.55 0.32
3 9 0.12 0.47
3 13 0.01 0.54
3 15 0.33 0.11
4 5 0.43 0.35
4 6 0.66 0.12
4 8 0.11 0.45
4 9 0.37 0.13
4 10 0.06 0.87
4 14 0.8 0.63
5 7 0.93 0.24
6 9 0.2 0.22
6 11 0.27 0.18
7 8 0.87 0.63
7 9 0.06 0.52
8 11 0.14 0.4
8 12 0.53 0.71
8 13 0.31 0.58
8 15 0.6 0.75
9 12 0.02 0.69
9 15 0.98 0.5
10 13 0.34 0.33
11 12 0.61 0.63
12 15 0.49 0.47
13 14 0.82 0.55
