0 1 0.47 0.78
0 2 0.9 0.64
0 3 0.22 0.56
0 4 0.2 0.02
0 7 0.82 0.62
0 11 0.42 0.51
0 14 0.84 0.65
1 2 0.55 0.76
1 3 0.35 0.5
1 5 0.32 0.39
1 6 0.5 0.89
1 9 0.36 0.16
2 3 0.54 0.38
2 4 0.76 0.38
2 5 0.2 0.96
2 8 0.55 0.97
2 10 0.81 0.76
2 15 0.85 0.55
3 4 0.22 0.41
3 5 0.02 0.18
3 6 0.42 0.81
3 9 0.14 0.09
3 12 0.63 0.86
3 13 0.63 0.88
3 14 0.17 0.6
4 6 0.44 0.58
4 8 0.4 0.78
4 11 0.41 0.71
5 7 0.22 0.1
5 10 0.81 0.9
6 7 0.3 0.41
6 8 0.4 0.54
6 11 0.3 0.04
6 12 0.66 0.21
6 14 0.96 0.63
7 9 0.4 0.24
7 12 0.54 0.75
7 13 0.55 0.91
7 15 0.34 0.76
8 15 0.05 0.46
9 10 0.59 0.86
12 13 0.69 0.4
