0 1 0.05 0.99
0 2 0.51 0.87
0 3 0.42 0.51
0 4 0.17 0.94
0 5 0.55 0.94
0 7 0.34 0.72
0 8 0.78 0.6
0 9 0.4 0.31
0 10 0.14 0.31
0 12 0.54 0.95
0 13 0.5 0.27
1 2 0.55 0.12
1 3 0.94 0.96
1 4 0.41 0.39
1 5 0.76 0.82
1 6 0.3 0.1
1 7 0.53 0.23
2 3 0.86 0.9
2 4 0.03 0.01
2 5 0.06 0.54
2 7 0.75 0.43
2 11 0.3 0.93
2 12 0.08 0.32
3 4 0.92 0.94
3 6 0.5 0.45
3 9 0.97 0.14
3 10 0.95 0.37
3 11 0.13 1
4 5 0.19 0.58
4 6 0.12 0.89
4 8 0.63 0.26
4 10 0.18 0.16
4 14 0.87 0.09
5 6 0.72 0.26
5 9 0.59 0.68
5 14 0.17 0.89
5 15 0.16 0.94
6 7 0.6 0.23
6 8 0.72 0.47
6 10 0.94 0.76
6 11 0.26 0.5
6 13 0.71 0.73
7 8 0.12 1
7 9 0.88 0.51
7 15 0.2 0.92
8 14 0.82 0.85
8 15 0.44 0.34
9 11 0.96 0.91
9 13 0.57 0.3
10 12 0.9 0.71
11 12 0.9 0.16
11 13 0.18 0.4
12 14 0.81 0.02
13 15 0.28 0.59
