0 1 0.07 0.04
0 2 0.1 0.16
0 3 0.65 0.14
0 4 0.03 0.84
0 5 0.14 0.58
0 6 0.23 0.65
0 7 0.92 0.12
0 9 0.38 0.56
0 10 0.29 0.09
0 11 0.42 0.51
0 12 0.58 0.94
0 13 0.26 0.79
1 2 0.79 0.62
1 3 0.21 0.85
1 4 0.5 0.35
1 6 0.72 0.23
1 7 0.04 0.64
1 8 0.74 0.14
1 12 0.09 0.11
1 13 0.15 0.66
2 3 0.94 0.26
2 4 0.97 0.36
2 5 0.25 0.33
2 6 0.04 0.98
2 7 0.43 0.14
2 8 0.08 0.15
2 9 0.26 0.51
2 10 0.57 0.64
2 13 0.22 0.94
2 14 0.09 0.23
3 4 0.74 0.07
3 5 0.49 0.42
3 10 0.44 0.25
3 11 0.89 0.75
3 12 0.14 0.55
3 14 0.57 0.99
3 15 0.45 0.59
4 5 0.99 0.29
4 6 0.32 0.11
4 7 0.19 0.19
4 9 0.76 0.42
4 12 0.94 0.61
4 14 0.38 0.48
4 15 0.81 0.38
5 8 0.76 0.66
5 9 0.44 0.45
5 13 0.15 0.27
6 8 1 0.31
6 15 0.26 0.59
7 11 0.77 0.8
7 14 0.14 0.68
9 10 0.97 0.27
9 15 0.76 0.37
10 11 0.23 0.3
