0 1 0.55 0.4
0 2 0.34 0.55
0 3 0.46 0.63
0 4 0.23 0.49
0 5 0.82 0.19
0 6 0.99 0.12
0 8 0.07 0.47
0 10 0.82 0.41
0 12 0.86 0.92
0 15 0.75 0.14
1 2 0.49 0.59
1 3 0.13 0.61
1 4 0.68 0.63
1 6 0.19 0.45
1 7 0.71 0.15
1 9 0.19 0.2
2 3 0.74 0.95
2 5 0.77 0.1
3 4 0.93 0.79
3 5 0.4 0.02
3 6 0.41 0.78
3 7 0.12 0.74
3 8 0.09 0.07
3 10 0.03 0.14
3 11 0.24 0.93
3 12 0.47 0.4
4 10 0.39 0.66
4 11 0.93 0.11
4 13 0.84 0.66
4 15 0.1 0.73
5 9 0.63 0.39
5 13 0.28 0.03
5 14 0.24 0.16
6 7 0.1 0.88
6 12 0.5 0.86
6 13 0.03 0.04
6 14 0.22 0.93
6 15 0.52 0.91
7 8 0.38 1
7 9 0.39 0.62
10 11 0.68 0.3
11 14 0.99 0.58
