0 1 0.81 0.86
0 2 0.33 0.68
0 3 0.41 0.76
0 4 0.18 0.47
0 5 0.26 0.26
0 7 0.5 0.64
0 8 0.41 0.74
0 10 0.65 0.27
0 11 0.77 0.46
0 13 0.4 1
0 14 0.23 0.58
0 15 0.74 0.17
1 2 0.76 0.85
1 3 0.81 0.08
1 4 0.78 0.73
1 5 0.2 0.17
1 6 0.03 0.55
1 7 0.55 0.84
1 9 0.03 0.84
1 10 0.27 0.61
1 11 0.13 0.07
1 13 0.03 0.25
1 14 0.87 0.79
2 3 0.31 0.4
2 4 0.89 0.77
2 5 0.52 0.82
2 8 0.97 0.98
2 9 0.04 0.52
2 11 0.73 0.19
3 4 0.76 0.73
3 5 0.09 0.13
3 6 0.13 0.57
3 7 0.65 0.76
4 6 0.16 0.42
4 8 0.31 0.74
4 10 0.68 0.53
5 6 0.53 0.45
5 8 0.43 0.16
5 9 0.4 0.9
5 11 0.91 0.45
5 12 0.56 0.17
6 7 0.44 0.29
6 12 0.07 0.75
6 13 0.66 0.4
6 14 0.79 0.07
6 15 0.55 0.82
7 9 0.29 0.18
7 10 0.26 0.13
7 12 0.57 0.77
8 14 0.04 0.83
9 13 0.61 0.71
11 12 0.16 0.35
12 15 0.81 0.5
14 15 0.35 0.09
