0 1 0.1 0.65
0 2 0.81 0.51
0 3 0.8 0.96
0 4 0.56 0.12
0 6 0.29 0.29
0 8 0.4 0.25
0 10 0.34 0.78
0 11 0.35 0.12
0 12 0.88 0.37
0 14 0.63 0.48
0 15 0.82 0.17
1 2 0.5 0.71
1 3 0.52 0.89
1 4 0.78 0.61
1 5 0.57 0.21
1 6 0.24 0.54
1 9 0.63 0.91
1 14 0.23 0.05
2 3 0.6 0.68
2 4 0.76 0.32
2 5 0.22 0.96
2 6 0.05 0.52
2 7 0.23 0.62
2 8 0.62 0.75
2 10 0.67 0.86
2 14 0.51 0.1
3 4 0.79 0.44
3 5 0.67 0.6
3 6 0.61 0.95
3 7 0.87 0.32
3 8 0.98 0.65
3 9 0.32 0.76
3 10 0.53 0.36
4 5 0.72 0.03
4 7 0.01 0.58
4 10 0.36 0.67
4 12 0.25 0.59
4 13 0.33 0.65
5 11 0.71 0.61
5 13 0.68 0.43
6 7 0.52 0.86
6 8 0.6 0.02
6 9 0.11 0.84
7 9 0.87 0.22
7 13 0.68 0.08
7 14 0.96 0.39
7 15 0.07 0.91
8 11 0.61 0.69
8 12 1 0.34
8 13 0.39 0.06
9 11 0.36 0.28
10 12 0.91 0.56
11 15 0.79 0.34
13 15 0.94 0.67
