0 1 0.47 0.43
0 2 0.56 0.09
0 3 1 0.78
0 4 0.06 0.31
0 7 0.56 0.24
1 2 0.53 0.7
1 3 0.62 0.52
1 4 0.23 0.61
1 5 0.98 0.23
1 6 0.91 0.54
1 10 0.29 0.81
1 12 0.5 0.91
2 3 0.28 0.38
2 4 0.51 0.82
2 7 0.23 0.61
2 9 0.7 0.93
2 10 0.01 0.51
2 11 0.19 0.63
2 12 0.72 0.56
3 5 0.12 0.47
3 6 0.75 0.05
3 8 0.92 0.47
3 11 0.41 0.27
3 12 0.07 0.69
3 15 0.8 0.11
4 5 0.55 0.57
4 6 0.69 0.25
4 8 0.34 0.22
4 11 0.98 0.01
4 14 0.78 0.32
5 14 0.02 0.31
6 7 0.18 0.94
6 8 0.01 0.07
6 9 0.13 0.32
6 10 0.51 0.11
6 13 0.76 0.75
6 15 0.87 0.93
7 9 0.92 0.98
7 14 0.8 0.21
11 13 0.99 0.46
12 13 0.39 0.25
12 15 0.1 0.77
