0 1 0.76 0.45
0 2 0.24 0.99
0 3 0.04 0.25
0 4 0.32 0.77
0 5 0.64 0.25
0 6 0.97 0.09
0 7 0.1 0.68
0 8 0.85 0.25
0 12 0.27 0.78
1 2 0.05 0.93
1 3 0.66 0.06
1 4 0.22 0.42
1 5 0.95 0.89
1 6 0.08 0.53
1 7 0.31 0.07
1 8 0.46 0.33
1 9 0.66 0.54
1 10 0.88 0.18
1 11 0.57 0.19
1 12 0.49 0.55
2 3 0.34 0.53
2 4 0.93 0.07
2 5 0.79 0.21
2 7 0.8 0.47
2 9 0.92 0.4
2 13 0.29 0.02
2 14 0.46 0.75
2 15 0.28 0.16
3 4 0.04 0.14
3 9 0.52 0.13
3 11 0.51 0.29
3 12 0.29 0.71
3 15 0.11 0.3
4 5 0.52 0.94
4 6 0.02 0.94
4 8 0.12 0.39
4 9 0.1 0.06
4 10 0.87 0.93
4 11 0.9 0.82
4 13 0.88 0.05
4 14 0.65 0.03
4 15 0.15 0.75
5 6 0.21 0.91
5 7 0.14 0.29
5 10 0.64 0.2
5 11 0.69 0.06
5 15 0.15 0.42
6 8 0.66 0.9
6 10 0.38 0.79
8 12 0.29 0.82
9 13 0.52 0.39
11 13 0.33 0.97
12 14 0.85 0.13
13 14 0.77 0.64
