0 1 0.43 0.88
0 2 0.19 0.32
0 3 0.85 0.23
0 4 0.22 0.26
0 9 0.99 0.99
0 14 0.2 0.42
1 2 0.07 0.91
1 3 0.25 0.56
1 4 0.94 0.75
1 5 0.16 0.99
1 6 0.32 0.18
1 7 0.6 0.27
1 8 0.3 0.56
1 11 0.13 0.47
1 13 0.95 0.67
1 14 0.07 0.6
2 3 0.43 0.8
2 6 0.14 0.68
2 8 0.7 0.69
2 12 0.92 0.29
3 4 0.07 0.38
3 5 0.33 0.76
3 6 0.12 0.87
3 9 0.28 0.43
3 10 0.5 0.11
3 12 0.27 0.34
4 5 0.89 0.13
4 8 0.56 0.84
4 9 0.95 0.02
4 10 0.22 0.88
4 13 0.08 0.52
4 14 0.42 0.13
5 7 0.1 0.49
5 15 0.41 0.77
6 7 0.74 0.28
6 10 0.17 0.04
6 11 0.37 0.65
6 12 0.06 0.16
6 15 0.61 0.43
7 15 0.68 0.65
9 13 0.61 0.87
10 11 0.05 0.8
