0 1 0.75 0.64
0 2 0.92 0.1
0 3 0.2 0.89
0 4 0.86 0.92
0 5 0.63 0.3
0 6 0.47 0.7
0 8 1 0.6
0 9 0.96 0.7
0 10 0.87 0.28
1 2 0.89 0.87
1 3 0.52 0.89
1 4 0.12 0.53
1 7 0.09 0.76
1 8 0.37 0.02
1 9 0.49 0.51
1 10 0.13 0.91
1 11 0.7 0.1
1 13 0.22 0.45
2 3 0.65 0.14
2 4 0.97 0.44
2 5 0.13 0.07
2 6 0.38 0.09
2 7 0.45 0.42
2 11 0.03 0.67
3 4 0.71 0.19
3 5 0.76 0.69
3 6 0.57 0.53
4 5 0.03 0.86
4 7 0.24 0.05
4 8 0.41 0.93
4 9 0.3 0.87
4 11 1 0.87
4 12 0.85 0.43
4 14 0.97 0.82
5 6 0.8 0.44
5 7 1 0.72
5 10 0.46 0.98
5 15 0.91 0.09
6 11 0.9 0.05
6 12 0.83 0.28
6 15 0.43 0.45
7 8 0.92 0.16
7 12 0.59 0.31
7 13 0.02 0.84
7 14 0.79 0.92
7 15 0.46 0.99
8 9 0.26 0.1
8 10 0.7 0.95
9 12 0.2 0.7
9 13 0.21 0.08
10 15 0.67 0.3
11 13 0.81 0.83
12 14 0.49 0.65
13 14 0.43 0.56
