0 1 0.07 0.7
0 2 0.43 0.22
0 3 0.94 0.71
0 4 0.25 0.55
0 5 0.96 0.59
0 9 0.94 0.79
0 13 0.38 0.65
1 2 0.67 0.5
1 3 0.1 0.63
1 5 0.23 0.72
1 6 0.92 0.84
1 8 0.1 0.95
1 9 0.54 0.29
1 10 0.15 0.98
2 3 0.75 0.38
2 4 0.91 0.62
2 7 0.27 0.32
2 8 0.99 0.87
2 9 0.45 0.83
2 11 0.91 0.06
2 15 0.71 0.71
3 4 0.72 0.92
3 5 0.87 0.11
3 6 0.89 0.01
3 14 0.33 0.93
4 10 0.55 0.7
4 11 0.09 0.64
4 12 0.38 0.65
5 6 1 0.02
5 7 0.89 0.63
5 8 0.97 0.91
6 7 0.95 0.15
6 10 0.18 0.77
6 14 0.86 0.57
7 11 0.92 0.46
7 14 0.63 0.85
8 12 0.5 0.29
9 12 0.1 0.42
9 15 0.38 0.7
10 13 0.82 0.56
12 13 0.3 0.82
14 15 0.74 0.93
