0 1 0.43 0.8
0 2 0.37 0.16
0 3 0.09 0.43
0 4 0.14 0.58
0 5 0.29 0.32
0 6 0.54 0.03
0 7 0.15 0.78
0 8 0.99 0.39
0 9 0.96 0.07
0 11 0.76 0.85
0 13 0.12 0.44
0 14 0.71 0.13
0 15 0.77 0.04
1 2 0.98 0.83
1 3 0.64 0.16
1 4 0.79 0.4
1 5 0.41 0.5
1 11 0.8 0.56
1 12 0.71 0.68
1 14 0.16 0.29
1 15 0.8 0.45
2 3 0.77 0.95
2 4 0.23 0.25
2 6 0.03 0.07
2 7 0.43 0.85
2 13 0.91 0.12
2 14 0.76 0.3
3 4 0.4 0.17
3 5 0.25 0.27
3 6 0.48 0.18
3 8 0.89 0.89
3 9 0.53 0.12
3 15 0.14 0.49
4 5 0.61 0.09
4 6 0.66 0.25
4 7 0.65 0.53
4 10 0.37 0.21
4 12 0.7 0.94
5 7 0.75 0.12
5 8 0.94 0.22
5 9 0.34 0.42
5 10 0.29 0.73
5 11 0.97 0.79
5 12 0.04 0.43
5 13 0.31 0.85
6 9 0.38 0.37
6 10 0.2 0.31
6 11 0.47 0.69
6 13 0.13 0.32
6 14 0.48 0.14
7 8 0.48 0.67
7 12 0.54 0.75
8 10 0.28 0.28
13 15 0.82 0.37
