0 1 0.63 0.94
0 2 0.65 0.89
0 3 0.17 0.56
0 4 0.58 0.34
0 9 0.36 0.54
0 14 0.72 0.27
1 2 0.38 0.54
1 3 0.7 0.29
1 4 0.55 0.54
1 5 0.38 0.07
1 6 0.15 0.82
1 7 0.78 0.64
1 8 0.89 0.69
1 11 0.75 0.39
1 13 0.81 0.66
1 14 0.24 0.68
2 3 0.56 0.63
2 6 0.96 0.71
2 8 0.39 0.74
2 12 0.12 0.54
3 4 0.61 0.18
3 5 0.71 0.59
3 6 0.49 0.71
3 9 0.57 0.97
3 10 0.35 0.5
3 12 0.99 0.65
4 5 0.66 0.09
4 8 0.22 0.52
4 9 0.48 0.65
4 10 0.09 0.97
4 13 0.4 0.77
4 14 0.12 0.81
5 7 0.62 0.57
5 15 0.22 0.76
6 7 0.1 0.14
6 10 0.89 0.35
6 11 0.42 0.67
6 12 0.93 0.3
6 15 0.19 0.96
7 15 0.92 0.3
9 13 0.84 0.41
10 11 0.66 0.14
