0 1 0.85 0.76
0 2 0.47 0.4
0 3 0.58 0.49
0 4 0.24 1
0 5 0.55 0.83
0 6 0.39 0.45
0 7 0.72 0.47
0 8 0.83 0.36
0 9 0.88 0.19
0 11 0.19 0.57
0 13 0.25 0.8
0 15 0.31 0.35
1 2 0.27 0.56
1 3 0.03 0.82
1 4 0.57 0.76
1 5 0.28 0.36
1 6 0.33 0.19
1 10 1 0.19
1 14 0.56 0.11
1 15 0.17 0.53
2 3 0.14 0.78
2 4 0.84 0.43
2 5 0.94 1
2 7 0.63 0.09
2 8 0.26 0.07
2 9 0.46 0.25
2 11 0.58 0.63
2 12 0.72 0.91
2 15 0.42 0.06
3 4 0.62 0.42
3 5 0.2 0.42
3 6 0.69 0.38
3 9 0.84 0.35
3 13 0.48 0.55
4 5 0.06 0.17
4 6 0.83 0.84
4 7 0.77 0.28
4 8 0.5 0.7
4 9 0.02 0.89
4 10 0.12 0.37
4 11 0.86 0.04
4 12 0.73 0.97
4 15 0.26 0.11
5 6 0.78 0.73
5 7 0.45 0.73
5 8 0.6 0.86
5 12 0.67 0.14
5 14 0.28 0.36
6 7 0.12 0.61
6 10 0.76 0.22
6 11 0.51 0.45
6 12 0.83 0.38
6 13 0.37 0.89
7 8 0.18 0.62
7 9 0.69 0.83
7 10 0.06 0.83
7 11 0.1 0.34
7 14 0.21 0.72
8 10 0.43 0.12
10 14 0.06 0.35
10 15 0.93 0.78
11 12 0.7 0.11
11 13 0.91 0.39
11 14 0.33 0.38
12 13 0.27 0.73
