0 1 0.61 0.53
0 2 0.92 0.9
0 3 0.26 0.45
0 4 0.8 0.3
0 5 0.64 0.61
0 7 0.22 0.68
0 8 0.46 0.93
0 10 0.17 0.13
0 12 0.87 0.78
0 14 0.28 0.94
1 2 0.23 0.2
1 3 0.7 0.79
1 4 0.32 0.01
1 5 0.82 0.28
1 6 0.78 0.02
1 10 0.76 0.45
2 3 0.15 0.56
2 4 0.65 0.3
2 5 0.05 0.12
2 6 0.05 0.51
2 7 0.8 0.48
2 8 0.95 0.73
2 9 0.51 0.96
2 10 0.04 0.98
2 11 0.04 0.89
2 13 0.22 0.88
2 14 0.98 0.15
2 15 0.48 0.11
3 4 0.64 0.97
3 5 0.47 0.55
3 6 0.73 0.06
3 7 0.49 0.57
3 8 0.36 0.79
3 9 0.38 0.86
3 11 0.58 0.19
3 12 0.36 0.25
4 9 0.49 0.33
4 15 0.63 0.18
5 6 0.94 0.57
5 11 0.94 0.28
5 13 0.72 0.94
6 7 0.44 0.32
6 8 0.48 0.07
6 9 0.17 0.2
6 14 0.78 0.16
7 12 0.55 0.03
8 10 0.73 0.72
8 13 0.83 0.12
9 11 0.93 0.26
9 13 0.75 0.16
9 15 0.13 0.87
10 14 0.23 0.53
10 15 0.81 0.67
11 12 0.36 0.02
