0 1 0.48 0.24
0 2 0.85 0.63
0 3 0.68 0.07
0 4 0.91 0.58
0 5 0.59 0.46
0 6 0.26 0.25
0 7 0.6 0.2
0 8 1 0.8
0 9 0.35 0.57
0 11 0.14 0.85
0 13 0.81 0.94
0 14 0.41 0.77
0 15 0.31 0.95
1 2 0.04 0.3
1 3 0.73 0.56
1 4 0.24 0.75
1 5 0.12 0.36
1 11 0.27 0.35
1 12 0.58 0.21
1 14 0.31 0.98
1 15 0.98 0.11
2 3 0.32 0.41
2 4 0.12 0.08
2 6 0.18 0.05
2 7 0.82 0.7
2 13 0.34 0.36
2 14 0.81 0.68
3 4 0.26 0.91
3 5 0.11 0.8
3 6 0.18 0.16
3 8 0.06 1
3 9 0.39 0.81
3 15 0.33 0.01
4 5 0.43 0.62
4 6 0.95 0.68
4 7 0.78 0.48
4 10 0.11 0.3
4 12 0.29 0.89
5 7 0.97 0.49
5 8 0.16 0.06
5 9 0.46 0.14
5 10 0.56 0.11
5 11 0.04 0.5
5 12 0.8 0.55
5 13 0.94 0.47
6 9 0.58 0.35
6 10 0.73 0.45
6 11 0.56 0.99
6 13 0.04 0.41
6 14 0.21 0.19
7 8 0.1 0.5
7 12 0.13 0.54
8 10 0.38 0.62
13 15 0.19 0.97
