0 1 0.42 0.96
0 2 0.27 0.43
0 3 0.69 0.54
0 4 0.93 0.91
0 7 0.2 0.96
0 11 0.96 0.78
0 14 0.74 0.31
1 2 0.45 0.71
1 3 0.73 0.56
1 5 0.72 0.22
1 6 0.21 0.83
1 9 0.05 0.83
2 3 0.99 0.94
2 4 0.67 0.84
2 5 0.83 0.71
2 8 0.98 0.95
2 10 0.3 0.86
2 15 0.03 0.94
3 4 0.11 0.09
3 5 0.66 0.81
3 6 0.83 0.86
3 9 0.89 0.69
3 12 0.44 0.12
3 13 0.1 0.72
3 14 0.57 0.18
4 6 1 0.79
4 8 0.21 0.83
4 11 0.99 0.95
5 7 0.51 0.4
5 10 0.54 0.7
6 7 0.13 0.73
6 8 0.94 0.54
6 11 0.33 0.41
6 12 0.96 0.67
6 14 0.43 0.66
7 9 0.92 0.86
7 12 0.82 0.64
7 13 0.64 0.11
7 15 0.48 0.11
8 15 0.17 0.18
9 10 0.98 0.28
12 13 0.32 0.42
