0 1 0.8 0.05
0 2 0.2 0.5
0 3 0.04 0.86
0 4 0.72 0.21
0 5 0.04 0.72
0 7 0.58 0.58
0 8 0.65 0.53
0 9 0.06 0.76
0 10 0.06 0.55
0 12 0.47 0.12
0 15 0.81 0.42
1 2 0.42 0.87
1 3 0.51 0.36
1 4 0.45 0.52
1 5 1 0.7
1 6 0.5 0.96
1 8 1 0.27
1 11 0.79 0.49
1 12 0.14 0.1
2 3 0.69 0.85
2 4 0.39 0.93
2 5 0.49 0.63
2 6 0.86 0.24
2 7 0.78 0.25
3 4 0.72 0.63
3 7 0.26 0.31
3 9 0.87 0.53
3 10 0.26 0.33
3 12 0.66 0.32
3 13 0.84 0.6
3 14 0.82 0.9
4 5 0.8 0.01
4 6 0.27 0.45
4 8 0.73 0.41
4 9 0.88 0.84
4 14 0.68 0.53
4 15 0.99 0.6
5 6 0.23 0.9
5 12 0.73 0.99
6 7 0.71 0.14
6 8 0.1 0.53
6 11 0.4 0.44
6 13 0.04 0.44
6 14 0.77 0.47
6 15 0.43 0.93
7 9 0.67 0.09
7 10 0.61 0.19
7 11 0.52 0.31
7 15 0.3 0.7
9 10 0.31 0.69
9 11 0.24 0.46
10 13 0.76 0.62
12 13 0.94 0.55
12 14 0.2 0.87
