0 1 0.42 0.97
0 2 0.76 0.27
0 3 0.58 0.78
0 4 0.4 0.93
0 5 0.5 0.25
0 6 0.37 0.55
0 7 0.75 0.32
0 8 0.92 0.25
0 9 0.25 0.6
0 11 0.03 0.63
0 13 0.21 0.33
0 15 0.16 0.49
1 2 0.35 0.51
1 3 0.71 0.2
1 4 0.87 0.69
1 5 0.05 0.59
1 6 0.51 0.06
1 10 0.07 0.21
1 14 0.56 0.16
1 15 0.62 0.39
2 3 0.7 0.56
2 4 0.97 0.3
2 5 0.93 0.24
2 7 0.35 0.06
2 8 0.36 0.48
2 9 0.43 0.84
2 11 0.34 0.89
2 12 0.5 0.41
2 15 0.13 0.86
3 4 0.99 0.27
3 5 0.19 0.78
3 6 0.54 0.09
3 9 0.67 0.59
3 13 0.6 0.69
4 5 0.81 0.52
4 6 0.52 0.78
4 7 0.35 0.61
4 8 0.72 0.08
4 9 0.41 0.74
4 10 0.27 0.88
4 11 0.9 0.19
4 12 0.45 0.72
4 15 0.81 0.94
5 6 0.61 0.6
5 7 0.95 0.19
5 8 0.68 0.63
5 12 0.34 0.51
5 14 0.42 0.6
6 7 0.27 0.63
6 10 0.46 0.29
6 11 0.04 0.19
6 12 0.16 0.01
6 13 0.4 0.02
7 8 0.68 0.69
7 9 0.92 0.32
7 10 0.68 0.14
7 11 0.7 0.3
7 14 0.94 0.12
8 10 0.5 1
10 14 0.13 0.92
10 15 0.91 0.67
11 12 0.85 0.99
11 13 0.12 0.19
11 14 0.1 0.84
12 13 0.18 0.62
