0 1 0.52 0.25
0 2 0.85 0.42
0 3 0.72 0.82
0 4 0.8 0.05
0 5 0.51 0.29
0 6 0.17 0.61
0 7 0.36 0.49
0 11 0.56 0.49
1 2 0.61 0.51
1 3 0.45 0.86
1 4 0.65 0.98
1 5 0.96 0.79
1 6 0.63 0.93
1 7 0.62 0.07
1 8 0.1 0.06
1 9 0.72 0.33
1 11 0.8 0.7
1 12 0.22 0.44
2 3 0.48 0.75
2 4 0.49 0.23
2 5 0.09 0.83
2 6 0.91 0.01
2 7 0.63 0.22
2 9 0.26 0.15
2 10 0.09 0.89
2 15 0.25 0.57
3 4 0.03 0.36
3 5 0.62 0.02
3 6 0.57 0.65
3 8 0.23 0.24
3 10 0.39 0.1
3 11 0.87 0.71
3 12 0.99 0.58
3 14 0.15 0.96
4 12 0.41 0.74
5 7 0.08 0.28
5 8 0.37 0.89
5 9 0.06 0.6
5 10 0.84 0.3
6 12 0.22 0.01
6 14 0.77 0.91
7 8 0.87 0.42
7 9 0.11 0.43
7 10 0.39 0.36
7 11 0.94 0.56
7 15 0.32 0.95
8 13 0.12 0.64
8 14 0.03 0.52
8 15 0.2 0.48
10 13 0.58 0.29
11 13 0.29 0.7
11 15 0.98 0.44
12 13 0.51 0.82
13 14 0.74 0.22
