0 1 0.2 0.48
0 2 0.2 0.63
0 3 0.44 0.49
0 4 0.8 0.83
0 5 0.22 0.56
0 6 0.57 0.62
0 7 0.63 0.23
0 8 0.13 0.25
0 9 0.61 0.01
0 11 0.59 0.96
0 13 0.95 0.01
0 15 0.88 0.92
1 2 0.09 0.94
1 3 0.31 0.91
1 4 0.72 0.05
1 5 0.57 0.81
1 6 0.09 0.34
1 10 0.09 0.62
1 14 0.3 0.41
1 15 0.25 0.24
2 3 0.02 0.01
2 4 0.5 0.18
2 5 0.08 1
2 7 0.11 0.2
2 8 0.67 0.59
2 9 0.85 0.75
2 11 0.51 0.92
2 12 0.53 0.11
2 15 0.45 0.72
3 4 0.82 0.74
3 5 0.34 0.56
3 6 0.83 0.48
3 9 0.35 0.4
3 13 0.15 0.14
4 5 0.62 0.74
4 6 0.88 0.29
4 7 0.72 0.27
4 8 0.53 0.31
4 9 0.91 0.14
4 10 0.81 0.13
4 11 0.24 0.12
4 12 0.94 0.59
4 15 0.72 0.4
5 6 0.72 0.08
5 7 0.36 0.49
5 8 0.4 0.35
5 12 0.94 0.88
5 14 0.1 0.7
6 7 0.95 0.96
6 10 0.63 0.93
6 11 0.92 0.22
6 12 0.9 0.66
6 13 0.48 0.67
7 8 0.08 0.29
7 9 0.66 0.55
7 10 0.01 0.72
7 11 0.26 0.32
7 14 0.9 0.64
8 10 0.83 0.6
10 14 0.84 0.25
10 15 0.93 0.63
11 12 0.95 0.12
11 13 0.37 0.67
11 14 0.82 0.4
12 13 0.98 0.98
