0 1 0.47 0.45
0 2 0.32 0.37
0 3 0.81 0.44
0 4 0.12 0.65
0 5 0.41 0.04
0 7 0.99 0.06
0 8 0.9 0.92
0 10 0.01 0.57
0 12 0.04 0.62
0 14 0.66 0.98
1 2 0.12 0.63
1 3 0.33 0.14
1 4 0.56 0.85
1 5 0.55 0.54
1 6 0.9 0.98
1 10 0.76 0.53
2 3 0.39 0.01
2 4 0.57 0.97
2 5 0.18 0.95
2 6 0.93 0.83
2 7 0.26 0.45
2 8 0.8 0.45
2 9 0.59 0.62
2 10 0.14 0.21
2 11 0.08 0.01
2 13 0.15 0.64
2 14 0.22 0.24
2 15 0.02 0.28
3 4 0.65 0.77
3 5 0.47 0.18
3 6 0.71 0.63
3 7 0.88 0.42
3 8 0.99 0.86
3 9 0.18 0.31
3 11 0.49 0.61
3 12 0.4 0.71
4 9 0.21 0.24
4 15 0.55 0.92
5 6 0.78 0.43
5 11 0.04 0.6
5 13 0.44 0.27
6 7 0.22 0.96
6 8 0.01 0.8
6 9 0.72 0.08
6 14 0.07 0.58
7 12 0.13 0.99
8 10 0.25 0.72
8 13 0.61 0.44
9 11 0.58 0.47
9 13 0.25 0.67
9 15 0.87 0.03
10 14 0.35 0.64
10 15 0.59 0.33
11 12 0.09 0.82
