0 1 0.69 1
0 2 0.67 0.58
0 3 0.37 0.28
0 4 0.05 0.97
0 7 0.25 0.13
1 2 0.84 0.66
1 3 0.9 0.75
1 4 0.11 0.58
1 5 0.84 0.67
1 6 0.35 0.33
1 10 0.91 0.71
1 12 0.88 0.84
2 3 0.49 0.77
2 4 0.16 0.52
2 7 0.07 0.72
2 9 0.63 0.72
2 10 0.11 0.53
2 11 0.74 0.24
2 12 0.44 0.2
3 5 0.39 0.5
3 6 0.09 0.38
3 8 0.96 0.42
3 11 0.79 0.66
3 12 0.53 0.26
3 15 0.83 0.46
4 5 0.98 0.69
4 6 0.16 0.37
4 8 0.66 0.62
4 11 0.45 0.33
4 14 0.49 0.55
5 14 0.39 0.19
6 7 0.7 0.21
6 8 0.58 0.9
6 9 0.07 0.63
6 10 0.96 0.72
6 13 0.62 0.43
6 15 0.25 0.53
7 9 0.77 0.79
7 14 0.59 0.02
11 13 0.45 0.75
12 13 0.88 0.23
12 15 0.09 0.06
