0 1 0.16 0.36
0 2 0.23 0.5
0 3 0.19 0.79
0 4 0.65 0.89
0 5 0.79 0.23
0 6 0.79 0.7
0 8 0.73 0.05
0 9 0.37 0.15
0 10 0.56 0.74
1 2 0.75 0.81
1 3 0.01 0.54
1 4 0.22 0.22
1 7 0.43 0.47
1 8 0.08 0.34
1 9 0.05 0.14
1 10 0.97 0.85
1 11 0.72 0.21
1 13 0.79 0.38
2 3 0.84 0.51
2 4 0.6 0.16
2 5 0.81 0.1
2 6 0.51 0.06
2 7 0.63 0.04
2 11 0.61 0.96
3 4 0.67 0.1
3 5 0.73 0.43
3 6 0.29 0.41
4 5 0.1 0.21
4 7 0.8 0.52
4 8 0.39 0.26
4 9 0.61 0.71
4 11 0.23 0.45
4 12 0.76 0.56
4 14 0.26 0.07
5 6 0.02 0.24
5 7 0.6 1
5 10 0.79 0.46
5 15 0.55 0.55
6 11 0.95 0.44
6 12 0.25 0.77
6 15 0.34 0.99
7 8 0.58 0.12
7 12 0.54 0.53
7 13 0.81 0.1
7 14 0.22 0.84
7 15 0.91 0.87
8 9 0.9 0.43
8 10 0.11 0.09
9 12 0.65 0.28
9 13 0.97 0.22
10 15 0.24 0.2
11 13 0.51 0.82
12 14 0.19 0.99
13 14 0.54 0.69
