0 1 0.14 0.7
0 2 0.41 0.07
0 3 0.69 0.95
0 4 0.86 0.75
0 5 0.22 0.74
0 7 0.86 0.07
0 8 0.74 0.86
0 9 0.25 0.47
0 10 0.43 0.25
0 12 0.92 0.62
0 15 0.72 0.11
1 2 0.7 0.89
1 3 0.01 0.16
1 4 0.09 0.05
1 5 0.89 0.57
1 6 0.01 0.82
1 8 0.8 0.44
1 11 0.75 0.41
1 12 0.19 0.23
2 3 0.44 0.23
2 4 0.66 0.15
2 5 0.2 0.94
2 6 0.44 0.42
2 7 0.67 0.02
3 4 0.98 0.7
3 7 0.35 0.33
3 9 0.29 0.08
3 10 0.21 0.28
3 12 0.51 0.2
3 13 0.01 0.36
3 14 0.16 0.94
4 5 0.24 0.4
4 6 0.21 0.9
4 8 0.03 0.15
4 9 0.35 0.74
4 14 0.02 0.39
4 15 0.62 0.5
5 6 0.34 0.1
5 12 0.52 0.41
6 7 0.35 0.91
6 8 0.06 0.18
6 11 0.71 0.89
6 13 0.48 0.28
6 14 0.92 0.42
6 15 0.09 0.9
7 9 0.78 0.4
7 10 0.61 0.42
7 11 0.58 0.56
7 15 0.52 0.06
9 10 0.71 0.83
9 11 0.58 0.46
10 13 0.72 0.59
12 13 0.13 0.19
12 14 0.23 0.83
