0 1 0.34 0.96
0 2 0.81 0.41
0 3 0.25 0.59
0 4 0.91 0.56
0 5 0.04 0.14
0 6 0.12 0.85
0 7 0.47 0.26
0 11 0.18 0.1
1 2 0.88 0.53
1 3 0.42 0.21
1 4 0.39 0.04
1 5 0.23 0.44
1 6 0.93 0.66
1 7 0.65 0.26
1 8 0.07 0.5
1 9 0.44 0.44
1 11 0.4 0.45
1 12 0.7 0.51
2 3 0.13 0.64
2 4 0.94 0.16
2 5 0.99 0.91
2 6 0.02 0.42
2 7 0.42 0.17
2 9 0.31 0.03
2 10 0.25 0.84
2 15 0.85 0.07
3 4 0.92 0.36
3 5 0.15 0.64
3 6 0.76 0.31
3 8 0.37 0.71
3 10 0.24 0.65
3 11 0.95 0.83
3 12 0.43 0.77
3 14 0.42 0.82
4 12 0.68 0.09
5 7 0.29 0.88
5 8 0.45 0.07
5 9 0.9 0.56
5 10 0.65 0.41
6 12 0.03 0.42
6 14 0.73 0.76
7 8 0.12 0.6
7 9 0.13 0.89
7 10 0.21 0.61
7 11 0.87 0.05
7 15 0.44 0.2
8 13 0.48 0.4
8 14 0.06 0.16
8 15 0.95 0.06
10 13 0.02 0.16
11 13 0.58 0.38
11 15 0.05 0.76
12 13 0.97 0.78
13 14 0.32 0.91
