0 1 0.57 0.4
0 2 0.58 0.83
0 3 0.57 0.83
0 4 0.99 0.88
0 5 0.8 0.42
0 6 0.73 0.01
0 8 0.93 0.47
0 9 0.59 0.13
0 10 0.37 0.79
1 2 0.94 0.43
1 3 0.62 0.45
1 4 0.16 0.24
1 7 0.45 0.55
1 8 0.85 0.72
1 9 0.71 0.81
1 10 0.53 0.51
1 11 0.91 0.24
1 13 0.93 0.66
2 3 0.7 0.98
2 4 0.99 0.32
2 5 0.36 0.84
2 6 0.42 0.18
2 7 0.48 0.37
2 11 0.29 0.77
3 4 0.6 0.19
3 5 0.11 0.25
3 6 0.59 0.71
4 5 0.78 0.87
4 7 0.96 0.55
4 8 0.38 0.09
4 9 0.86 0.64
4 11 0.42 0.98
4 12 0.18 0.45
4 14 0.21 0.47
5 6 0.22 0.58
5 7 0.4 0.89
5 10 0.52 0.56
5 15 1 0.67
6 11 0.71 0.78
6 12 0.57 0.12
6 15 0.92 0.75
7 8 0.69 0.12
7 12 0.8 0.04
7 13 0.7 0.65
7 14 0.18 0.23
7 15 0.45 0.77
8 9 0.89 0.27
8 10 0.29 0.1
9 12 0.25 0.13
9 13 0.99 0.37
10 15 0.04 0.86
11 13 0.71 0.72
12 14 0.93 0.77
13 14 0.09 0.82
