0 1 0.25 0.64
0 2 0.06 0.2
0 3 0.63 0.93
0 4 0.17 0.42
0 10 0.7 0.35
0 11 0.67 0.18
0 12 0.61 0.45
0 13 0.9 0.41
0 14 0.3 0.63
0 15 0.63 0.59
1 2 0.37 0.36
1 3 0.48 0.95
1 5 0.13 0.33
1 6 0.21 0.74
1 8 0.21 0.71
1 9 0.83 0.28
1 11 0.79 0.81
1 13 0.49 0.88
2 3 0.38 0.32
2 4 0.45 0.9
2 7 0.8 0.2
2 8 0.15 0.66
2 15 0.77 0.35
3 4 0.1 0.83
3 5 0.32 0.64
3 6 0.49 0.94
3 7 0.42 0.51
3 10 0.88 0.45
3 12 0.11 0.61
3 14 0.39 0.18
3 15 0.15 0.94
4 5 0.16 0.28
4 6 0.57 0.68
4 7 0.07 0.89
4 11 0.93 0.88
4 13 0.53 0.83
6 9 0.3 0.24
6 12 0.8 0.53
6 14 0.87 0.66
7 8 0.94 0.75
7 9 0.24 0.08
7 10 0.85 0.49
