0 1 0.82 0.27
0 2 0.45 0.53
0 3 0.85 0.73
0 4 0.81 0.77
0 5 0.04 0.59
0 6 0.21 0.37
0 7 0.93 0.63
0 8 0.23 0.7
0 9 0.13 0.53
0 11 0.12 0.98
0 12 0.8 0.66
0 13 0.22 0.1
0 14 0.7 0.42
0 15 0.51 0.99
1 2 0.18 0.65
1 3 0.26 0.54
1 4 0.52 0.87
1 5 0.89 0.62
1 6 0.3 0.87
1 7 0.64 0.56
1 8 0.96 0.22
1 10 0.18 0.59
1 12 0.32 0.77
1 13 0.75 0.56
2 3 0.21 0.3
2 4 0.25 0.87
2 5 0.05 0.03
2 6 0.25 0.7
2 8 0.46 0.97
2 9 0.82 0.08
2 15 0.27 0.28
3 4 0.32 0.2
3 7 0.95 0.93
3 10 0.56 0.72
3 13 0.75 0.14
3 15 0.69 0.79
4 5 0.54 0.5
4 6 0.73 0.76
4 8 0.06 0.89
5 7 0.27 0.35
5 9 0.76 0.28
5 10 0.06 0.99
5 11 0.79 0.56
5 14 0.03 0.37
6 11 0.87 0.22
6 15 0.71 0.67
7 14 0.66 0.67
8 9 0.94 0.74
8 10 0.27 0.41
8 12 0.77 0.12
9 11 0.85 1
10 12 0.39 0.08
10 13 0.93 0.7
10 14 0.66 0.76
