0 1 0.34 0.61
0 2 0.23 0.13
0 3 0.22 0.06
0 4 0.38 0.94
0 6 0.04 0.43
0 7 0.09 0.12
0 9 0.09 0.68
0 11 0.82 0.99
0 12 0.04 0.86
0 13 0.05 0.47
0 14 0.42 0.39
1 2 0.09 0.19
1 3 0.42 0.69
1 4 0.85 0.65
1 5 0.45 0.35
1 8 0.85 0.91
1 9 0.73 0.86
2 3 0.17 0.76
2 4 0.97 0.22
2 10 0.72 0.3
2 14 0.51 0.97
3 5 0.59 0.27
3 6 0.51 0.76
3 7 0.1 0.51
3 10 0.74 0.45
3 11 0.11 0.97
3 13 0.84 0.96
4 5 0.83 0.9
4 10 0.9 0.27
4 15 0.16 0.33
5 6 0.86 0.07
5 12 0.34 0.56
6 7 0.33 0.59
6 8 0.68 0.91
6 11 0.87 0.52
7 8 0.69 0.58
7 9 0.58 0.34
7 12 0.9 0.2
7 13 0.07 0.12
7 14 0.3 0.98
8 15 0.63 0.14
11 15 0.45 0.58
