0 1 0.29 0.46
0 2 0.19 0.4
0 3 0.77 0.5
0 4 0.01 0.95
0 5 0.76 0.01
0 9 0.16 0.9
0 13 0.51 0.32
1 2 0.97 0.71
1 3 0.32 0.15
1 5 0.77 0.75
1 6 0.05 0.4
1 8 0.76 0.32
1 9 0.31 0.59
1 10 0.38 0.3
2 3 0.42 0.36
2 4 0.13 0.82
2 7 0.61 0.9
2 8 0.51 0.07
2 9 0.69 0.93
2 11 0.54 0.42
2 15 0.31 0.64
3 4 0.93 0.72
3 5 0.49 0.65
3 6 0.04 0.04
3 14 0.28 0.73
4 10 0.14 0.3
4 11 0.6 0.2
4 12 0.88 0.85
5 6 0.74 0.39
5 7 0.68 0.65
5 8 0.73 0.39
6 7 0.46 0.23
6 10 0.3 0.27
6 14 0.97 0.66
7 11 0.18 0.03
7 14 0.05 0.63
8 12 0.53 0.03
9 12 0.04 0.09
9 15 0.74 0.16
10 13 0.2 0.66
12 13 0.11 0.44
14 15 0.68 0.58
