0 1 0.65 0.35
0 2 0.38 0.22
0 3 0.18 0.73
0 4 0.98 0.41
0 6 0.84 0.04
0 7 0.32 0.72
0 9 0.45 0.32
0 11 0.14 0.39
0 12 0.19 0.5
0 13 0.83 0.7
0 14 0.28 0.03
1 2 0.98 0.76
1 3 0.23 0.1
1 4 0.76 0.3
1 5 0.79 0.01
1 8 0.29 1
1 9 0.73 0.77
2 3 0.69 0.79
2 4 0.29 0.24
2 10 0.35 0.31
2 14 0.83 0.3
3 5 0.89 0.69
3 6 0.71 0.59
3 7 0.53 0.35
3 10 0.3 0.02
3 11 0.9 0.25
3 13 0.33 0.6
4 5 0.16 0.44
4 10 0.84 0.87
4 15 0.98 0.58
5 6 0.33 0.96
5 12 0.8 0.56
6 7 0.82 0.7
6 8 0.85 0.89
6 11 0.58 0.25
7 8 0.37 0.42
7 9 0.23 0.6
7 12 0.24 0.85
7 13 0.34 0.17
7 14 0.61 0.87
8 15 0.55 0.95
11 15 0.67 0.73
