0 1 0.05 0.61
0 2 0.26 0.3
0 3 0.69 0.12
0 4 0.96 0.92
0 7 0.24 0.78
1 2 0.12 0.16
1 3 0.98 0.32
1 4 0.68 0.03
1 5 0.08 0.82
1 6 0.17 0.1
1 10 0.72 0.43
1 12 0.41 0.75
2 3 0.56 0.46
2 4 0.5 0.78
2 7 0.56 0.09
2 9 0.81 0.52
2 10 0.69 0.51
2 11 0.74 0.62
2 12 0.73 0.66
3 5 0.5 0.33
3 6 0.99 0.74
3 8 0.87 0.58
3 11 0.19 0.53
3 12 0.26 0.01
3 15 0.14 0.46
4 5 0.11 0.89
4 6 0.54 0.56
4 8 0.22 0.73
4 11 0.49 0.69
4 14 0.93 0.91
5 14 0.04 0.16
6 7 0.78 0.18
6 8 0.36 0.99
6 9 0.89 0.59
6 10 0.73 0.56
6 13 0.96 0.44
6 15 0.56 0.73
7 9 0.79 0.8
7 14 0.72 0.87
11 13 0.56 0.99
12 13 0.45 0.91
12 15 0.64 0.3
