0 1 0.4 0.75
0 2 0.35 0.29
0 3 0.41 0.56
0 4 0.52 0.82
0 6 0.56 0.08
0 8 0.81 0.53
0 10 0.68 0.65
0 11 0.88 0.8
0 12 0.07 0.86
0 14 0.06 0.33
0 15 0.27 0.72
1 2 0.72 0.58
1 3 0.85 0.81
1 4 0.62 0.86
1 5 0.11 0.97
1 6 0.79 0.72
1 9 0.62 0.31
1 14 0.98 0.22
2 3 0.57 0.86
2 4 0.38 0.39
2 5 0.55 0.68
2 6 0.16 0.92
2 7 0.37 0.75
2 8 0.77 0.99
2 10 0.25 0.39
2 14 0.76 0.35
3 4 0.95 0.08
3 5 0.63 0.38
3 6 0.18 0.77
3 7 0.32 0.83
3 8 0.7 0.55
3 9 0.11 0.58
3 10 0.99 0.48
4 5 0.87 0.8
4 7 0.44 0.53
4 10 0.64 0.33
4 12 0.4 0.47
4 13 0.49 0.96
5 11 0.95 0.3
5 13 0.26 0.87
6 7 0.9 0.92
6 8 0.01 0.05
6 9 0.08 0.72
7 9 0.22 0.66
7 13 0.45 0.3
7 14 0.94 0.19
7 15 0.97 0.49
8 11 0.73 0.79
8 12 0.31 0.01
8 13 0.88 0.04
9 11 0.71 0.9
10 12 0.16 0.5
11 15 0.2 0.01
13 15 0.52 0.94
