0 1 0.37 0.45
0 2 0.19 0.4
0 3 0.98 0.67
0 4 0.09 0.29
0 6 0.4 0.77
0 8 0.56 1
0 10 0.21 0.33
0 11 0.99 0.53
0 12 0.47 0.55
0 14 0.74 0.4
0 15 0.23 0.47
1 2 0.13 0.4
1 3 0.72 0.68
1 4 0.66 0.36
1 5 0.78 0.83
1 6 0.39 0.87
1 9 0.55 0.7
1 14 0.99 0.89
2 3 0.6 0.46
2 4 0.33 0.01
2 5 0.92 0.33
2 6 0.65 0.01
2 7 0.98 0.93
2 8 0.55 0.51
2 10 0.07 0.06
2 14 0.09 0.73
3 4 0.98 0.27
3 5 0.47 0.85
3 6 0.38 0.53
3 7 0.03 0.83
3 8 0.87 0.65
3 9 0.8 0.32
3 10 0.5 0.98
4 5 0.76 0.42
4 7 0.9 0.38
4 10 0.2 0.16
4 12 0.83 0.84
4 13 0.33 0.35
5 11 0.64 0.14
5 13 0.14 0.11
6 7 0.37 0.59
6 8 0.1 0.32
6 9 0.6 0.27
7 9 0.7 0.77
7 13 0.57 0.18
7 14 0.54 0.21
7 15 0.6 0.62
8 11 0.44 0.97
8 12 0.01 1
8 13 0.42 0.4
9 11 0.19 0.77
10 12 0.33 0.82
11 15 0.97 0.71
13 15 0.74 0.04
