0 1 0.98 0.63
0 2 0.38 0.51
0 3 0.05 0.33
0 4 0.59 0.57
0 6 0.96 0.77
0 7 0.45 0.13
0 8 0.24 0.88
0 9 0.16 0.75
0 10 0.43 0.88
0 13 0.84 0.4
0 15 0.42 0.5
1 2 0.03 0.19
1 3 0.51 0.57
1 4 0.93 0.29
1 5 0.54 0.03
1 7 0.76 0.3
1 8 0.67 0.69
1 9 0.14 0.15
1 12 0.28 0.75
1 14 0.44 0.1
1 15 0.35 0.42
2 3 0.84 0.32
2 5 0.5 0.7
2 6 0.79 0.43
2 8 0.57 0.83
3 4 0.84 0.01
3 5 0.2 0.06
3 9 0.32 0.83
3 12 0.87 0.65
3 13 0.99 0.03
4 6 0.71 0.7
4 11 0.66 0.6
4 14 0.39 0.51
6 7 0.59 0.97
6 10 0.84 0.73
6 11 0.61 0.57
6 12 0.65 0.03
6 13 0.84 0.34
7 10 0.22 0.57
8 11 0.66 0.71
9 15 1 0.32
10 14 0.9 0.69
