0 1 0.64 0.88
0 2 0.31 0.85
0 3 0.55 0.95
0 4 0.64 0.66
0 5 0.52 0.57
0 6 0.8 0.95
0 7 0.89 0.7
0 8 0.39 0.01
0 9 0.14 0.22
0 11 0.12 0.73
0 13 0.93 0.18
0 14 0.81 0.59
0 15 0.69 0.57
1 2 0.22 0.91
1 3 0.82 0.34
1 4 0.5 0.05
1 5 0.63 0.28
1 11 0.95 0.3
1 12 0.5 0.37
1 14 0.99 0.54
1 15 0.85 0.54
2 3 0.08 0.74
2 4 0.54 0.03
2 6 0.44 0.54
2 7 0.68 0.33
2 13 0.78 0.54
2 14 0.47 0.2
3 4 0.36 0.74
3 5 0.65 0.57
3 6 0.65 0.31
3 8 0.08 0.88
3 9 0.45 0.57
3 15 0.94 0.74
4 5 0.52 0.48
4 6 0.7 0.65
4 7 0.59 0.95
4 10 0.79 0.14
4 12 0.83 0.41
5 7 1 0.08
5 8 0.22 0.25
5 9 0.01 0.83
5 10 0.75 0.09
5 11 0.84 0.63
5 12 0.16 0.01
5 13 0.28 0.44
6 9 0.77 0.94
6 10 0.29 0.24
6 11 0.49 0.28
6 13 0.14 0.99
6 14 0.08 0.41
7 8 0.46 0.72
7 12 0.12 0.96
8 10 0.65 0.94
13 15 0.66 0.39
