0 1 0.74 0.41
0 2 0.29 0.15
0 3 0.47 0.07
0 4 0.35 0.46
0 5 0.91 0.74
0 9 0.51 0.2
0 14 0.08 0.1
1 2 0.35 0.85
1 3 0.27 0.18
1 4 0.61 0.98
1 5 0.59 0.6
1 6 0.6 0.37
1 7 0.34 0.48
1 9 0.15 0.41
1 14 0.19 0.86
2 3 0.81 0.22
2 4 0.92 0.04
2 6 0.35 0.97
2 13 0.2 0.73
3 4 0.28 0.69
3 5 0.8 0.71
3 6 0.76 0.41
3 7 0.9 0.68
3 8 0.42 0.6
3 9 0.12 0.49
3 10 0.51 0.71
3 12 0.24 0.95
3 13 0.49 0.31
3 14 0.35 0.27
3 15 0.02 0.63
4 5 0.34 0.4
4 6 0.32 0.54
4 7 0.48 0.69
4 8 0.79 0.97
4 10 0.05 0.18
5 8 0.88 0.07
5 10 0.7 0.88
5 11 0.58 0.36
5 12 0.46 0.74
6 7 0.8 0.82
6 11 0.01 0.85
7 8 0.67 0.79
7 9 0.15 0.48
7 13 0.32 0.29
8 10 0.81 0.44
8 11 0.13 0.57
9 11 0.1 0.91
9 15 0.88 0.29
10 12 0.09 0.19
10 15 0.12 0.76
11 12 0.53 0.12
11 13 0.42 0.02
11 15 0.01 0.4
12 14 0.8 0.78
