0 1 0.82 0.75
0 2 0.92 0.72
0 3 0.75 0.06
0 4 0.41 0.7
0 5 0.61 0.18
0 6 0.05 0.85
0 7 0.08 0.08
0 8 0.04 0.51
0 11 0.14 0.23
0 14 0.34 0.48
1 2 0.19 0.51
1 3 0.03 0.78
1 4 0.49 0.5
1 6 0.5 0.26
1 9 0.16 0.77
1 10 0.25 0.2
1 11 0.82 0.56
1 13 0.42 0.9
2 3 0.2 0.81
2 5 0.38 0.08
2 7 0.36 0.26
2 11 0.58 0.09
2 13 0.04 0.52
3 4 0.3 0.02
3 6 0.11 0.85
3 8 0.05 0.58
3 9 0.56 0.79
3 10 0.8 0.64
3 12 0.63 0.51
4 5 0.33 0.68
5 7 0.84 0.67
5 10 0.81 0.67
6 12 0.31 0.25
6 14 0.43 0.36
6 15 0.94 0.26
7 8 0.54 0.36
7 9 0.36 0.96
8 12 0.4 0.11
10 13 0.04 0.17
10 14 0.41 0.95
10 15 0.33 0.38
13 15 0.09 0.93
