0 1 0.27 0.63
0 2 0.05 0.79
0 3 0.46 0.82
0 4 0.26 0.68
0 5 0.11 0.35
0 6 0.9 0.13
0 7 0.35 0.49
0 8 0.88 0.65
0 9 0.41 0.23
0 11 0.89 0.75
0 12 0.63 0.24
0 13 0.4 0.26
0 14 0.87 0.6
0 15 0.22 0.09
1 2 0.16 0.33
1 3 0.04 0.72
1 4 0.6 0.4
1 5 0.73 0.89
1 6 0.95 0.78
1 7 0.86 0.8
1 8 0.67 0.56
1 10 0.33 0.51
1 12 0.77 0.21
1 13 0.75 0.73
2 3 0.94 0.44
2 4 0.46 0.3
2 5 0.65 0.95
2 6 0.09 0.36
2 8 0.81 0.18
2 9 0.03 0.42
2 15 0.27 0.2
3 4 0.55 0.69
3 7 0.83 0.21
3 10 0.8 0.56
3 13 0.77 0.86
3 15 0.21 0.71
4 5 0.32 0.82
4 6 0.25 0.26
4 8 0.67 0.76
5 7 0.84 0.95
5 9 0.12 0.36
5 10 0.88 0.1
5 11 0.76 0.59
5 14 0.4 0.93
6 11 0.21 0.75
6 15 0.43 0.35
7 14 0.49 0.22
8 9 0.28 0.79
8 10 0.26 0.59
8 12 0.42 0.99
9 11 0.38 0.32
10 12 0.43 0.71
10 13 0.98 0.38
10 14 0.02 0.62
