0 1 0.67 0.19
0 2 0.88 0.39
0 3 1 0.03
0 4 0.13 0.33
0 9 0.74 0.01
0 14 0.97 0.58
1 2 0.27 0.54
1 3 0.19 0.34
1 4 0.27 0.88
1 5 0.25 0.06
1 6 0.31 0.26
1 7 0.76 0.99
1 8 0.71 0.42
1 11 0.74 0.58
1 13 0.72 0.04
1 14 0.43 0.5
2 3 0.47 0.59
2 6 0.97 0.46
2 8 0.25 0.83
2 12 0.05 0.61
3 4 0.51 0.96
3 5 0.35 0.75
3 6 0.35 0.56
3 9 0.07 0.22
3 10 0.42 0.58
3 12 0.63 0.91
4 5 0.02 0.85
4 8 0.25 0.11
4 9 0.16 0.71
4 10 0.09 0.37
4 13 0.24 0.81
4 14 0.06 0.41
5 7 0.25 0.31
5 15 0.39 0.86
6 7 0.75 0.62
6 10 0.38 0.91
6 11 0.28 0.83
6 12 0.1 0.33
6 15 0.4 0.49
7 15 0.45 0.32
9 13 0.95 0.13
10 11 0.85 0.63
