0 1 0.81 0.16
0 2 0.32 0.97
0 3 0.74 0.35
0 4 0.91 0.8
0 5 0.42 0.95
0 6 0.94 0.18
0 7 0.28 0.43
0 11 0.94 0.55
1 2 0.51 0.76
1 3 0.11 0.21
1 4 0.73 0.98
1 5 0.41 0.22
1 6 0.22 0.06
1 7 0.23 0.26
1 8 0.83 0.57
1 9 0.41 0.87
1 11 0.01 0.26
1 12 0.78 0.69
2 3 0.11 0.34
2 4 0.36 0.46
2 5 0.81 0.73
2 6 0.52 0.17
2 7 0.2 0.92
2 9 0.7 0.73
2 10 0.18 0.82
2 15 0.05 0.4
3 4 0.37 0.74
3 5 0.75 0.31
3 6 0.95 0.26
3 8 0.75 0.95
3 10 0.72 0.5
3 11 0.5 0.56
3 12 0.07 0.32
3 14 0.29 0.74
4 12 0.97 0.32
5 7 0.28 0.84
5 8 0.21 0.02
5 9 0.28 0.1
5 10 0.98 0.63
6 12 0.14 0.46
6 14 0.56 0.21
7 8 0.45 0.29
7 9 0.77 0.05
7 10 0.85 0.88
7 11 0.37 0.5
7 15 0.21 0.98
8 13 0.73 0.3
8 14 0.34 0.46
8 15 0.1 0.4
10 13 0.07 0.06
11 13 0.22 0.71
11 15 0.21 0.74
12 13 0.96 0.01
13 14 0.25 0.1
