0 1 0.24 0.64
0 2 0.7 0.02
0 3 0.8 0.87
0 4 0.34 0.78
0 5 1 0.6
0 6 0.6 1
0 7 0.05 0.44
0 8 0.02 0.01
0 9 0.55 0.25
0 11 0.56 0.26
0 13 0.97 0.83
0 15 0.24 0.16
1 2 0.62 0.11
1 3 0.76 0.84
1 4 0.61 0.57
1 5 0.86 0.77
1 6 0.61 0.45
1 10 0.44 0.47
1 14 0.19 0.2
1 15 0.26 0.63
2 3 0.24 0.75
2 4 0.52 0.53
2 5 0.76 0.77
2 7 0.07 0.5
2 8 0.25 0.22
2 9 0.23 0.64
2 11 0.55 0.12
2 12 0.1 0.73
2 15 0.09 0.96
3 4 0.16 0.64
3 5 0.29 0.33
3 6 0.49 0.93
3 9 0.35 0.7
3 13 0.47 0.47
4 5 0.34 0.22
4 6 0.4 0.78
4 7 0.76 0.8
4 8 0.29 0.53
4 9 0.46 0.66
4 10 0.39 0.25
4 11 0.69 0.91
4 12 0.01 0.65
4 15 0.25 0.77
5 6 0.92 0.61
5 7 0.25 0.95
5 8 0.27 0.49
5 12 0.87 0.67
5 14 0.21 0.53
6 7 0.33 0.31
6 10 0.75 0.28
6 11 0.03 0.85
6 12 0.26 0.2
6 13 0.79 0.28
7 8 0.64 0.88
7 9 0.19 0.59
7 10 0.39 0.99
7 11 0.96 0.96
7 14 0.83 0.86
8 10 0.88 0.32
10 14 0.92 0.94
10 15 0.97 0.25
11 12 0.19 0.97
11 13 0.19 0.5
11 14 0.71 0.37
12 13 0.67 0.02
