0 1 0.28 0.72
0 2 0.9 0.21
0 3 0.51 0.54
0 4 0.17 0.82
0 5 0.64 0.28
0 6 0.19 0.1
0 7 0.14 0.56
0 8 0.03 0.29
0 9 0.21 0.4
0 11 0.25 0.15
0 12 0.31 0.25
0 13 0.87 0.43
0 14 0.89 0.58
0 15 0.86 0.03
1 2 0.11 0.16
1 3 0.04 0.09
1 4 0.95 0.17
1 5 0.74 0.28
1 6 0.9 0.81
1 7 0.36 0.1
1 8 0.03 0.61
1 10 0.8 0.39
1 12 0.6 0.86
1 13 0.04 0.21
2 3 0.24 0.8
2 4 0.61 0.43
2 5 0.77 1
2 6 0.71 0.23
2 8 0.42 0.98
2 9 0.74 0.22
2 15 0.7 0.62
3 4 1 0.48
3 7 0.57 0.04
3 10 0.35 0.55
3 13 0.58 0.6
3 15 0.52 0.42
4 5 0.97 0.57
4 6 0.77 0.6
4 8 0.52 0.37
5 7 0.4 0.48
5 9 0.38 0.43
5 10 0.11 0.69
5 11 0.69 0.75
5 14 0.66 0.96
6 11 0.93 0.1
6 15 0.82 0.86
7 14 0.39 0.3
8 9 0.12 0.94
8 10 0.19 0.17
8 12 0.04 0.28
9 11 0.93 0.44
10 12 0.36 0.62
10 13 0.97 0.44
10 14 0.08 0.75
