0 1 0.25 0.54
0 2 0.12 0.47
0 3 0.48 0.9
0 4 0.55 0.57
0 5 0.8 0.83
0 6 0.05 0.72
0 8 0.89 0.88
0 10 0.71 0.82
0 12 0.41 0.48
0 15 0.24 0.71
1 2 0.81 0.64
1 3 0.44 0.67
1 4 0.41 0.25
1 6 0.04 0.33
1 7 0.43 0.81
1 9 0.89 0.51
2 3 0.11 0.48
2 5 1 0.13
3 4 0.71 0.48
3 5 0.85 0.31
3 6 0.07 0.96
3 7 0.25 0.93
3 8 0.56 0.06
3 10 0.7 0.83
3 11 0.82 0.22
3 12 0.84 0.65
4 10 0.34 0.16
4 11 0.6 0.63
4 13 0.09 0.06
4 15 0.55 0.35
5 9 0.81 0.23
5 13 0.34 0.99
5 14 0.55 0.79
6 7 1 0.16
6 12 0.48 0.57
6 13 0.71 0.28
6 14 0.74 0.42
6 15 0.69 0.56
7 8 0.43 0.4
7 9 0.45 0.4
10 11 0.65 0.76
11 14 0.02 0.23
