0 1 0.06 0.63
0 2 0.22 0.52
0 3 0.39 0.98
0 4 0.35 0.51
0 5 0.75 0.07
0 6 0.35 0.1
0 8 0.59 0.71
0 10 0.17 0.49
0 12 0.21 0.23
0 15 0.49 0.32
1 2 0.08 0.32
1 3 0.15 0.92
1 4 0.95 0.42
1 6 0.24 0.9
1 7 0.58 0.39
1 9 0.07 0.93
2 3 0.89 0.74
2 5 0.05 0.5
3 4 0.25 0.23
3 5 0.8 0.65
3 6 0.23 0.68
3 7 0.15 0.76
3 8 0.11 0.79
3 10 0.32 0.9
3 11 0.8 0.22
3 12 0.14 0.84
4 10 0.06 0.35
4 11 0.98 0.64
4 13 0.02 0.63
4 15 0.5 0.44
5 9 0.32 0.95
5 13 0.28 0.36
5 14 0.26 0.92
6 7 0.77 0.69
6 12 0.43 0.64
6 13 0.25 0.7
6 14 0.59 0.74
6 15 0.44 0.03
7 8 0.27 0.85
7 9 0.83 0.57
10 11 0.63 0.57
11 14 0.07 0.21
