0 1 0.12 0.24
0 2 0.5 0.37
0 3 0.67 0.51
0 4 0.55 0.32
0 7 0.7 0.06
1 2 0.36 0.34
1 3 0.6 0.44
1 4 0.64 0.42
1 5 0.49 0.77
1 6 0.18 0.25
1 10 0.17 0.01
1 12 0.93 0.55
2 3 0.26 0.61
2 4 0.64 0.43
2 7 0.48 0.41
2 9 0.63 0.19
2 10 0.08 0.85
2 11 0.84 0.4
2 12 0.57 0.2
3 5 0.2 0.33
3 6 0.16 0.38
3 8 0.33 0.28
3 11 0.9 0.27
3 12 0.15 0.1
3 15 0.21 0.27
4 5 0.23 0.69
4 6 0.89 0.72
4 8 0.86 0.99
4 11 0.98 0.46
4 14 0.92 0.18
5 14 0.38 0.17
6 7 0.8 0.49
6 8 0.62 0.61
6 9 0.67 0.67
6 10 0.57 0.85
6 13 0.82 0.15
6 15 0.42 0.85
7 9 0.62 0.65
7 14 0.86 0.9
11 13 0.63 0.33
12 13 0.66 0.34
12 15 0.91 0.14
