0 1 0.54 0.46
0 2 0.53 0.41
0 3 0.57 0.09
0 4 0.28 0.51
0 10 0.84 0.84
0 11 0.71 0.43
0 12 0.53 0.31
0 13 0.66 0.45
0 14 0.36 0.95
0 15 0.05 0.44
1 2 0.38 0.43
1 3 0.93 0.94
1 5 0.74 0.14
1 6 0.04 0.07
1 8 0.1 0.6
1 9 0.24 0.29
1 11 0.71 0.83
1 13 0.76 0.12
2 3 0.87 0.47
2 4 0.24 0.97
2 7 0.89 0.64
2 8 0.95 0.88
2 15 0.2 0.72
3 4 0.72 0.39
3 5 0.02 0.24
3 6 0.66 0.05
3 7 0.5 0.92
3 10 0.49 0.1
3 12 0.84 0.06
3 14 0.71 0.06
3 15 0.1 0.76
4 5 1 0.27
4 6 0.02 0.91
4 7 0.18 0.1
4 11 0.1 0.16
4 13 0.68 0.49
6 9 0.2 0.66
6 12 0.13 0.6
6 14 0.05 0.84
7 8 0.47 0.74
7 9 0.14 0.13
7 10 0.01 0.37
