0 1 0.5 0.46
0 2 0.76 0.2
0 3 1 0.53
0 4 0.49 0.23
0 6 0.15 0.22
0 7 0.06 0.93
0 8 0.71 0.69
0 9 0.57 0.01
0 10 0.91 0.26
0 13 0.74 0.24
0 15 0.19 0.3
1 2 0.76 0.87
1 3 0.51 0.09
1 4 0.59 0.66
1 5 0.93 0.79
1 7 0.32 0.82
1 8 0.83 0.27
1 9 0.22 0.18
1 12 0.34 0.35
1 14 0.12 0.18
1 15 0.95 0.97
2 3 0.96 0.05
2 5 0.28 0.27
2 6 0.32 0.41
2 8 0.31 0.66
3 4 0.69 0.43
3 5 0.59 0.22
3 9 0.39 0.06
3 12 0.15 0.39
3 13 0.81 0.83
4 6 0.2 0.99
4 11 0.55 0.86
4 14 0.39 0.24
6 7 0.67 0.31
6 10 0.41 0.31
6 11 0.51 0.77
6 12 0.43 0.54
6 13 0.62 1
7 10 0.42 0.94
8 11 0.04 0.88
9 15 0.22 0.39
10 14 0.91 0.54
