0 1 0.08 0.23
0 2 0.84 0.86
0 3 0.9 0.1
0 4 0.24 0.95
0 5 0.61 0.26
0 7 0.86 0.56
0 8 0.99 0.18
0 10 0.72 0.58
0 12 0.29 0.19
0 14 0.6 0.07
1 2 0.29 0.84
1 3 0.07 0.19
1 4 0.35 0.74
1 5 0.77 0.63
1 6 0.34 0.3
1 10 0.37 0.14
2 3 0.1 0.83
2 4 0.93 0.97
2 5 0.02 0.18
2 6 0.35 0.62
2 7 0.88 0.58
2 8 0.29 0.68
2 9 0.11 0.73
2 10 0.91 0.56
2 11 0.88 0.22
2 13 0.23 0.6
2 14 0.3 0.75
2 15 0.69 0.77
3 4 0.54 0.98
3 5 0.21 0.99
3 6 0.9 0.29
3 7 0.77 0.26
3 8 0.16 0.44
3 9 0.96 0.95
3 11 0.13 0.19
3 12 0.83 0.08
4 9 0.68 0.42
4 15 0.01 0.8
5 6 0.76 0.1
5 11 0.62 0.45
5 13 0.23 0.37
6 7 0.6 0.16
6 8 0.43 0.55
6 9 0.65 0.23
6 14 0.89 0.38
7 12 0.39 0.71
8 10 0.24 0.89
8 13 0.28 0.96
9 11 0.47 0.6
9 13 0.57 0.5
9 15 0.87 0.08
10 14 0.87 0.41
10 15 0.2 0.15
11 12 0.5 0.46
