0 1 0.84 0.68
0 2 0.72 0.84
0 3 0.16 0.67
0 4 0.91 0.41
0 6 0.99 0.23
0 8 0.48 0.93
0 10 0.56 0.67
0 11 0.58 0.17
0 12 0.85 0.8
0 14 1 0.37
0 15 0.66 0.84
1 2 0.91 0.6
1 3 0.49 0.36
1 4 0.66 0.38
1 5 0.11 0.29
1 6 0.28 0.23
1 9 0.65 0.26
1 14 0.22 0.68
2 3 0.48 0.46
2 4 0.2 0.75
2 5 0.99 0.8
2 6 0.29 0.31
2 7 0.73 0.61
2 8 0.74 0.86
2 10 0.65 0.33
2 14 0.65 0.92
3 4 0.12 0.32
3 5 0.09 0.98
3 6 0.96 0.03
3 7 0.73 0.99
3 8 0.03 0.23
3 9 0.01 0.96
3 10 0.46 0.38
4 5 0.25 0.77
4 7 0.02 0.36
4 10 0.44 0.01
4 12 0.87 0.29
4 13 0.19 0.98
5 11 0.9 0.16
5 13 0.14 0.8
6 7 0.34 0.39
6 8 0.5 0.88
6 9 0.46 0.43
7 9 0.62 0.16
7 13 0.34 0.42
7 14 0.8 0.76
7 15 0.68 0.83
8 11 0.83 0.72
8 12 0.11 0.08
8 13 0.78 0.65
9 11 0.46 0.67
10 12 0.5 0.55
11 15 0.09 0.38
13 15 0.14 0.05
