0 1 0.02 0.47
0 2 0.93 0.15
0 3 0.42 0.93
0 4 0.96 0.46
0 5 0.74 0.41
0 8 0.86 0.47
0 9 0.76 0.88
0 10 0.12 0.14
0 12 0.04 0.12
0 13 0.03 0.5
0 15 0.35 0.51
1 2 0.71 0.79
1 3 0.71 0.07
1 4 0.44 0.62
1 5 0.5 0.09
1 6 0.57 0.01
1 7 0.86 0.97
1 10 0.46 0.31
1 12 0.6 0.24
2 3 0.25 0.78
2 4 0.82 0.9
2 5 0.88 0.81
2 6 0.53 0.39
2 7 0.81 0.5
2 8 0.9 0.12
2 13 0.16 0.41
2 14 0.95 0.25
3 4 0.11 0.76
3 11 0.65 0.97
3 13 0.97 0.91
3 14 0.13 0.93
3 15 0.25 0.05
4 5 0.14 0.05
4 6 0.88 0.67
4 7 0.4 0.9
4 9 0.54 0.47
4 11 0.41 0.21
5 6 0.94 0.86
5 7 0.49 0.17
5 9 0.18 0.64
6 8 0.5 0.06
6 10 0.99 0.42
6 13 0.8 0.12
7 8 0.57 0.97
7 9 0.83 1
7 10 0.84 0.35
7 14 0.97 0.23
8 11 0.89 0.95
8 12 0.2 0.89
9 11 0.46 0.03
10 15 0.3 0.57
11 12 0.32 0.96
11 15 0.23 0.15
13 14 0.69 0.66
