0 1 0.36 0.35
0 2 0.78 0.9
0 3 0.69 0.13
0 4 0.39 0.51
0 6 0.79 0.37
0 8 0.58 0.61
0 10 0.48 0.89
0 11 0.32 0.08
0 12 0.71 0.39
0 14 0.6 0.1
0 15 0.37 0.55
1 2 0.63 0.21
1 3 0.62 0.75
1 4 0.56 0.74
1 5 0.17 0.97
1 6 0.58 0.7
1 9 0.57 0.32
1 14 0.66 0.33
2 3 0.04 0.02
2 4 0.96 0.54
2 5 0.34 0.33
2 6 0.79 0.18
2 7 0.39 0.51
2 8 0.96 0.18
2 10 0.08 0.9
2 14 0.01 0.82
3 4 0.35 0.89
3 5 0.17 0.93
3 6 0.86 0.92
3 7 0.68 0.59
3 8 0.46 0.02
3 9 0.4 0.5
3 10 0.63 0.78
4 5 0.2 0.24
4 7 0.78 0.56
4 10 0.51 0.49
4 12 0.1 0.22
4 13 0.98 0.69
5 11 0.7 0.17
5 13 0.64 0.95
6 7 0.21 0.81
6 8 0.86 0.98
6 9 0.12 0.86
7 9 0.38 0.09
7 13 0.46 0.85
7 14 0.94 0.5
7 15 0.28 0.92
8 11 0.36 0.08
8 12 0.66 0.06
8 13 0.25 0.7
9 11 0.16 0.01
10 12 0.75 0.84
11 15 0.57 0.02
13 15 0.33 0.81
