0 1 0.53 0.64
0 2 0.75 0.75
0 3 0.02 0.06
0 4 0.93 0.22
0 5 0.05 0.97
0 7 0.89 0.74
0 8 0.62 0.33
0 10 0.6 0.22
0 12 0.44 0.38
0 14 0.75 0.46
1 2 0.93 0.07
1 3 0.4 0.19
1 4 0.91 0.12
1 5 0.67 0.47
1 6 0.13 0.7
1 10 0.5 0.47
2 3 0.7 0.43
2 4 0.21 0.1
2 5 0.25 0.43
2 6 0.59 0.85
2 7 0.34 0.12
2 8 0.49 0.87
2 9 0.36 0.65
2 10 0.38 0.14
2 11 0.27 0.78
2 13 0.28 0.58
2 14 0.99 0.18
2 15 0.9 0.09
3 4 0.86 0.58
3 5 0.34 0.99
3 6 0.66 0.78
3 7 0.42 0.49
3 8 0.28 0.23
3 9 0.98 0.81
3 11 0.57 0.25
3 12 0.36 0.3
4 9 0.58 0.77
4 15 0.3 0.46
5 6 0.76 0.67
5 11 0.54 0.69
5 13 0.79 0.57
6 7 0.61 0.72
6 8 0.92 0.87
6 9 0.74 0.68
6 14 0.23 0.52
7 12 0.23 0.09
8 10 0.89 0.43
8 13 0.54 0.43
9 11 0.31 0.81
9 13 0.04 0.49
9 15 0.98 0.61
10 14 0.84 0.32
10 15 0.25 0.67
11 12 0.55 0.69
