0 1 0.77 0.58
0 2 0.69 0.12
0 3 0.78 0.51
0 4 0.11 0.89
0 5 0.29 0.94
0 8 0.56 0.56
0 9 0.36 0.97
0 10 0.86 0.56
0 12 0.15 0.07
0 13 0.85 0.1
0 15 0.01 0.93
1 2 0.77 0.65
1 3 0.96 0.56
1 4 0.45 0.33
1 5 0.28 0.65
1 6 0.22 0.5
1 7 0.79 0.7
1 10 0.47 0.82
1 12 0.4 0.53
2 3 0.95 0.61
2 4 0.59 0.18
2 5 0.24 0.4
2 6 0.72 0.95
2 7 0.23 0.98
2 8 0.4 0.65
2 13 0.54 0.2
2 14 0.01 0.66
3 4 0.91 0.54
3 11 0.17 0.81
3 13 0.63 0.46
3 14 0.21 0.2
3 15 0.15 0.5
4 5 0.82 0.44
4 6 0.74 0.74
4 7 0.17 0.65
4 9 0.5 0.43
4 11 0.04 0.36
5 6 0.37 0.89
5 7 0.17 0.82
5 9 0.84 0.6
6 8 0.89 0.82
6 10 0.48 0.31
6 13 0.44 0.3
7 8 0.54 0.21
7 9 0.63 0.49
7 10 0.14 0.6
7 14 0.41 0.32
8 11 0.32 0.12
8 12 0.21 0.3
9 11 0.02 0.44
10 15 0.57 0.55
11 12 0.49 0.04
11 15 0.6 0.86
13 14 0.4 0.07
