0 1 0.16 0.02
0 2 0.33 0.29
0 3 0.82 0.22
0 4 0.62 0.04
0 5 0.87 0.35
0 8 0.43 0.26
0 9 0.83 0.74
0 10 0.25 0.04
0 12 0.31 0.54
0 13 0.14 0.28
0 15 0.62 0.43
1 2 0.9 0.7
1 3 0.09 0.72
1 4 0.91 0.16
1 5 0.47 0.34
1 6 0.63 0.59
1 7 0.62 0.9
1 10 0.39 0.73
1 12 0.08 0.21
2 3 0.3 0.35
2 4 0.43 1
2 5 0.24 0.78
2 6 0.94 0.42
2 7 0.01 0.27
2 8 0.37 0.44
2 13 0.91 0.68
2 14 0.73 0.63
3 4 0.75 0.29
3 11 0.06 0.26
3 13 0.37 0.8
3 14 0.91 0.16
3 15 0.63 0.96
4 5 0.24 0.18
4 6 0.86 0.96
4 7 0.88 0.55
4 9 0.46 0.6
4 11 0.73 0.27
5 6 0.29 0.89
5 7 0.8 0.82
5 9 0.88 0.45
6 8 0.98 0.38
6 10 0.27 0.24
6 13 0.29 0.72
7 8 0.64 0.56
7 9 0.56 0.3
7 10 0.4 0.02
7 14 0.66 0.81
8 11 0.65 0.44
8 12 0.25 0.88
9 11 0.64 0.87
10 15 0.27 0.63
11 12 0.11 0.29
11 15 0.99 0.09
13 14 0.3 0.16
