0 1 0.9 0.38
0 2 0.09 0.82
0 3 0.79 0.78
0 4 0.67 0.18
0 5 0.61 0.04
0 6 0.56 0.16
0 8 0.81 0.57
0 9 0.97 0.74
0 10 0.67 0.14
1 2 0.33 0.72
1 3 0.11 0.36
1 4 0.69 0.41
1 7 0.32 0.23
1 8 0.29 0.54
1 9 0.05 0.23
1 10 0.85 0.34
1 11 0.41 0.05
1 13 0.71 0.86
2 3 0.94 0.52
2 4 0.55 0.71
2 5 0.6 0.55
2 6 0.67 0.81
2 7 0.03 1
2 11 0.3 0.77
3 4 0.45 0.37
3 5 0.47 0.09
3 6 0.01 0.66
4 5 0.4 0.53
4 7 0.42 0.69
4 8 0.33 0.77
4 9 0.04 0.01
4 11 0.5 0.99
4 12 0.07 0.56
4 14 0.99 0.5
5 6 0.18 0.81
5 7 0.66 0.64
5 10 0.19 0.02
5 15 0.77 0.66
6 11 0.44 0.44
6 12 0.92 0.53
6 15 0.57 0.79
7 8 0.11 0.43
7 12 0.62 0.99
7 13 0.86 0.93
7 14 0.39 0.96
7 15 0.98 0.52
8 9 0.67 0.21
8 10 0.01 0.86
9 12 0.5 0.32
9 13 0.71 0.86
10 15 0.37 0.63
11 13 0.64 0.03
12 14 0.41 0.21
13 14 0.28 0.04
