0 1 1 0.53
0 2 0.28 0.69
0 3 0.63 0.91
0 4 0.24 0.95
0 6 0.79 0.28
0 9 0.24 0.26
0 10 0.61 0.72
0 11 0.48 0.4
0 13 0.91 0.3
1 2 0.97 0.66
1 3 0.77 0.16
1 4 0.2 0.43
1 5 0.86 0.99
1 12 0.79 0.58
2 3 0.16 0.39
2 4 0.58 0.22
2 6 0.12 0.24
2 7 0.12 0.62
2 8 0.96 0.49
2 9 0.54 0.88
2 10 0.71 0.98
2 11 0.51 0.71
2 13 0.29 0.64
3 5 0.73 0.72
3 8 0.26 0.55
3 15 0.92 0.25
4 5 0.85 0.91
5 6 0.94 0.83
5 7 0.42 0.09
5 8 0.8 0.75
5 9 0.2 0.31
5 11 0.99 0.27
5 15 0.99 0.88
6 7 0.46 0.36
6 10 0.04 0.93
6 12 0.51 0.13
6 13 0.71 0.37
8 12 0.09 0.47
8 14 0.54 0.53
11 15 0.02 0.89
12 14 0.65 0.33
13 14 0.21 1
