0 1 0.02 0.98
0 2 0.97 0.49
0 3 0.84 0.65
0 4 0.68 0.7
0 5 0.76 0.83
0 7 0.31 0.18
0 8 0.31 0.85
0 9 0.52 0.29
0 10 0.51 0.28
0 12 0.08 0.36
0 15 0.52 0.57
1 2 0.4 0.98
1 3 0.49 0.74
1 4 0.93 0.56
1 5 0.64 0.07
1 6 0.07 0.52
1 8 0.71 0.14
1 11 0.59 0.19
1 12 0.59 0.52
2 3 0.46 0.9
2 4 0.94 0.76
2 5 0.78 0.5
2 6 0.83 0.08
2 7 0.67 0.97
3 4 0.6 0.88
3 7 0.14 0.14
3 9 0.82 0.52
3 10 0.01 0.61
3 12 0.68 0.05
3 13 0.09 0.84
3 14 0.12 0.75
4 5 0.74 0.4
4 6 0.12 0.63
4 8 0.29 0.55
4 9 0.73 0.88
4 14 0.32 0.11
4 15 0.08 0.6
5 6 0.99 0.38
5 12 0.2 0.28
6 7 0.54 0.62
6 8 0.32 0.07
6 11 0.1 0.47
6 13 0.42 0.41
6 14 0.69 0.46
6 15 0.56 0.47
7 9 0.12 0.38
7 10 0.76 0.51
7 11 0.98 0.09
7 15 0.24 0.98
9 10 0.24 0.5
9 11 0.91 0.57
10 13 0.17 0.22
12 13 0.12 0.32
12 14 0.37 0.52
