0 1 0.33 0.46
0 2 0.04 0.43
0 3 0.91 0.81
0 4 0.55 0.47
0 5 0.86 0.53
0 6 0.13 0.38
0 7 0.41 0.02
0 8 0.06 0.77
0 9 0.2 0.87
0 11 0.56 0.9
0 12 0.24 0.79
0 13 0.35 0.83
0 14 0.84 0.92
0 15 0.95 0.27
1 2 0.72 0.18
1 3 0.85 0.55
1 4 0.99 0.7
1 5 0.1 0.41
1 6 0.32 0.02
1 7 0.53 0.66
1 8 0.07 0.73
1 10 0.23 0.8
1 12 0.77 0.68
1 13 0.97 0.69
2 3 0.42 0.86
2 4 0.36 0.95
2 5 0.22 0.16
2 6 0.02 0.31
2 8 0.53 0.26
2 9 0.18 0.22
2 15 0.7 0.09
3 4 0.16 0.97
3 7 0.21 0.08
3 10 0.34 0.42
3 13 0.18 0.4
3 15 0.61 0.5
4 5 0.63 0.93
4 6 0.22 0.92
4 8 0.9 0.45
5 7 0.45 0.15
5 9 0.21 0.11
5 10 0.12 0.2
5 11 0.15 0.79
5 14 0.1 0.96
6 11 0.73 0.41
6 15 0.93 0.31
7 14 0.39 0.04
8 9 0.95 0.68
8 10 0.12 0.91
8 12 0.99 0.57
9 11 0.55 0.21
10 12 0.76 0.28
10 13 0.62 0.14
10 14 0.88 0.89
