0 1 0.31 0.87
0 2 0.78 0.05
0 3 0.2 0.19
0 4 0.11 0.1
0 5 0.02 0.83
0 6 0.39 0.87
0 7 0.12 0.27
0 8 0.57 0.62
0 9 0.05 0.75
0 11 0.13 0.41
0 12 0.91 0.92
0 13 0.57 0.35
0 14 0.96 0.65
0 15 0.16 0.11
1 2 0.38 0.14
1 3 0.68 0.81
1 4 0.97 0.3
1 5 0.02 0.48
1 6 0.67 0.38
1 7 0.98 0.92
1 8 0.81 0.89
1 10 0.32 0.87
1 12 0.25 0.26
1 13 0.42 0.99
2 3 0.98 0.88
2 4 0.6 0.94
2 5 0.77 0.55
2 6 0.66 0.92
2 8 0.8 0.97
2 9 0.58 0.96
2 15 0.53 0.85
3 4 0.28 0.7
3 7 0.88 0.53
3 10 0.54 0.58
3 13 0.08 0.26
3 15 0.71 0.3
4 5 0.9 0.36
4 6 0.09 0.59
4 8 0.5 0.09
5 7 0.5 0.03
5 9 0.09 0.89
5 10 0.65 0.31
5 11 0.51 0.27
5 14 0.4 0.57
6 11 0.04 0.88
6 15 0.01 0.17
7 14 0.13 0.42
8 9 0.42 0.3
8 10 0.87 0.56
8 12 0.22 0.23
9 11 0.59 0.47
10 12 0.34 0.27
10 13 0.38 0.65
10 14 0.11 0.87
