0 1 0.78 0.43
0 2 0.82 0.88
0 3 0.11 0.74
0 4 0.58 0.05
0 6 0.31 0.95
0 8 0.24 0.18
0 10 0.82 0.2
0 11 0.74 0.77
0 12 0.5 0.1
0 14 0.03 0.24
0 15 0.76 0.49
1 2 0.94 0.27
1 3 0.2 0.51
1 4 0.02 0.15
1 5 0.82 0.63
1 6 0.96 0.73
1 9 0.06 0.84
1 14 0.88 0.34
2 3 0.32 0.5
2 4 0.59 0.05
2 5 0.3 0.83
2 6 0.83 0.61
2 7 0.43 0.88
2 8 0.91 0.66
2 10 0.9 0.94
2 14 0.4 0.41
3 4 0.79 0.36
3 5 0.87 0.81
3 6 0.92 0.14
3 7 0.65 0.16
3 8 0.21 0.21
3 9 0.19 1
3 10 0.35 0.87
4 5 0.24 0.84
4 7 0.04 0.72
4 10 0.97 0.17
4 12 0.29 0.01
4 13 0.03 0.39
5 11 0.43 0.89
5 13 0.59 0.98
6 7 0.19 0.14
6 8 0.98 0.15
6 9 0.33 0.95
7 9 0.36 0.9
7 13 0.39 0.07
7 14 0.5 0.81
7 15 0.15 0.8
8 11 0.96 0.58
8 12 0.08 0.57
8 13 0.69 0.47
9 11 0.69 0.3
10 12 0.57 0.82
11 15 0.77 0.17
13 15 0.16 0.62
