0 1 0.95 0.29
0 2 0.8 0.79
0 3 0.52 0.14
0 4 0.26 0.79
0 7 0.02 0.05
1 2 0.47 0.79
1 3 0.49 0.1
1 4 0.88 0.01
1 5 0.17 0.61
1 6 0.4 0.4
1 10 0.76 0.91
1 12 0.93 0.79
2 3 0.67 0.78
2 4 0.37 0.37
2 7 0.01 0.23
2 9 0.17 0.01
2 10 0.58 0.74
2 11 0.68 0.5
2 12 0.13 0.14
3 5 0.91 0.32
3 6 0.99 0.43
3 8 0.78 0.44
3 11 0.47 0.23
3 12 0.86 0.22
3 15 0.1 0.87
4 5 0.97 0.4
4 6 0.76 0.32
4 8 0.87 0.39
4 11 0.73 0.25
4 14 0.78 0.68
5 14 0.07 0.72
6 7 0.09 0.3
6 8 0.2 0.78
6 9 0.12 0.37
6 10 0.87 0.43
6 13 1 0.43
6 15 0.58 0.35
7 9 0.77 0.6
7 14 0.34 0.7
11 13 0.68 0.75
12 13 0.18 0.57
12 15 0.32 0.15
