0 1 0.53 0.32
0 2 0.61 0.11
0 3 0.87 0.35
0 4 0.35 0.99
0 5 0.84 0.86
0 6 0.24 0.94
0 7 0.2 0.58
0 8 0.91 0.33
0 9 0.51 0.79
0 11 0.35 0.96
0 12 0.93 0.5
0 13 0.22 0.46
0 14 0.51 0.07
0 15 0.21 0.58
1 2 0.13 0.41
1 3 0.4 0.21
1 4 0.3 0.88
1 5 0.9 0.3
1 6 0.14 0.9
1 7 0.66 0.5
1 8 0.18 0.06
1 10 0.91 0.77
1 12 0.29 0.84
1 13 0.34 0.13
2 3 0.13 0.22
2 4 0.29 0.25
2 5 0.03 0.3
2 6 0.5 0.54
2 8 0.93 0.6
2 9 0.92 0.23
2 15 0.52 0.49
3 4 0.17 0.63
3 7 0.82 0.02
3 10 0.25 0.22
3 13 0.52 0.82
3 15 0.34 0.31
4 5 0.04 0.63
4 6 0.65 0.05
4 8 0.83 0.25
5 7 0.58 0.47
5 9 0.23 0.29
5 10 0.81 0.4
5 11 0.79 0.47
5 14 0.14 0.45
6 11 0.99 0.61
6 15 0.42 0.61
7 14 0.08 0.64
8 9 0.01 0.19
8 10 0.89 0.12
8 12 0.35 0.86
9 11 0.29 0.77
10 12 0.15 0.63
10 13 0.71 0.82
10 14 0.98 0.92
