0 1 0.49 0.2
0 2 0.38 0.56
0 3 0.52 0.6
0 4 0.91 0.4
0 6 0.98 0.24
0 7 0.53 0.67
0 8 0.81 0.72
0 9 0.72 0.05
0 10 0.46 0.14
0 13 0.84 0.23
0 15 0.99 0.11
1 2 0.34 0.88
1 3 0.65 0.67
1 4 0.02 0.15
1 5 0.18 0.04
1 7 0.46 0.53
1 8 0.52 0.89
1 9 0.09 0.24
1 12 0.62 0.2
1 14 0.01 0.75
1 15 0.81 0.28
2 3 0.09 0.65
2 5 0.91 0.15
2 6 0.06 0.85
2 8 0.06 0.43
3 4 0.12 0.21
3 5 0.05 0.72
3 9 0.8 0.77
3 12 0.73 0.26
3 13 0.86 0.82
4 6 0.78 0.88
4 11 0.82 0.38
4 14 0.38 0.3
6 7 0.79 0.55
6 10 0.6 0.65
6 11 0.87 0.68
6 12 0.15 0.45
6 13 0.89 0.02
7 10 0.64 0.64
8 11 0.95 0.63
9 15 0.08 0.8
10 14 0.22 0.21
