0 1 0.25 0.21
0 2 0.86 0.3
0 3 0.61 0.41
0 4 0.36 0.19
0 5 0.27 0.52
0 6 0.34 0.64
0 8 0.3 0.96
0 10 0.31 0.64
0 12 0.07 0.62
0 15 0.21 0.48
1 2 0.8 0.03
1 3 0.05 0.86
1 4 0.43 0.89
1 6 0.84 0.32
1 7 0.58 0.25
1 9 0.51 0.47
2 3 0.27 0.87
2 5 0.01 0.34
3 4 0.04 0.25
3 5 0.35 0.64
3 6 0.46 0.78
3 7 0.01 0.11
3 8 0.47 0.18
3 10 0.09 0.72
3 11 0.28 0.51
3 12 0.14 0.69
4 10 0.21 0.43
4 11 0.04 0.6
4 13 0.79 0.26
4 15 0.16 0.61
5 9 0.43 0.84
5 13 0.57 0.24
5 14 0.17 0.51
6 7 0.16 0.46
6 12 0.77 0.13
6 13 0.24 0.09
6 14 0.65 0.56
6 15 0.43 0.61
7 8 0.84 0.05
7 9 0.56 0.81
10 11 0.97 0.71
11 14 0.81 0.65
