0 1 0.76 0.82
0 2 0.42 0.76
0 3 0.61 0.49
0 4 0.88 0.44
0 5 0.34 0.35
0 9 0.8 0.39
0 13 0.95 0.97
1 2 0.12 0.77
1 3 0.29 0.84
1 5 0.75 0.55
1 6 0.97 0.73
1 8 0.6 0.69
1 9 0.62 0.69
1 10 0.12 0.94
2 3 0.09 0.34
2 4 0.58 0.99
2 7 0.18 0.81
2 8 0.52 0.59
2 9 0.87 0.57
2 11 0.05 0.57
2 15 0.2 0.3
3 4 0.35 0.86
3 5 0.69 0.47
3 6 0.31 0.7
3 14 0.9 0.15
4 10 0.16 0.69
4 11 0.86 0.5
4 12 0.98 0.9
5 6 0.93 0.14
5 7 0.35 0.74
5 8 0.89 0.35
6 7 0.63 0.83
6 10 0.56 0.98
6 14 0.97 0.14
7 11 0.83 0.27
7 14 0.26 0.12
8 12 0.26 0.3
9 12 0.12 0.55
9 15 0.45 0.8
10 13 0.71 0.83
12 13 0.58 0.85
14 15 0.07 0.23
