0 1 0.76 0.18
0 2 1 0.5
0 3 0.98 0.69
0 4 0.58 0.88
0 10 0.79 0.4
0 11 0.97 0.96
0 12 0.89 0.59
0 13 0.1 0.24
0 14 0.83 0.97
0 15 0.95 0.82
1 2 0.03 0.62
1 3 1 0.37
1 5 0.27 0.57
1 6 0.74 0.9
1 8 0.98 0.58
1 9 0.47 0.76
1 11 0.47 0.78
1 13 0.91 0.14
2 3 1 0.95
2 4 0.99 0.03
2 7 0.03 0.32
2 8 0.13 0.75
2 15 0.46 0.91
3 4 0.33 0.45
3 5 0.17 0.37
3 6 0.96 0.98
3 7 0.09 0.44
3 10 0.06 0.92
3 12 0.78 0.24
3 14 0.89 0.6
3 15 0.05 0.75
4 5 0.77 0.91
4 6 0.26 0.02
4 7 0.48 0.46
4 11 0.17 0.13
4 13 0.96 0.33
6 9 0.18 0.15
6 12 0.12 0.26
6 14 0.35 0.93
7 8 0.67 0.45
7 9 0.64 0.93
7 10 0.91 0.95
