0 1 0.79 0.99
0 2 0.38 0.53
0 3 0.24 0.69
0 4 0.45 0.61
0 5 0.71 0.9
0 7 0.21 0.55
0 8 0.39 0.44
0 10 0.71 0.84
0 12 0.63 0.93
0 14 0.04 0.47
1 2 0.54 0.13
1 3 0.26 0.04
1 4 0.06 0.6
1 5 0.02 0.7
1 6 0.22 0.34
1 10 0.5 0.36
2 3 0.7 0.1
2 4 0.32 0.49
2 5 0.33 0.56
2 6 0.82 0.82
2 7 0.71 0.97
2 8 0.47 0.7
2 9 0.63 0.69
2 10 0.54 0.31
2 11 0.65 0.52
2 13 0.71 0.81
2 14 0.33 0.2
2 15 0.61 0.29
3 4 0.27 0.41
3 5 0.69 0.74
3 6 0.2 0.68
3 7 0.29 0.22
3 8 0.06 0.55
3 9 0.08 0.76
3 11 0.63 0.13
3 12 0.61 0.48
4 9 0.7 0.46
4 15 0.96 0.33
5 6 0.68 0.12
5 11 0.53 0.87
5 13 0.31 0.2
6 7 0.94 0.47
6 8 0.14 0.51
6 9 0.33 0.47
6 14 0.9 0.24
7 12 0.18 0.7
8 10 0.75 0.02
8 13 0.93 0.4
9 11 0.17 0.94
9 13 0.09 0.55
9 15 0.97 0.25
10 14 0.72 0.65
10 15 0.11 0.46
11 12 0.7 0.46
