0 1 0.34 0.35
0 2 0.28 0.61
0 3 0.91 0.22
0 4 0.61 0.07
0 6 0.69 0.72
0 7 0.59 0.82
0 9 0.9 0.89
0 11 0.82 0.45
0 12 0.24 0.12
0 13 0.62 0.81
0 14 0.63 0.99
1 2 0.6 0.78
1 3 0.03 0.95
1 4 0.8 0.55
1 5 0.52 0.22
1 8 0.42 0.03
1 9 0.57 0.23
2 3 0.5 0.81
2 4 0.87 0.24
2 10 0.51 0.23
2 14 0.35 0.52
3 5 0.24 0.84
3 6 0.14 0.93
3 7 0.46 0.16
3 10 0.2 0.57
3 11 0.11 0.6
3 13 0.84 0.8
4 5 0.23 0.72
4 10 0.24 0.17
4 15 0.24 0.38
5 6 0.72 0.18
5 12 0.14 0.81
6 7 0.13 0.97
6 8 0.83 0.19
6 11 0.51 0.18
7 8 0.04 0.62
7 9 0.74 0.38
7 12 0.31 0.97
7 13 0.18 0.99
7 14 0.02 0.75
8 15 0.82 0.38
11 15 0.01 0.23
