0 1 0.06 0.66
0 2 0.4 0.19
0 3 0.46 0.45
0 4 0.39 0.67
0 6 0.44 1
0 9 0.74 0.46
0 10 0.29 0.32
0 11 0.69 0.26
0 13 0.17 0.08
1 2 0.37 0.68
1 3 0.77 0.26
1 4 0.51 0.87
1 5 0.54 0.09
1 12 0.49 0.63
2 3 0.56 0.75
2 4 0.16 0.99
2 6 0.23 0.42
2 7 0.92 0.42
2 8 0.32 0.9
2 9 0.45 0.27
2 10 0.2 0.59
2 11 0.5 0.22
2 13 0.39 0.97
3 5 0.84 0.47
3 8 0.77 0.21
3 15 0.56 0.78
4 5 0.58 0.64
5 6 0.1 0.37
5 7 0.78 0.17
5 8 0.95 0.7
5 9 0.94 0.05
5 11 0.86 0.99
5 15 0.19 0.15
6 7 0.27 0.32
6 10 0.27 0.31
6 12 0.85 0.86
6 13 0.66 0.93
8 12 0.03 0.2
8 14 0.49 0.6
11 15 0.81 0.92
12 14 0.06 0.15
13 14 0.83 0.31
