0 1 0.56 0.51
0 2 0.7 0.67
0 3 0.39 0.34
0 4 0.96 0.94
0 5 0.29 0.37
0 6 0.6 0.14
0 8 0.46 0.98
0 9 0.37 0.96
0 10 0.73 0.12
1 2 0.16 0.67
1 3 0.1 0.59
1 4 0.01 0.98
1 7 0.85 0.12
1 8 0.9 0.25
1 9 0.2 0.34
1 10 0.57 0.07
1 11 0.04 0.88
1 13 0.14 0.64
2 3 0.63 0.16
2 4 0.64 0.94
2 5 0.39 0.34
2 6 0.35 0.13
2 7 0.22 0.58
2 11 0.65 0.86
3 4 0.04 0.84
3 5 0.55 0.45
3 6 0.18 0.09
4 5 0.95 0.55
4 7 0.35 0.76
4 8 0.41 0.2
4 9 0.02 0.76
4 11 0.04 0.79
4 12 0.29 0.25
4 14 0.5 0.03
5 6 0.24 0.25
5 7 0.08 0.27
5 10 0.78 0.09
5 15 0.74 0.22
6 11 0.74 0.05
6 12 0.21 0.04
6 15 0.64 0.75
7 8 0.47 0.59
7 12 0.73 0.09
7 13 0.11 0.75
7 14 0.21 0.94
7 15 0.05 0.82
8 9 0.82 0.83
8 10 0.39 0.39
9 12 0.54 0.77
9 13 0.56 0.8
10 15 0.92 0.91
11 13 0.06 0.01
12 14 0.33 0.11
13 14 0.74 0.49
