0 1 0.15 0.32
0 2 0.49 0.99
0 3 0.39 0.95
0 4 0.6 0.51
0 5 0.62 0.41
0 6 0.59 0.37
0 7 0.41 0.72
0 8 0.94 0.6
0 9 0.71 0.09
0 11 0.35 0.46
0 13 0.74 0.75
0 15 0.9 0.81
1 2 0.66 0.89
1 3 0.09 0.85
1 4 0.23 0.35
1 5 0.32 0.51
1 6 0.33 0.2
1 10 1 0.35
1 14 0.06 0.78
1 15 0.23 0.79
2 3 0.82 0.6
2 4 0.82 0.41
2 5 0.87 0.32
2 7 0.82 0.82
2 8 0.21 0.71
2 9 0.73 0.78
2 11 0.93 0.46
2 12 0.6 0.07
2 15 0.83 0.43
3 4 0.5 0.26
3 5 0.81 0.74
3 6 0.7 0.5
3 9 0.55 0.59
3 13 0.44 0.71
4 5 0.72 0.27
4 6 0.6 0.79
4 7 0.83 0.03
4 8 0.38 0.29
4 9 0.53 0.35
4 10 0.58 0.02
4 11 0.04 0.36
4 12 0.44 0.75
4 15 0.44 0.83
5 6 0.76 0.54
5 7 0.12 0.64
5 8 0.43 0.58
5 12 0.84 0.78
5 14 0.33 0.71
6 7 0.73 0.58
6 10 0.7 0.74
6 11 0.21 0.32
6 12 0.1 0.01
6 13 0.35 0.63
7 8 0.71 0.73
7 9 0.76 0.51
7 10 0.5 0.42
7 11 0.95 0.23
7 14 0.4 0.65
8 10 0.39 0.5
10 14 0.33 0.97
10 15 0.77 0.1
11 12 0.24 0.25
11 13 0.3 0.38
11 14 0.48 0.14
12 13 0.38 0.32
