0 1 0.21 0.39
0 2 0.25 0.39
0 3 0.19 0.66
0 4 0.02 0.69
0 5 0.48 0.96
0 6 0.25 0.99
0 7 0.99 0.81
0 8 0.24 0.37
0 9 0.94 0.06
0 11 0.35 0.6
0 12 0.74 0.07
0 13 0.05 0.37
0 14 0.2 0.95
0 15 0.63 0.12
1 2 0.31 0.26
1 3 0.84 0.32
1 4 0.5 0.36
1 5 0.18 0.98
1 6 0.29 0.1
1 7 0.75 0.54
1 8 0.12 0.74
1 10 0.63 0.14
1 12 0.54 0.02
1 13 0.03 0.85
2 3 0.78 0.55
2 4 0.19 0.58
2 5 0.8 0.63
2 6 0.8 0.26
2 8 0.66 0.17
2 9 0.52 0.23
2 15 0.74 0.27
3 4 0.15 0.51
3 7 0.21 0.22
3 10 0.24 0.98
3 13 0.85 0.25
3 15 0.03 0.8
4 5 0.56 0.69
4 6 0.07 0.94
4 8 0.26 0.1
5 7 0.94 0.89
5 9 0.29 0.51
5 10 1 0.48
5 11 0.61 0.31
5 14 0.34 0.09
6 11 0.54 0.35
6 15 0.41 0.54
7 14 0.33 0.76
8 9 0.24 0.14
8 10 0.54 0.51
8 12 0.68 0.96
9 11 0.41 0.73
10 12 0.78 0.83
10 13 0.15 0.84
10 14 0.05 0.2
