0 1 0.23 0.28
0 2 0.62 0.8
0 3 0.98 0.9
0 4 0.36 0.23
0 5 0.2 0.92
0 7 0.61 0.69
0 8 0.45 0.47
0 10 0.1 0.19
0 12 0.83 0.67
0 14 0.07 0.93
1 2 0.16 0.02
1 3 0.62 0.84
1 4 0.41 0.41
1 5 0.04 0.88
1 6 0.95 0.81
1 10 0.65 0.66
2 3 0.21 0.77
2 4 0.93 0.92
2 5 0.27 0.07
2 6 0.9 0.98
2 7 0.02 0.18
2 8 0.73 0.79
2 9 0.78 0.45
2 10 0.98 0.37
2 11 0.41 0.88
2 13 0.86 0.35
2 14 0.6 0.93
2 15 0.03 0.76
3 4 0.76 0.89
3 5 0.89 0.77
3 6 0.83 0.67
3 7 0.67 0.81
3 8 0.09 0.59
3 9 0.6 0.83
3 11 0.78 0.1
3 12 0.32 0.88
4 9 0.51 0.78
4 15 0.33 0.33
5 6 0.88 0.47
5 11 0.32 0.15
5 13 0.2 0.2
6 7 0.64 0.98
6 8 0.63 0.32
6 9 0.95 0.42
6 14 0.72 0.17
7 12 0.25 0.06
8 10 0.23 0.28
8 13 0.58 0.77
9 11 0.42 0.44
9 13 0.38 0.51
9 15 0.51 0.62
10 14 0.38 0.89
10 15 0.48 0.09
11 12 0.88 0.47
