0 1 0.94 0.91
0 2 0.52 0.48
0 3 0.94 0.04
0 4 0.04 0.65
0 6 0.48 0.92
0 8 0.6 0.09
0 10 0.9 0.27
0 11 0.28 0.28
0 12 0.78 0.27
0 14 0.95 0.8
0 15 0.89 0.21
1 2 0.19 0.27
1 3 0.84 0.06
1 4 0.82 0.12
1 5 0.39 0.04
1 6 0.9 0.42
1 9 0.54 0.07
1 14 0.55 0.71
2 3 0.28 0.03
2 4 0.24 0.86
2 5 0.82 0.54
2 6 0.14 0.38
2 7 0.12 0.15
2 8 0.26 0.7
2 10 0.25 0.78
2 14 0.35 0.32
3 4 0.1 0.36
3 5 0.52 0.98
3 6 0.84 0.85
3 7 0.59 0.56
3 8 0.94 0.85
3 9 0.84 0.21
3 10 0.09 0.35
4 5 0.29 0.52
4 7 0.01 0.1
4 10 0.84 0.41
4 12 0.14 0.44
4 13 0.1 0.26
5 11 0.45 0.26
5 13 0.87 0.63
6 7 0.67 0.73
6 8 0.39 0.08
6 9 0.25 0.73
7 9 0.07 0.94
7 13 0.11 0.63
7 14 0.46 0.48
7 15 0.14 0.87
8 11 0.42 0.91
8 12 0.17 0.37
8 13 0.24 0.34
9 11 0.79 0.49
10 12 0.42 0.71
11 15 0.06 0.77
13 15 0.01 0.44
