0 1 0.13 0.85
0 2 0.58 0.31
0 3 0.27 0.09
0 4 0.28 0.77
0 5 0.43 0.16
0 6 0.43 0.18
0 7 0.41 0.55
0 8 0.93 0.08
0 10 0.39 0.69
0 12 0.29 0.77
0 14 0.18 0.88
1 2 0.38 0.23
1 3 0.06 0.56
1 4 0.31 0.59
1 10 0.33 0.11
1 11 0.66 0.13
2 3 0.33 0.68
2 4 0.61 0.04
2 5 0.88 0.95
2 6 0.31 0.59
2 7 0.39 0.69
2 8 0.43 0.79
2 10 0.56 0.06
2 11 0.53 0.1
2 13 0.58 0.8
2 14 0.04 0.17
3 4 0.49 0.04
3 5 0.98 0.46
3 6 0.42 0.8
3 7 0.15 0.9
3 9 0.83 0.07
3 13 0.44 0.77
3 15 0.58 0.28
4 5 0.87 0.89
4 6 0.46 0.1
4 8 0.81 0.23
4 9 0.58 0.64
4 10 0.06 0.76
4 14 0.64 0.67
5 7 0.83 0.22
6 9 0.56 0.28
6 11 1 0.74
7 8 0.63 0.82
7 9 0.08 0.26
8 11 0.49 0.43
8 12 0.05 0.43
8 13 0.42 0.08
8 15 0.86 0.63
9 12 0.42 0.06
9 15 0.6 0.17
10 13 0.58 0.38
11 12 0.76 0.05
12 15 0.87 0.57
13 14 0.98 0.64
