0 1 0.15 0.16
0 2 0.26 0.22
0 3 0.56 0.23
0 4 0.81 0.98
0 5 0.42 0.88
0 7 0.81 0.04
0 8 0.96 0.09
0 10 0.97 0.2
0 12 0.93 0.79
0 14 0.51 0.19
1 2 0.38 1
1 3 0.23 0.06
1 4 0.9 0.23
1 5 0.71 0.13
1 6 0.09 0.86
1 10 0.58 0.84
2 3 0.78 0.02
2 4 0.57 0.73
2 5 0.28 0.19
2 6 0.69 0.77
2 7 0.51 0.94
2 8 0.12 0.15
2 9 0.58 0.5
2 10 0.56 0.77
2 11 0.63 0.87
2 13 0.26 0.29
2 14 0.38 0.42
2 15 0.68 1
3 4 0.91 0.83
3 5 0.62 0.89
3 6 0.11 0.98
3 7 0.95 0.27
3 8 0.39 0.86
3 9 0.45 0.42
3 11 0.3 0.21
3 12 0.72 0.8
4 9 0.58 0.26
4 15 0.97 0.85
5 6 0.21 0.1
5 11 0.18 0.91
5 13 0.27 0.55
6 7 0.33 0.66
6 8 0.95 0.41
6 9 0.21 0.81
6 14 0.59 0.14
7 12 0.99 0.6
8 10 0.74 0.4
8 13 0.93 0.18
9 11 0.31 0.14
9 13 0.88 0.63
9 15 0.25 0.44
10 14 0.39 0.93
10 15 0.15 0.37
11 12 0.76 0.18
