0 1 0.18 0.06
0 2 0.9 0.8
0 3 0.89 0.65
0 4 0.34 0.24
0 5 0.94 0.43
0 8 0.42 0.46
0 9 0.14 0.32
0 10 0.1 0.32
0 12 0.37 0.42
0 13 0.28 0.57
0 15 0.74 0.03
1 2 0.78 0.31
1 3 0.42 0.86
1 4 0.5 0.76
1 5 0.68 1
1 6 0.07 0.5
1 7 0.75 0.39
1 10 0.56 0.19
1 12 0.36 0.05
2 3 0.22 0.61
2 4 0.75 0.12
2 5 0.1 0.81
2 6 0.85 0.8
2 7 0.89 0.11
2 8 0.73 0.76
2 13 0.85 0.57
2 14 1 0.09
3 4 0.49 0.06
3 11 0.53 0.22
3 13 0.25 0.34
3 14 0.33 0.78
3 15 0.81 0.36
4 5 0.74 0.13
4 6 0.37 0.9
4 7 0.93 0.88
4 9 0.44 0.13
4 11 0.1 0.17
5 6 0.85 0.8
5 7 0.58 0.26
5 9 0.15 0.1
6 8 0.81 0.58
6 10 0.78 0.86
6 13 0.46 0.19
7 8 0.55 0.93
7 9 0.63 0.78
7 10 0.37 0.96
7 14 0.24 0.54
8 11 0.82 0.62
8 12 0.74 0.45
9 11 0.15 0.32
10 15 0.76 0.17
11 12 0.63 0.91
11 15 0.79 0.44
13 14 0.08 0.19
