0 1 0.61 0.7
0 2 0.15 0.09
0 3 0.45 0.02
0 4 0.34 0.81
0 7 0.63 0.44
0 11 0.97 0.64
0 14 0.66 0.43
1 2 0.37 0.87
1 3 0.32 0.68
1 5 0.78 0.13
1 6 0.45 0.23
1 9 0.74 0.23
2 3 0.71 0.14
2 4 0.96 0.41
2 5 0.43 0.86
2 8 0.18 0.22
2 10 0.71 0.28
2 15 0.5 0.34
3 4 0.73 0.37
3 5 0.14 0.76
3 6 0.15 0.65
3 9 0.78 0.37
3 12 0.23 0.96
3 13 0.18 0.69
3 14 0.83 0.25
4 6 0.24 0.87
4 8 0.15 0.64
4 11 0.81 0.75
5 7 0.8 0.12
5 10 0.08 0.21
6 7 0.12 0.86
6 8 0.66 0.16
6 11 0.44 0.63
6 12 0.26 0.81
6 14 0.61 0.96
7 9 0.15 0.13
7 12 0.36 0.57
7 13 0.84 0.71
7 15 0.62 0.11
8 15 0.86 0.02
9 10 0.34 0.97
12 13 0.61 0.15
