0 1 0.64 0.91
0 2 0.82 0.93
0 3 0.82 0.24
0 4 0.41 0.06
0 5 0.07 0.6
0 6 0.68 0.94
0 7 0.44 0.19
0 8 0.09 0.35
0 10 0.77 0.39
0 12 0.59 0.61
0 14 0.92 0.33
1 2 0.98 0.53
1 3 0.17 0.82
1 4 0.88 0.36
1 10 0.58 0.77
1 11 0.73 0.74
2 3 0.93 0.68
2 4 0.89 0.18
2 5 0.05 0.02
2 6 0.11 0.1
2 7 0.87 0.18
2 8 0.48 0.59
2 10 0.16 0.04
2 11 0.19 0.49
2 13 0.51 0.75
2 14 0.25 0.32
3 4 0.66 0.21
3 5 0.51 0.78
3 6 0.01 0.39
3 7 0.78 0.47
3 9 0.13 0.58
3 13 0.18 0.36
3 15 0.17 0.6
4 5 0.44 0.59
4 6 0.93 0.34
4 8 0.4 0.65
4 9 0.83 0.87
4 10 0.54 0.65
4 14 0.48 0.37
5 7 0.2 0.87
6 9 0.53 0.59
6 11 0.07 0.44
7 8 0.81 0.72
7 9 0.77 0.94
8 11 0.42 0.7
8 12 0.89 0.68
8 13 0.44 0.71
8 15 0.64 0.36
9 12 0.9 0.9
9 15 0.3 0.8
10 13 0.8 0.67
11 12 0.31 0.3
12 15 0.71 0.65
13 14 0.81 0.42
