0 1 0.36 0.31
0 2 0.85 0.9
0 3 0.56 0.55
0 4 0.06 0.05
0 7 0.16 0.31
0 11 0.97 0.5
0 14 0.94 0.13
1 2 0.91 0.97
1 3 0.06 0.32
1 5 0.8 0.42
1 6 0.95 0.26
1 9 0.03 1
2 3 0.33 0.23
2 4 0.32 0.93
2 5 0.77 0.84
2 8 0.78 0.08
2 10 0.97 0.64
2 15 0.67 0.04
3 4 0.48 0.54
3 5 0.89 0.42
3 6 0.71 0.08
3 9 0.31 0.88
3 12 0.19 0.76
3 13 0.05 0.96
3 14 0.47 0.46
4 6 0.62 0.45
4 8 0.03 0.39
4 11 0.68 0.79
5 7 0.2 0.45
5 10 0.1 0.1
6 7 0.69 0.96
6 8 0.4 0.83
6 11 0.55 0.97
6 12 0.7 0.72
6 14 0.67 0.58
7 9 0.34 0.07
7 12 0.76 0.63
7 13 0.85 0.26
7 15 0.22 0.44
8 15 0.97 0.54
9 10 0.53 0.86
12 13 0.93 0.28
