0 1 0.8 0.92
0 2 0.2 0.88
0 3 0.83 0.84
0 4 0.75 0.71
0 5 0.13 0.88
0 6 0.32 0.25
0 7 0.26 0.89
0 9 0.53 0.56
0 10 0.19 0.26
0 11 0.91 0.83
0 12 0.46 0.92
0 13 0.06 0.7
1 2 0.48 0.85
1 3 0.8 0.52
1 4 0.37 0.78
1 6 0.5 0.25
1 7 0.12 0.13
1 8 0.92 0.6
1 12 0.3 0.99
1 13 0.82 0.35
2 3 0.25 0.69
2 4 0.79 0.88
2 5 0.94 0.38
2 6 0.81 0.6
2 7 0.49 0.39
2 8 0.1 0.26
2 9 0.03 0.44
2 10 0.83 0.02
2 13 0.63 0.94
2 14 0.7 0.96
3 4 0.1 0.87
3 5 0.08 0.35
3 10 0.93 0.61
3 11 0.87 0.35
3 12 1 0.47
3 14 0.23 0.06
3 15 0.51 0.1
4 5 0.36 0.14
4 6 0.75 0.05
4 7 0.82 0.65
4 9 0.66 0.41
4 12 0.56 0.57
4 14 0.09 0.49
4 15 0.74 0.69
5 8 0.23 0.23
5 9 0.08 0.14
5 13 0.32 0.7
6 8 0.78 0.19
6 15 0.62 0.71
7 11 0.12 0.95
7 14 0.87 0.26
9 10 0.09 0.39
9 15 0.53 0.53
10 11 0.98 0.85
