0 1 0.23 0.55
0 2 0.88 0.53
0 3 0.55 0.85
0 4 0.62 0.22
0 7 0.72 0.39
1 2 0.94 0.87
1 3 0.69 0.24
1 4 0.97 0.27
1 5 0.52 0.38
1 6 0.2 0.23
1 10 0.89 0.61
1 12 0.62 0.26
2 3 0.17 0.18
2 4 0.29 0.41
2 7 0.55 0.72
2 9 0.81 0.51
2 10 0.4 0.19
2 11 0.05 0.07
2 12 0.68 0.07
3 5 0.98 0.74
3 6 0.17 0.39
3 8 0.88 0.7
3 11 0.15 0.63
3 12 0.91 0.41
3 15 0.8 0.11
4 5 0.95 0.96
4 6 0.88 0.79
4 8 0.45 0.35
4 11 0.03 0.4
4 14 0.88 0.29
5 14 0.95 0.82
6 7 0.24 0.05
6 8 0.48 0.75
6 9 0.31 0.13
6 10 0.1 0.52
6 13 0.52 0.82
6 15 0.7 0.4
7 9 0.33 0.32
7 14 0.69 0.84
11 13 0.68 0.02
12 13 0.16 0.14
12 15 0.12 0.89
