0 1 0.64 0.81
0 2 0.29 0.4
0 3 0.9 0.69
0 4 0.93 0.19
0 6 0.78 0.48
0 8 0.43 0.91
0 10 0.94 0.32
0 11 0.9 0.78
0 12 0.28 0.86
0 14 0.54 0.76
0 15 0.7 0.36
1 2 0.09 0.52
1 3 0.95 0.89
1 4 0.87 0.64
1 5 0.39 0.55
1 6 0.92 0.45
1 9 0.63 0.63
1 14 0.67 0.49
2 3 0.76 0.98
2 4 0.76 0.76
2 5 0.93 0.84
2 6 0.07 0.83
2 7 0.81 0.17
2 8 0.36 0.04
2 10 0.48 0.04
2 14 0.25 0.67
3 4 0.6 0.52
3 5 0.67 0.83
3 6 0.27 0.26
3 7 0.43 0.54
3 8 0.93 0.65
3 9 0.98 0.76
3 10 0.3 0.5
4 5 0.92 0.13
4 7 0.48 0.47
4 10 0.26 0.1
4 12 0.2 0.2
4 13 0.42 0.89
5 11 0.43 0.2
5 13 0.48 0.29
6 7 0.08 0.35
6 8 0.12 0.16
6 9 0.42 0.98
7 9 0.45 0.02
7 13 0.73 0.12
7 14 0.47 0.06
7 15 0.77 0.37
8 11 0.26 0.98
8 12 0.55 0.93
8 13 0.11 0.19
9 11 0.56 0.45
10 12 1 0.46
11 15 0.07 0.13
13 15 0.58 0.31
