0 1 0.57 0.7
0 2 0.47 0.9
0 3 0.92 0.72
0 4 0.25 0.21
0 5 0.8 0.13
0 6 0.3 0.19
0 8 0.98 0.56
0 10 0.17 0.96
0 12 0.62 0.9
0 15 0.37 0.12
1 2 0.11 0.36
1 3 0.18 0.87
1 4 0.58 1
1 6 0.67 0.67
1 7 0.71 0.59
1 9 0.51 0.88
2 3 0.72 0.86
2 5 1 0.8
3 4 0.08 0.41
3 5 0.14 0.48
3 6 0.52 0.74
3 7 0.24 0.19
3 8 0.96 0.29
3 10 0.45 0.63
3 11 0.81 0.65
3 12 0.04 0.34
4 10 0.18 0.09
4 11 0.51 0.56
4 13 0.22 0.36
4 15 0.16 0.74
5 9 0.57 0.09
5 13 0.58 0.85
5 14 0.25 0.38
6 7 0.13 0.37
6 12 0.12 0.14
6 13 0.33 0.16
6 14 0.81 0.28
6 15 0.2 0.59
7 8 0.77 0.97
7 9 0.27 0.41
10 11 0.91 0.12
11 14 0.94 0.55
