0 1 0.79 0.65
0 2 0.48 0.84
0 3 0.9 0.56
0 4 0.5 0.54
0 5 0.74 0.36
0 8 0.55 0.09
0 9 0.86 0.3
0 10 0.4 0.58
0 12 0.58 0.99
0 13 0.25 0.38
0 15 0.99 0.85
1 2 0.88 0.91
1 3 0.04 0.89
1 4 0.2 0.63
1 5 0.12 0.4
1 6 0.18 0.51
1 7 0.89 0.63
1 10 0.26 0.92
1 12 0.81 0.41
2 3 0.15 0.88
2 4 0.94 0.88
2 5 0.26 0.7
2 6 0.76 0.58
2 7 0.92 0.36
2 8 0.79 0.04
2 13 0.26 0.49
2 14 0.79 0.99
3 4 0.07 0.12
3 11 0.45 0.99
3 13 0.17 0.09
3 14 0.69 0.74
3 15 0.84 0.43
4 5 1 0.96
4 6 0.95 0.74
4 7 0.79 0.39
4 9 0.31 0.04
4 11 0.74 0.05
5 6 0.12 0.01
5 7 0.27 0.42
5 9 0.69 0.68
6 8 0.84 0.73
6 10 0.7 0.69
6 13 0.98 0.97
7 8 0.67 0.37
7 9 0.62 0.13
7 10 0.72 0.95
7 14 0.74 0.73
8 11 0.99 0.12
8 12 0.73 0.33
9 11 0.24 0.81
10 15 0.19 0.2
11 12 0.2 0.58
11 15 0.5 0.11
13 14 0.04 0.76
