0 1 0.3 0.62
0 2 0.03 0.91
0 3 0.65 0.68
0 4 0.46 0.65
0 5 0.81 0.88
0 9 0.13 0.52
0 13 0.94 0.55
1 2 0.24 0.52
1 3 0.92 0.71
1 5 0.88 0.65
1 6 0.21 0.86
1 8 0.5 0.22
1 9 0.06 0.18
1 10 0.04 0.48
2 3 0.81 0.26
2 4 0.84 0.82
2 7 0.55 0.09
2 8 0.88 0.86
2 9 0.34 0.86
2 11 0.79 0.23
2 15 0.12 0.52
3 4 0.98 0.31
3 5 0.31 0.83
3 6 0.92 0.97
3 14 0.71 0.09
4 10 0.59 0.55
4 11 0.83 0.51
4 12 0.13 0.33
5 6 0.24 0.9
5 7 0.27 0.77
5 8 0.92 0.59
6 7 0.53 0.39
6 10 0.52 0.4
6 14 0.47 0.59
7 11 0.53 0.67
7 14 0.21 0.43
8 12 0.62 0.46
9 12 0.03 0.66
9 15 0.28 0.81
10 13 0.36 0.85
12 13 0.61 0.97
14 15 0.3 0.58
