0 1 0.56 0.89
0 2 0.18 0.75
0 3 0.69 0.27
0 4 0.94 0.67
0 5 0.76 0.93
0 6 0.07 0.18
0 7 0.97 0.19
0 8 0.07 0.47
0 9 0.42 0.42
0 11 0.84 0.91
0 13 0.53 0.41
0 14 0.72 0.28
0 15 0.85 0.28
1 2 0.09 0.92
1 3 0.27 0.19
1 4 0.57 0.35
1 5 0.65 0.3
1 11 0.93 0.47
1 12 0.95 0.03
1 14 0.33 0.32
1 15 0.49 0.9
2 3 0.41 0.33
2 4 0.23 0.66
2 6 0.47 0.01
2 7 0.15 0.61
2 13 0.89 0.18
2 14 0.23 0.42
3 4 0.73 0.28
3 5 0.84 0.33
3 6 0.84 0.98
3 8 0.21 0.94
3 9 0.16 0.99
3 15 0.4 0.94
4 5 0.71 0.1
4 6 0.49 0.49
4 7 0.09 0.74
4 10 0.85 0.04
4 12 0.96 0.36
5 7 0.86 0.31
5 8 0.08 0.41
5 9 0.77 0.39
5 10 0.43 0.59
5 11 0.85 0.34
5 12 1 0.33
5 13 0.9 0.58
6 9 0.62 0.06
6 10 0.63 0.47
6 11 0.14 0.44
6 13 0.63 0.84
6 14 0.07 0.46
7 8 0.47 0.22
7 12 0.34 0.4
8 10 0.03 0.27
13 15 0.77 0.28
