0 1 0.98 0.99
0 2 0.47 0.63
0 3 0.02 0.38
0 4 0.8 0.81
0 5 0.15 0.87
0 6 0.31 0.85
0 7 0.73 0.77
0 8 0.73 0.94
0 9 0.99 0.33
0 11 0.64 0.34
0 12 0.15 0.62
0 13 0.44 0.61
0 14 0.03 0.05
0 15 0.72 0.65
1 2 0.19 0.38
1 3 0.7 0.12
1 4 0.64 0.21
1 5 0.68 0.83
1 6 0.96 0.23
1 7 0.53 0.67
1 8 0.8 0.63
1 10 0.55 0.22
1 12 0.67 0.56
1 13 0.71 0.06
2 3 0.65 0.39
2 4 0.96 0.67
2 5 0.2 0.04
2 6 0.96 0.59
2 8 0.7 0.56
2 9 0.74 0.8
2 15 0.81 0.66
3 4 0.67 0.51
3 7 0.38 0.58
3 10 0.16 0.75
3 13 0.68 0.07
3 15 0.34 0.72
4 5 0.39 0.58
4 6 0.45 0.24
4 8 0.26 0.24
5 7 0.87 0.89
5 9 0.22 0.47
5 10 0.31 0.91
5 11 0.75 0.58
5 14 0.89 0.7
6 11 0.42 0.17
6 15 0.21 0.89
7 14 0.46 0.46
8 9 0.62 0.66
8 10 0.29 0.21
8 12 0.35 0.1
9 11 0.87 0.45
10 12 0.06 0.18
10 13 0.81 0.76
10 14 0.52 0.83
