0 1 0.11 0.06
0 2 0.48 0.5
0 3 0.01 0.93
0 4 0.11 0.21
0 5 0.4 0.92
0 6 0.77 0.62
0 7 0.16 0.41
0 8 0.01 0.63
0 9 0.59 0.08
0 11 0.38 0.56
0 12 0.58 0.41
0 13 0.37 0.91
0 14 0.68 0.08
0 15 0.43 0.65
1 2 0.87 0.4
1 3 0.39 0.83
1 4 0.66 0.88
1 5 0.74 0.16
1 6 0.93 0.82
1 7 0.77 0.72
1 8 0.23 0.22
1 10 0.59 0.35
1 12 0.28 0.85
1 13 0.65 0.04
2 3 0.53 0.09
2 4 0.51 0.98
2 5 0.57 0.2
2 6 0.04 0.04
2 8 0.85 0.61
2 9 0.71 0.23
2 15 0.49 0.34
3 4 0.67 0.47
3 7 0.37 0.8
3 10 0.51 0.97
3 13 0.52 0.85
3 15 0.85 0.7
4 5 0.31 0.56
4 6 0.59 0.27
4 8 0.17 0.52
5 7 0.87 0.38
5 9 0.25 0.83
5 10 0.61 0.51
5 11 0.66 0.59
5 14 0.92 0.9
6 11 0.52 0.22
6 15 0.09 0.73
7 14 0.5 0.46
8 9 0.54 0.19
8 10 0.98 0.86
8 12 0.34 0.11
9 11 0.49 0.61
10 12 0.31 0.78
10 13 0.68 0.96
10 14 0.95 0.53
