0 1 0.07 0.83
0 2 0.93 0.3
0 3 0.99 0.48
0 4 0.02 0.55
0 7 0.82 0.96
1 2 0.08 0.33
1 3 0.73 0.97
1 4 0.38 0.62
1 5 0.03 0.93
1 6 0.74 0.37
1 10 0.87 0.14
1 12 0.69 0.27
2 3 0.48 0.93
2 4 0.27 0.85
2 7 0.07 0.01
2 9 0.12 0.24
2 10 0.57 0.15
2 11 0.26 0.64
2 12 0.67 0.49
3 5 0.88 0.01
3 6 0.4 0.5
3 8 0.66 0.71
3 11 0.23 0.4
3 12 0.89 0.95
3 15 0.34 0.32
4 5 0.81 0.69
4 6 0.58 0.97
4 8 0.15 0.41
4 11 0.95 0.26
4 14 0.08 0.77
5 14 0.64 0.64
6 7 0.5 0.12
6 8 0.63 0.65
6 9 0.66 0.98
6 10 0.53 0.91
6 13 0.09 0.97
6 15 0.69 0.01
7 9 0.17 0.28
7 14 0.14 0.69
11 13 0.33 0.58
12 13 0.98 0.35
12 15 0.32 0.33
