0 1 0.84 0.23
0 2 0.61 0.4
0 3 0.91 0.62
0 4 0.73 0.56
0 5 0.08 0.07
0 6 0.84 0.26
0 7 0.25 0.28
0 8 0.05 0.26
0 9 0.83 0.33
0 11 0.08 0.5
0 13 0.23 0.44
0 14 0.22 0.92
0 15 0.88 0.36
1 2 0.31 0.06
1 3 0.89 0.18
1 4 0.01 0.45
1 5 0.86 0.36
1 11 0.93 0.49
1 12 0.84 0.99
1 14 0.98 0.01
1 15 0.27 0.65
2 3 0.11 0.13
2 4 0.08 0.2
2 6 0.21 0.33
2 7 0.44 0.21
2 13 0.55 0.67
2 14 0.42 0.42
3 4 0.66 0.82
3 5 0.71 0.02
3 6 0.85 0.21
3 8 0.17 0.31
3 9 0.88 0.31
3 15 0.55 0.33
4 5 0.14 0.45
4 6 0.49 0.24
4 7 0.67 0.42
4 10 0.8 0.97
4 12 0.9 0.41
5 7 0.85 0.04
5 8 0.74 0.21
5 9 0.2 0.68
5 10 0.83 0.23
5 11 0.21 0.38
5 12 0.24 0.51
5 13 0.19 0.73
6 9 0.04 0.53
6 10 0.44 0.45
6 11 0.69 0.74
6 13 0.9 0.09
6 14 0.95 0.53
7 8 0.3 0.83
7 12 0.13 0.94
8 10 0.04 0.42
13 15 0.57 0.41
