0 1 0.13 0.05
0 2 0.22 0.17
0 3 0.75 0.64
0 4 0.15 0.72
0 5 0.35 0.11
0 8 0.24 0.31
0 9 0.95 0.14
0 10 0.65 0.34
0 12 0.11 0.64
0 13 0.09 0.82
0 15 0.86 0.46
1 2 0.87 0.26
1 3 0.56 0.84
1 4 0.33 0.87
1 5 0.67 0.71
1 6 0.87 0.09
1 7 0.76 0.14
1 10 0.48 0.74
1 12 0.33 0.86
2 3 0.67 0.43
2 4 0.91 0.3
2 5 0.36 0.4
2 6 0.18 0.39
2 7 0.98 0.6
2 8 0.57 0.53
2 13 0.66 0.06
2 14 0.44 0.72
3 4 0.81 0.95
3 11 0.58 0.41
3 13 0.82 0.25
3 14 0.12 0.63
3 15 0.39 0.46
4 5 0.28 0.22
4 6 0.71 0.64
4 7 0.56 0.73
4 9 0.87 0.1
4 11 0.44 0.57
5 6 0.39 0.31
5 7 0.51 0.69
5 9 1 0.23
6 8 0.82 0.37
6 10 0.86 0.53
6 13 0.51 0.31
7 8 0.38 0.16
7 9 0.82 0.43
7 10 0.64 0.19
7 14 0.8 0.91
8 11 0.46 0.19
8 12 0.47 0.12
9 11 1 0.6
10 15 0.17 0.14
11 12 0.07 0.25
11 15 0.13 0.47
13 14 0.63 0.69
