0 1 0.93 0.9
0 2 0.9 0.8
0 3 0.59 0.48
0 4 0.6 0.19
0 5 0.58 0.32
0 9 0.48 0.57
0 13 0.27 0.07
1 2 0.93 0.21
1 3 0.72 0.5
1 5 0.2 0.96
1 6 0.25 0.23
1 8 0.48 0.3
1 9 0.51 0.11
1 10 0.48 0.52
2 3 0.72 0.61
2 4 0.3 0.68
2 7 0.43 0.71
2 8 0.48 0.29
2 9 0.76 0.94
2 11 0.66 0.86
2 15 0.16 0.44
3 4 0.44 0.85
3 5 0.46 0.76
3 6 0.77 0.26
3 14 0.43 0.95
4 10 0.24 0.81
4 11 0.37 0.28
4 12 0.32 0.23
5 6 0.75 0.96
5 7 0.24 0.65
5 8 0.33 0.74
6 7 0.52 0.28
6 10 0.41 0.91
6 14 0.24 0.73
7 11 0.41 0.05
7 14 0.21 0.53
8 12 0.4 0.07
9 12 0.01 0.22
9 15 0.82 0.28
10 13 0.65 0.15
12 13 0.51 0.78
14 15 0.82 0.14
