0 1 0.86 0.25
0 2 0.82 0.61
0 3 0.07 0.94
0 4 0.7 0.05
0 5 0.72 0.53
0 6 0.93 0.38
0 7 0.68 0.68
0 8 0.86 0.81
0 9 0.72 0.63
0 11 0.55 0.99
0 12 0.15 0.59
0 13 0.79 0.09
0 14 0.44 0.18
0 15 0.85 0.02
1 2 0.08 0.39
1 3 0.28 0.48
1 4 0.09 0.71
1 5 0.62 0.27
1 6 0.14 0.8
1 7 0.36 0.57
1 8 0.92 0.82
1 10 0.39 0.98
1 12 0.36 0.51
1 13 0.58 0.36
2 3 0.01 0.8
2 4 0.37 0.1
2 5 0.14 0.5
2 6 0.86 0.07
2 8 0.16 0.9
2 9 0.33 0.11
2 15 0.27 0.21
3 4 0.36 0.58
3 7 0.54 0.18
3 10 0.92 0.19
3 13 0.02 0.4
3 15 0.1 0.78
4 5 0.99 0.61
4 6 0.7 0.7
4 8 0.63 0.96
5 7 0.59 0.93
5 9 0.63 0.33
5 10 0.28 0.02
5 11 0.98 0.63
5 14 0.34 0.06
6 11 0.05 0.39
6 15 0.42 0.05
7 14 0.95 0.52
8 9 0.67 0.05
8 10 0.61 0.55
8 12 0.21 0.68
9 11 0.31 0.43
10 12 0.65 0.62
10 13 0.02 0.38
10 14 0.53 0.62
