0 1 0.26 0.12
0 2 0.24 0.84
0 3 0.3 0.65
0 4 0.27 0.87
0 5 0.45 0.01
0 6 0.26 0.47
0 8 0.86 0.91
0 10 0.89 0.91
0 12 0.03 0.71
0 15 0.25 0.95
1 2 0.63 0.11
1 3 0.25 0.87
1 4 0.17 0.67
1 6 0.94 0.04
1 7 1 0.37
1 9 0.01 0.84
2 3 0.4 0.33
2 5 0.49 0.55
3 4 0.28 0.54
3 5 0.38 0.26
3 6 0.55 0.04
3 7 0.43 0.43
3 8 0.45 0.84
3 10 0.67 0.95
3 11 0.97 0.94
3 12 0.53 0.7
4 10 0.88 0.96
4 11 0.46 0.97
4 13 0.01 0.75
4 15 0.9 0.43
5 9 0.65 0.43
5 13 0.81 0.15
5 14 0.88 0.87
6 7 0.07 0.94
6 12 0.91 0.35
6 13 0.57 0.36
6 14 0.44 0.38
6 15 0.78 0.75
7 8 0.22 0.46
7 9 0.04 1
10 11 0.54 0.58
11 14 0.55 0.96
