0 1 0.12 0.55
0 2 0.74 0.43
0 3 0.98 0.68
0 4 0.04 0.25
0 9 0.31 0.56
0 14 0.2 0.18
1 2 0.97 0.32
1 3 0.85 0.28
1 4 0.35 0.19
1 5 0.25 0.37
1 6 0.67 0.44
1 7 0.02 0.17
1 8 0.96 0.02
1 11 0.75 0.66
1 13 0.12 0.61
1 14 1 0.53
2 3 0.04 0.1
2 6 0.6 0.58
2 8 0.66 0.95
2 12 0.75 0.18
3 4 0.72 0.34
3 5 0.95 0.8
3 6 0.78 0.82
3 9 0.75 0.3
3 10 0.05 0.1
3 12 0.44 0.24
4 5 0.37 0.76
4 8 0.22 0.2
4 9 0.23 0.19
4 10 0.86 0.82
4 13 1 0.14
4 14 0.17 0.75
5 7 0.86 0.4
5 15 0.9 0.33
6 7 0.55 0.76
6 10 0.12 0.91
6 11 0.72 0.73
6 12 0.04 0.54
6 15 0.6 0.2
7 15 0.88 0.73
9 13 0.93 0.38
10 11 0.96 0.92
