0 1 0.73 0.85
0 2 0.82 0.35
0 3 0.4 0.2
0 4 0.75 0.17
0 6 0.14 0.59
0 7 0.87 0.51
0 8 0.79 0.17
0 9 0.13 0.27
0 10 0.01 0.42
0 13 0.5 0.89
0 15 0.13 0.67
1 2 0.16 0.1
1 3 0.88 1
1 4 0.38 0.94
1 5 0.65 0.21
1 7 0.13 0.62
1 8 0.32 0.08
1 9 0.97 0.32
1 12 0.29 0.93
1 14 0.9 0.67
1 15 0.67 0.75
2 3 0.4 0.42
2 5 0.95 0.54
2 6 0.99 0.28
2 8 0.6 0.85
3 4 0.35 0.05
3 5 0.08 0.89
3 9 0.87 0.17
3 12 0.95 0.68
3 13 0.21 0.6
4 6 0.54 0.1
4 11 0.73 0.18
4 14 0.26 0.97
6 7 0.43 0.76
6 10 0.32 0.45
6 11 0.49 0.55
6 12 0.4 0.59
6 13 0.76 0.13
7 10 0.98 0.31
8 11 0.97 0.32
9 15 0.54 0.32
10 14 1 0.07
