0 1 0.58 0.26
0 2 0.37 1
0 3 0.15 0.48
0 4 0.92 0.3
0 5 0.83 0.19
0 6 0.24 0.75
0 7 0.2 0.25
0 8 0.46 0.58
0 9 0.36 0.1
0 11 0.06 0.45
0 13 0.46 0.51
0 14 0.17 0.69
0 15 0.73 0.64
1 2 0.68 0.62
1 3 0.85 0.95
1 4 0.01 0.39
1 5 0.79 0.46
1 11 0.01 0.61
1 12 0.57 0.04
1 14 0.01 0.28
1 15 0.39 0.04
2 3 0.05 0.28
2 4 0.44 0.99
2 6 0.22 0.15
2 7 0.43 0.09
2 13 0.48 0.58
2 14 0.09 0.05
3 4 0.96 0.83
3 5 0.22 0.11
3 6 0.39 0.86
3 8 0.58 0.96
3 9 0.47 0.05
3 15 0.05 0.56
4 5 0.18 0.31
4 6 0.08 0.06
4 7 0.84 0.55
4 10 0.47 0.88
4 12 0.35 0.63
5 7 0.13 0.16
5 8 0.58 0.73
5 9 0.23 0.03
5 10 0.27 0.59
5 11 0.04 0.39
5 12 0.22 0.22
5 13 0.78 0.55
6 9 0.66 0.32
6 10 0.74 0.06
6 11 0.49 0.66
6 13 0.94 0.3
6 14 0.74 0.24
7 8 0.13 0.86
7 12 0.28 0.15
8 10 0.1 0.47
13 15 0.86 0.71
