0 1 0.16 0.93
0 2 0.65 0.45
0 3 0.58 0.33
0 5 0.97 0.69
0 6 0.11 0.03
0 7 0.1 0.29
0 15 0.31 0.74
1 2 0.86 0.04
1 3 0.58 0.78
1 4 0.85 0.61
1 7 0.26 0.23
1 11 0.43 0.74
1 13 0.26 0.35
2 3 0.5 0.78
2 4 0.73 0.21
2 5 0.34 0.71
2 7 0.47 0.23
2 10 0.04 0.14
2 12 0.38 0.53
2 15 0.57 0.75
3 4 0.09 0.97
3 5 0.35 0.36
3 6 0.34 0.88
3 8 0.6 0.72
3 11 0.82 0.8
3 13 0.78 0.08
4 8 0.69 0.61
4 9 0.41 0.22
4 10 0.16 0.49
4 13 0.61 0.16
5 6 0.92 0.8
5 8 0.14 0.39
5 9 0.01 0.06
5 10 0.72 0.38
5 12 0.17 0.21
5 14 0.03 0.68
6 11 0.15 0.39
6 14 0.51 0.21
7 9 0.44 0.2
7 12 0.77 0.98
9 15 0.73 0.79
13 14 0.74 0.62
