0 1 0.78 0.89
0 2 0.04 0.65
0 3 0.43 0.06
0 4 0.65 0.37
0 5 0.01 0.33
0 6 0.34 0.43
0 7 0.97 0.97
0 11 0.87 0.03
1 2 0.38 0.35
1 3 0.23 0.86
1 4 0.05 0.43
1 5 0.17 0.68
1 6 0.53 0.36
1 7 0.39 0.46
1 8 0.29 0.61
1 9 0.19 0.47
1 11 1 0.8
1 12 0.19 0.61
2 3 0.46 0.68
2 4 0.74 0.67
2 5 0.04 0.84
2 6 0.61 0.9
2 7 0.1 0.93
2 9 0.37 0.9
2 10 0.11 0.73
2 15 0.39 0.06
3 4 0.1 0.56
3 5 0.22 0.55
3 6 0.48 0.38
3 8 0.25 0.4
3 10 0.52 0.54
3 11 0.28 0.94
3 12 0.56 0.02
3 14 0.71 0.02
4 12 0.3 0.84
5 7 0.81 0.29
5 8 0.35 0.26
5 9 0.76 0.34
5 10 1 0.22
6 12 0.53 0.96
6 14 0.71 0.02
7 8 0.89 0.57
7 9 0.24 0.52
7 10 0.98 0.88
7 11 0.25 0.49
7 15 0.07 0.47
8 13 0.4 0.8
8 14 0.63 0.79
8 15 0.87 0.92
10 13 0.46 0.23
11 13 0.86 0.54
11 15 0.99 0.39
12 13 0.6 0.69
13 14 0.17 0.33
