0 1 0.3 0.26
0 2 0.28 0.84
0 3 0.17 0.49
0 4 0.34 0.82
0 5 0.6 0.93
0 6 0.7 0.45
0 8 0.02 0.53
0 10 0.83 0.75
0 12 0.12 0.53
0 15 0.73 0.16
1 2 0.64 0.87
1 3 0.36 0.61
1 4 0.37 0.66
1 6 0.49 0.97
1 7 0.1 0.11
1 9 0.88 0.08
2 3 0.9 0.89
2 5 0.27 0.76
3 4 0.78 0.44
3 5 0.96 0.65
3 6 0.88 0.22
3 7 0.43 0.78
3 8 0.51 0.88
3 10 0.8 0.42
3 11 0.82 0.44
3 12 0.1 0.37
4 10 0.22 0.27
4 11 0.45 0.34
4 13 0.74 0.03
4 15 0.53 0.62
5 9 0.6 0.52
5 13 0.15 0.28
5 14 0.6 0.44
6 7 0.34 0.35
6 12 0.94 0.11
6 13 0.01 0.94
6 14 0.94 0.18
6 15 0.1 0.03
7 8 0.05 0.34
7 9 0.48 0.26
10 11 0.96 0.92
11 14 0.63 0.2
