0 1 0.47 0.36
0 2 0.4 0.7
0 3 0.04 0.56
0 4 0.38 0.26
0 6 1 0.39
0 7 0.12 0.48
0 8 0.05 0.88
0 9 0.23 0.97
0 10 0.01 0.77
0 13 0.17 0.57
0 15 0.37 0.71
1 2 0.9 0.49
1 3 0.3 0.44
1 4 0.25 0.24
1 5 0.34 0.21
1 7 0.81 0.87
1 8 0.11 0.98
1 9 0.78 0.58
1 12 0.73 0.99
1 14 0.35 0.92
1 15 0.66 0.95
2 3 0.88 0.07
2 5 0.92 0.2
2 6 0.04 0.54
2 8 1 0.42
3 4 0.66 0.11
3 5 0.23 0.36
3 9 0.14 0.91
3 12 0.86 0.85
3 13 0.73 1
4 6 0.17 0.78
4 11 0.71 0.55
4 14 0.14 0.93
6 7 0.12 0.83
6 10 0.14 0.07
6 11 0.49 0.17
6 12 0.23 0.41
6 13 0.22 0.29
7 10 0.48 0.04
8 11 0.39 0.53
9 15 0.02 0.76
10 14 0.38 0.77
