0 1 0.52 0.15
0 2 0.73 0.31
0 3 0.19 0.66
0 4 0.64 0.95
0 5 0.18 0.49
0 6 0.61 0.63
0 8 0.91 0.42
0 9 0.46 0.09
0 10 0.14 0.74
1 2 0.45 0.91
1 3 0.08 0.07
1 4 0.39 0.32
1 7 0.33 0.37
1 8 0.05 0.36
1 9 0.26 0.51
1 10 0.96 0.61
1 11 0.83 0.11
1 13 0.89 0.26
2 3 0.76 0.39
2 4 0.75 0.24
2 5 0.64 0.74
2 6 0.83 0.79
2 7 0.99 0.03
2 11 0.94 0.71
3 4 0.59 0.21
3 5 0.39 0.14
3 6 0.93 0.88
4 5 0.58 0.87
4 7 0.48 0.22
4 8 0.49 0.5
4 9 0.29 0.25
4 11 0.89 0.56
4 12 0.54 0.82
4 14 0.6 0.97
5 6 0.34 0.1
5 7 0.07 0.78
5 10 0.68 0.29
5 15 0.15 0.01
6 11 0.8 0.89
6 12 0.01 0.27
6 15 0.29 0.54
7 8 0.89 0.74
7 12 0.58 0.77
7 13 0.13 0.74
7 14 0.79 0.75
7 15 0.32 0.37
8 9 0.11 0.9
8 10 0.16 1
9 12 0.01 0.15
9 13 0.43 0.45
10 15 1 0.61
11 13 0.22 0.74
12 14 0.03 0.86
13 14 0.75 0.3
