0 1 0.15 0.41
0 2 0.09 0.59
0 3 0.29 0.38
0 4 0.13 0.24
0 5 0.31 0.99
0 6 0.71 0.72
0 7 0.66 0.73
0 8 0.1 0.75
0 12 0.51 0.54
1 2 0.27 0.23
1 3 0.51 0.44
1 4 0.59 0.43
1 5 0.07 0.58
1 6 0.27 0.13
1 7 0.67 0.2
1 8 0.3 0.31
1 9 0.09 0.01
1 10 0.87 0.23
1 11 0.04 0.67
1 12 0.23 0.92
2 3 0.72 0.08
2 4 0.8 0.18
2 5 0.22 0.99
2 7 0.51 0.33
2 9 0.12 0.87
2 13 0.97 0.22
2 14 0.78 0.23
2 15 0.55 0.87
3 4 0.94 0.15
3 9 0.53 0.74
3 11 0.03 0.28
3 12 0.22 0.17
3 15 0.47 0.91
4 5 1 0.16
4 6 0.36 0.21
4 8 0.19 0.62
4 9 0.74 0.61
4 10 0.77 0.65
4 11 0.22 0.01
4 13 0.81 0.89
4 14 0.62 0.89
4 15 0.18 0.55
5 6 0.28 0.19
5 7 1 0.83
5 10 0.91 0.77
5 11 0.68 0.3
5 15 0.71 0.01
6 8 0.59 0.67
6 10 0.3 0.33
8 12 0.47 0.61
9 13 0.99 0.16
11 13 0.21 0.82
12 14 0.9 0.87
13 14 0.62 0.21
