0 1 0.1 0.34
0 2 0.57 0.63
0 3 0.88 0.4
0 4 0.4 0.82
0 5 0.58 0.1
0 6 0.36 0.85
0 8 0.17 0.91
0 10 0.76 0.6
0 12 0.28 0.47
0 15 0.41 0.51
1 2 0.75 0.6
1 3 0.87 0.26
1 4 0.87 0.78
1 6 0.08 0.58
1 7 0.58 0.99
1 9 0.11 0.5
2 3 0.87 0.87
2 5 0.16 0.85
3 4 0.58 0.99
3 5 0.49 1
3 6 0.84 0.59
3 7 0.93 0.17
3 8 0.05 0.25
3 10 0.95 0.92
3 11 0.17 0.74
3 12 0.96 0.64
4 10 0.63 0.82
4 11 0.52 0.82
4 13 0.47 0.82
4 15 0.34 0.4
5 9 0.18 0.56
5 13 0.5 0.23
5 14 0.93 0.98
6 7 0.99 0.15
6 12 0.97 0.23
6 13 0.21 0.78
6 14 0.57 0.81
6 15 0.13 0.38
7 8 0.55 0.32
7 9 0.81 0.61
10 11 0.07 0.57
11 14 0.51 0.16
