0 1 0.68 0.46
0 2 0.69 0.44
0 3 0.57 0.18
0 4 0.56 0.89
0 5 0.77 0.47
0 7 0.5 0.29
0 8 0.37 0.05
0 10 0.72 0.11
0 12 0.02 0.26
0 14 0.49 0.12
1 2 0.64 0.86
1 3 0.59 0.94
1 4 0.78 0.01
1 5 0.66 0.67
1 6 0.81 0.56
1 10 0.75 0.97
2 3 0.59 0.24
2 4 0.92 0.69
2 5 0.52 0.97
2 6 0.83 0.96
2 7 0.24 0.93
2 8 0.64 0.61
2 9 0.17 0.7
2 10 0.95 0.72
2 11 0.26 0.17
2 13 0.64 0.07
2 14 0.48 0.25
2 15 0.53 0.13
3 4 0.51 0.85
3 5 0.17 0.68
3 6 0.51 0.14
3 7 0.53 0.98
3 8 0.21 0.27
3 9 0.86 0.67
3 11 0.38 0.9
3 12 0.15 0.49
4 9 0.03 0.09
4 15 0.42 0.93
5 6 0.9 0.74
5 11 0.34 0.73
5 13 0.23 0.02
6 7 0.34 0.73
6 8 0.77 0.66
6 9 0.01 0.68
6 14 0.64 0.65
7 12 0.09 0.93
8 10 0.71 0.78
8 13 0.75 0.13
9 11 0.29 0.18
9 13 0.99 0.58
9 15 0.38 0.57
10 14 0.23 0.54
10 15 0.92 0.76
11 12 0.33 0.26
