0 1 0.31 0.46
0 2 0.48 0.08
0 3 0.87 0.51
0 4 0.74 0.22
0 5 0.48 0.6
0 6 0.66 0.9
0 8 0.41 0.99
0 10 0.4 0.63
0 12 0.81 0.67
0 15 0.47 0.02
1 2 0.72 0.24
1 3 0.08 0.56
1 4 0.97 0.46
1 6 0.77 0.21
1 7 0.13 0.34
1 9 0.84 0.78
2 3 0.54 0.59
2 5 0.61 0.8
3 4 0.52 0.14
3 5 0.62 0.11
3 6 0.02 0.26
3 7 0.28 0.19
3 8 0.11 0.03
3 10 0.88 0.82
3 11 0.68 0.57
3 12 0.37 0.23
4 10 0.27 0.42
4 11 0.48 0.14
4 13 0.6 0.55
4 15 0.01 0.45
5 9 0.56 0.82
5 13 0.57 0.94
5 14 0.92 0.75
6 7 0.88 0.27
6 12 0.01 0.93
6 13 0.85 0.36
6 14 0.95 0.22
6 15 0.69 0.37
7 8 0.47 0.38
7 9 0.67 0.19
10 11 0.53 0.64
11 14 0.6 0.57
