0 1 0.82 0.13
0 2 0.84 0.89
0 3 0.3 0.64
0 4 0.55 0.29
0 6 0.63 0.9
0 9 0.96 0.79
0 10 0.51 0.77
0 11 0.61 0.51
0 13 0.38 0.76
1 2 0.2 0.38
1 3 0.79 0.09
1 4 0.21 0.13
1 5 0.7 0.32
1 12 0.42 0.96
2 3 0.18 0.96
2 4 0.96 0.75
2 6 0.53 0.75
2 7 0.35 0.14
2 8 0.01 0.64
2 9 0.86 0.21
2 10 0.02 0.21
2 11 0.91 0.93
2 13 0.32 0.37
3 5 0.52 0.22
3 8 0.53 0.51
3 15 0.28 0.46
4 5 0.81 0.77
5 6 0.94 0.19
5 7 0.05 0.95
5 8 0.66 0.54
5 9 0.94 0.74
5 11 0.21 0.16
5 15 0.23 0.8
6 7 0.98 0.65
6 10 0.71 1
6 12 0.93 0.58
6 13 0.71 0.67
8 12 0.82 0.3
8 14 0.45 0.95
11 15 0.66 0.97
12 14 0.04 0.47
13 14 0.48 0.37
