0 1 0.44 0.07
0 2 0.05 0.09
0 3 0.91 0.5
0 4 0.71 0.33
0 5 0.94 0.71
0 6 0.07 0.13
0 7 0.16 0.35
0 8 0.68 0.43
0 9 0.22 0.14
0 11 0.59 0.21
0 13 0.63 0.65
0 15 0.03 0.26
1 2 0.39 0.99
1 3 0.65 0.23
1 4 0.63 0.81
1 5 0.28 0.13
1 6 0.89 0.22
1 10 0.08 0.69
1 14 0.08 0.19
1 15 0.8 0.27
2 3 0.55 0.53
2 4 0.71 0.28
2 5 0.91 0.8
2 7 0.63 0.88
2 8 0.31 0.85
2 9 0.38 0.33
2 11 0.48 0.39
2 12 0.22 0.94
2 15 0.15 0.57
3 4 0.09 0.34
3 5 0.61 0.71
3 6 0.08 0.67
3 9 0.12 0.66
3 13 0.25 0.83
4 5 0.15 0.9
4 6 0.78 0.91
4 7 0.45 0.55
4 8 0.07 0.05
4 9 0.06 0.63
4 10 0.11 0.89
4 11 0.45 0.36
4 12 0.8 0.52
4 15 0.84 0.47
5 6 0.54 0.54
5 7 0.24 0.69
5 8 0.33 0.27
5 12 0.29 0.82
5 14 0.22 0.86
6 7 0.19 0.86
6 10 0.4 0.8
6 11 0.7 0.52
6 12 0.35 0.43
6 13 0.03 0.67
7 8 0.38 0.63
7 9 0.12 0.84
7 10 0.69 0.62
7 11 0.12 0.65
7 14 0.23 0.25
8 10 0.09 0.71
10 14 0.56 0.66
10 15 0.04 0.1
11 12 0.08 0.48
11 13 0.1 0.88
11 14 0.2 0.28
12 13 0.57 0.33
