0 1 0.85 0.21
0 2 0.46 0.74
0 3 0.06 0.32
0 4 0.21 0.18
0 6 0.3 0.55
0 7 0.87 0.87
0 9 0.63 0.39
0 11 0.67 0.38
0 12 0.1 0.07
0 13 0.13 0.53
0 14 0.12 0.42
1 2 0.83 0.68
1 3 0.49 0.35
1 4 0.27 0.3
1 5 0.81 0.21
1 8 0.36 0.07
1 9 0.85 0.83
2 3 0.87 0.49
2 4 0.62 0.11
2 10 0.33 0.27
2 14 0.65 0.97
3 5 0.36 0.28
3 6 0.42 0.92
3 7 0.28 0.23
3 10 0.55 0.62
3 11 0.22 0.66
3 13 0.63 0.48
4 5 0.74 0.32
4 10 0.2 0.24
4 15 0.8 0.27
5 6 0.73 0.74
5 12 0.96 0.52
6 7 0.25 0.53
6 8 0.55 0.56
6 11 0.75 0.16
7 8 0.81 0.07
7 9 0.35 0.79
7 12 0.93 0.5
7 13 0.83 0.26
7 14 0.12 0.61
8 15 0.97 0.14
11 15 0.96 0.35
