0 1 0.58 0.62
0 2 0.71 0.48
0 3 0.61 0.04
0 4 0.06 0.63
0 5 0.49 0.44
0 6 0.42 0.12
0 7 0.55 0.79
0 8 0.14 0.69
0 9 0.7 0.33
0 11 0.7 0.93
0 13 0.81 0.29
0 15 0.32 0.6
1 2 0.06 0.35
1 3 0.73 0.91
1 4 0.08 0.77
1 5 0.46 0.04
1 6 0.36 0.24
1 10 0.77 0.4
1 14 0.26 0.4
1 15 0.18 0.89
2 3 0.66 0.16
2 4 0.41 0.05
2 5 0.34 0.72
2 7 0.55 0.97
2 8 0.07 0.38
2 9 0.99 0.08
2 11 0.77 0.93
2 12 0.91 0.06
2 15 0.69 0.08
3 4 0.33 0.85
3 5 0.73 0.38
3 6 0.03 0.58
3 9 0.63 0.8
3 13 0.87 0.55
4 5 0.78 0.84
4 6 0.65 0.44
4 7 0.39 0.99
4 8 0.02 0.55
4 9 0.5 0.11
4 10 0.67 0.35
4 11 0.6 0.31
4 12 0.95 0.58
4 15 0.48 0.14
5 6 0.63 0.68
5 7 0.96 0.26
5 8 0.82 0.77
5 12 0.85 0.08
5 14 0.74 0.22
6 7 0.16 0.2
6 10 0.77 0.75
6 11 0.4 0.36
6 12 0.77 0.5
6 13 0.03 0.39
7 8 0.81 0.72
7 9 0.2 0.89
7 10 0.81 0.45
7 11 0.07 0.03
7 14 0.6 0.26
8 10 0.01 0.54
10 14 0.93 0.1
10 15 0.7 0.51
11 12 0.73 0.15
11 13 0.76 0.66
11 14 0.11 0.68
12 13 0.19 0.84
