0 1 0.97 0.16
0 2 0.32 0.03
0 3 0.37 0.77
0 4 0.93 0.41
0 5 0.26 0.08
0 6 0.4 0.04
0 7 0.61 0.13
0 11 0.89 0.51
1 2 0.73 0.51
1 3 0.79 0.15
1 4 0.57 0.72
1 5 0.7 0.79
1 6 0.63 0.76
1 7 0.52 0.32
1 8 0.26 0.52
1 9 0.01 0.13
1 11 0.32 0.27
1 12 0.91 0.08
2 3 0.83 0.44
2 4 0.34 0.72
2 5 0.15 0.12
2 6 0.36 0.66
2 7 0.14 0.58
2 9 0.59 0.24
2 10 0.93 0.64
2 15 0.83 0.44
3 4 0.02 0.35
3 5 0.22 0.5
3 6 0.83 0.31
3 8 0.78 0.59
3 10 0.79 0.12
3 11 0.85 0.42
3 12 0.08 0.37
3 14 0.82 0.49
4 12 0.23 0.49
5 7 0.81 0.74
5 8 0.39 0.07
5 9 0.61 0.4
5 10 0.29 0.28
6 12 0.93 0.15
6 14 0.04 0.32
7 8 0.93 0.58
7 9 0.44 0.95
7 10 0.29 0.66
7 11 0.33 0.75
7 15 0.66 0.42
8 13 0.69 0.14
8 14 0.83 0.37
8 15 0.61 0.48
10 13 0.51 0.24
11 13 0.73 0.49
11 15 0.57 1
12 13 0.17 0.31
13 14 0.7 0.56
