0 1 0.15 0.25
0 2 0.79 0.87
0 3 0.99 0.27
0 4 0.44 0.86
0 6 0.74 0.63
0 7 0.32 0.47
0 9 0.61 0.34
0 11 0.81 0.67
0 12 0.84 0.63
0 13 0.66 0.99
0 14 0.91 0.6
1 2 0.29 0.71
1 3 0.7 0.78
1 4 0.85 0.49
1 5 0.06 0.8
1 8 0.7 0.53
1 9 0.48 0.1
2 3 0.5 0.21
2 4 0.79 1
2 10 0.8 0.76
2 14 0.29 0.86
3 5 0.68 0.04
3 6 0.96 0.55
3 7 0.57 0.12
3 10 0.93 0.39
3 11 0.06 0.28
3 13 0.53 0.65
4 5 0.37 0.8
4 10 0.26 0.35
4 15 0.83 0.04
5 6 0.13 0.95
5 12 0.29 0.23
6 7 0.67 0.37
6 8 0.77 0.87
6 11 0.64 0.89
7 8 0.74 0.69
7 9 0.01 0.56
7 12 0.21 0.77
7 13 0.29 0.22
7 14 0.26 0.65
8 15 0.56 0.63
11 15 0.63 0.32
