0 1 0.05 0.87
0 2 0.47 0.93
0 3 0.16 0.73
0 4 0.6 0.36
0 5 0.75 0.14
0 6 0.16 0.11
1 2 0.22 0.94
1 3 0.04 0.99
1 4 0.86 0.02
1 5 0.53 0.91
1 6 0.57 0.2
1 9 0.1 0.54
1 11 0.08 0.75
1 12 0.54 0.04
2 3 0.07 0.1
2 7 0.71 0.29
2 10 0.88 0.35
2 11 0.92 0.68
2 12 0.21 0.43
3 4 0.81 0.63
3 5 0.55 0.59
3 8 0.58 0.13
3 10 0.83 0.25
3 13 0.71 0.71
4 6 0.77 0.22
4 8 0.74 0.47
5 7 0.24 0.1
5 9 0.13 0.59
5 10 0.42 0.4
5 13 0.93 0.63
5 14 0.38 0.3
5 15 0.45 0.22
6 7 0.12 0.33
6 8 0.86 0.76
6 11 0.11 0.94
6 14 0.48 0.45
8 9 0.58 0.2
8 12 0.25 0.89
8 14 0.35 0.36
8 15 0.91 0.27
9 13 0.55 0.56
9 15 0.3 0.94
