0 1 0.62 0.25
0 2 0.34 0.37
0 3 0.18 0.24
0 4 0.04 0.38
0 6 0.12 0.04
0 8 0.67 0.91
0 10 0.02 0.49
0 11 0.05 0.14
0 12 0.23 0.12
0 14 0.85 0.8
0 15 0.35 0.83
1 2 0.67 0.94
1 3 0.07 0.87
1 4 0.25 0.33
1 5 0.22 0.65
1 6 0.59 0.43
1 9 0.56 0.64
1 14 0.85 0.77
2 3 0.37 0.46
2 4 0.66 0.73
2 5 0.04 0.59
2 6 0.22 0.51
2 7 0.63 0.6
2 8 0.73 0.68
2 10 0.14 1
2 14 0.8 0.3
3 4 0.62 0.08
3 5 0.4 0.73
3 6 0.67 0.22
3 7 0.33 0.95
3 8 0.87 0.5
3 9 0.25 0.27
3 10 0.46 0.38
4 5 0.29 0.24
4 7 0.98 0.93
4 10 0.48 0.93
4 12 0.63 0.16
4 13 0.22 0.64
5 11 0.76 0.71
5 13 0.45 0.91
6 7 0.32 0.87
6 8 0.78 0.16
6 9 0.96 0.7
7 9 0.47 0.3
7 13 0.09 0.09
7 14 0.42 0.06
7 15 0.63 0.36
8 11 0.58 0.54
8 12 0.55 0.79
8 13 0.07 0.44
9 11 0.05 0.66
10 12 0.95 0.49
11 15 0.41 0.38
13 15 0.31 0.84
