0 1 0.68 0.05
0 2 0.7 0.95
0 3 0.56 0.55
0 4 0.2 0.86
0 5 0.51 0.18
0 6 0.64 0.42
0 7 0.06 0.16
0 8 0.9 0.62
0 9 0.1 0.7
0 11 0.78 0.7
0 12 0.16 0.45
0 13 0.37 0.25
0 14 0.54 0.54
0 15 0.97 0.41
1 2 0.11 0.34
1 3 0.6 0.65
1 4 0.41 0.02
1 5 0.59 0.24
1 6 0.83 0.99
1 7 0.85 0.77
1 8 0.52 0.17
1 10 0.1 0.31
1 12 0.83 0.48
1 13 0.97 0.49
2 3 0.03 0.23
2 4 0.91 0.02
2 5 0.69 0.86
2 6 0.18 0.73
2 8 0.25 0.61
2 9 0.48 0.03
2 15 0.02 0.02
3 4 0.32 0.7
3 7 0.18 0.09
3 10 0.43 0.4
3 13 0.44 0.05
3 15 0.16 0.51
4 5 0.09 0.4
4 6 0.21 0.02
4 8 0.63 0.81
5 7 0.49 0.71
5 9 0.87 0.88
5 10 0.17 0.75
5 11 0.49 0.16
5 14 0.78 0.55
6 11 0.79 0.48
6 15 0.37 0.8
7 14 0.28 0.16
8 9 0.06 0.36
8 10 0.87 0.12
8 12 0.52 0.26
9 11 0.5 0.01
10 12 0.98 0.25
10 13 0.9 0.95
10 14 0.23 0.55
