0 1 0.41 0.22
0 2 0.14 0.81
0 3 0.72 0.43
0 4 0.63 0.43
0 6 0.69 0.22
0 8 0.16 0.4
0 10 0.58 0.4
0 11 0.35 0.5
0 12 0.04 0.6
0 14 0.14 0.89
0 15 0.93 0.91
1 2 0.22 0.96
1 3 0.48 0.92
1 4 0.83 0.86
1 5 0.09 0.59
1 6 0.56 0.45
1 9 0.04 0.25
1 14 0.02 0.53
2 3 0.29 0.63
2 4 0.12 0.75
2 5 0.89 0.66
2 6 0.54 0.96
2 7 0.62 0.5
2 8 0.48 0.11
2 10 0.46 0.42
2 14 0.64 0.4
3 4 0.08 0.01
3 5 0.1 0.37
3 6 0.3 0.55
3 7 0.17 0.24
3 8 0.31 0.85
3 9 0.67 0.78
3 10 0.28 0.42
4 5 0.41 0.36
4 7 0.32 0.32
4 10 0.6 0.88
4 12 0.61 0.53
4 13 0.97 0.52
5 11 0.19 0.86
5 13 0.11 0.26
6 7 0.39 0.83
6 8 0.69 0.04
6 9 0.36 0.17
7 9 0.72 0.56
7 13 0.01 0.2
7 14 0.38 0.56
7 15 0.01 0.37
8 11 0.18 0.33
8 12 0.25 0.21
8 13 0.5 0.76
9 11 0.47 0.58
10 12 0.62 0.49
11 15 0.31 0.1
13 15 0.71 0.82
