0 1 0.44 0.79
0 2 0.58 0.47
0 3 0.77 0.03
0 4 0.72 0.93
0 6 0.46 0.66
0 7 0.84 0.56
0 9 0.89 0.05
0 11 0.04 0.67
0 12 0.84 0.15
0 13 0.51 0.57
0 14 0.71 0.68
1 2 0.19 0.95
1 3 0.08 0.2
1 4 0.2 0.82
1 5 0.43 0.95
1 8 0.32 0.77
1 9 0.73 0.34
2 3 0.8 0.87
2 4 0.12 0.28
2 10 0.49 0.39
2 14 0.99 0.6
3 5 0.38 0.84
3 6 0.33 0.57
3 7 0.23 0.53
3 10 0.93 0.83
3 11 0.95 0.17
3 13 0.81 0.61
4 5 0.92 0.41
4 10 0.52 0.88
4 15 0.93 0.75
5 6 0.41 0.88
5 12 0.36 0.51
6 7 0.65 0.28
6 8 0.84 0.09
6 11 0.94 0.96
7 8 0.75 0.24
7 9 1 0.37
7 12 0.26 0.78
7 13 0.95 0.86
7 14 0.06 0.38
8 15 0.79 0.24
11 15 0.44 0.36
