0 1 0.62 0.15
0 2 0.16 0.27
0 3 0.88 0.39
0 4 0.25 0.71
0 6 0.91 0.41
0 8 0.92 0.98
0 10 0.97 0.29
0 11 0.4 0.97
0 12 0.16 0.84
0 14 1 0.88
0 15 0.27 0.92
1 2 0.28 0.99
1 3 0.79 0.44
1 4 0.22 0.23
1 5 0.52 0.86
1 6 0.66 0.25
1 9 0.11 0.6
1 14 0.86 0.76
2 3 0.36 0.98
2 4 0.7 0.7
2 5 0.79 0.15
2 6 0.63 0.6
2 7 0.3 0.77
2 8 0.47 0.91
2 10 0.47 0.84
2 14 0.43 0.36
3 4 0.54 0.84
3 5 0.5 0.57
3 6 0.11 0.73
3 7 0.79 0.11
3 8 0.16 0.06
3 9 0.09 0.53
3 10 0.05 0.81
4 5 0.57 0.14
4 7 0.13 0.16
4 10 0.86 0.63
4 12 0.56 0.37
4 13 0.44 0.24
5 11 0.57 0.94
5 13 0.29 0.95
6 7 0.96 0.76
6 8 0.83 0.89
6 9 0.71 0.02
7 9 0.09 0.56
7 13 0.48 0.89
7 14 0.65 0.11
7 15 0.71 0.2
8 11 0.31 0.07
8 12 0.13 0.06
8 13 0.55 0.93
9 11 0.72 0.12
10 12 0.24 0.98
11 15 0.94 0.67
13 15 0.63 0.47
