0 1 0.36 0.12
0 2 0.94 0.49
0 3 0.32 0.73
0 4 0.24 0.76
0 5 0.29 0.31
0 8 0.15 0.91
0 9 0.98 0.61
0 10 0.45 0.52
0 12 0.06 0.78
0 13 0.4 0.48
0 15 0.44 0.65
1 2 0.04 0.45
1 3 0.38 0.05
1 4 0.2 0.05
1 5 1 0.22
1 6 0.67 0.15
1 7 0.92 0.72
1 10 0.17 0.01
1 12 0.99 0.83
2 3 0.33 0.99
2 4 0.73 0.87
2 5 0.84 0.04
2 6 0.77 0.35
2 7 0.88 0.28
2 8 0.61 0.92
2 13 0.11 0.86
2 14 0.3 0.17
3 4 0.57 0.66
3 11 0.69 0.83
3 13 0.74 0.84
3 14 0.88 0.08
3 15 0.47 0.63
4 5 0.31 0.58
4 6 0.1 0.4
4 7 0.55 0.62
4 9 0.24 0.4
4 11 0.45 0.16
5 6 0.1 0.96
5 7 0.8 0.31
5 9 0.97 0.77
6 8 0.8 0.38
6 10 0.53 0.06
6 13 0.38 0.44
7 8 0.87 0.68
7 9 0.43 0.58
7 10 0.72 0.84
7 14 0.8 0.84
8 11 0.15 0.75
8 12 0.73 0.82
9 11 0.36 0.59
10 15 0.69 0.31
11 12 0.66 0.16
11 15 0.43 0.54
13 14 0.29 0.45
