0 1 0.24 0.08
0 2 0.41 0.76
0 3 0.41 0.61
0 4 0.76 0.02
0 9 0.42 0.2
0 14 0.36 0.7
1 2 0.64 0.03
1 3 0.02 0.08
1 4 0.66 0.65
1 5 0.49 0.4
1 6 0.53 0.89
1 7 0.91 0.63
1 8 0.25 0.1
1 11 0.23 0.51
1 13 0.03 0.44
1 14 0.71 0.73
2 3 0.52 0.91
2 6 0.37 0.01
2 8 0.86 0.75
2 12 0.67 0.18
3 4 0.94 0.67
3 5 0.25 0.35
3 6 0.97 0.7
3 9 0.78 0.69
3 10 0.87 0.98
3 12 0.97 0.15
4 5 0.82 0.24
4 8 0.61 0.23
4 9 0.22 0.69
4 10 1 0.28
4 13 0.07 0.03
4 14 0.03 0.51
5 7 0.74 0.18
5 15 0.23 0.98
6 7 0.45 0.51
6 10 0.39 0.51
6 11 0.48 0.17
6 12 0.23 0.56
6 15 0.94 0.34
7 15 0.95 0.28
9 13 0.77 0.27
10 11 0.34 0.12
