0 1 0.11 0.74
0 2 0.74 0.73
0 3 0.85 0.17
0 4 0.75 0.32
0 6 0.74 0.3
0 7 0.19 0.68
0 8 0.82 0.57
0 9 0.78 0.01
0 10 0.33 0.9
0 13 0.13 0.3
0 15 0.36 0.25
1 2 0.41 0.1
1 3 0.46 0.11
1 4 0.15 0.86
1 5 0.93 0.68
1 7 0.07 0.05
1 8 0.13 0.68
1 9 0.6 0.77
1 12 0.97 0.6
1 14 0.07 0.92
1 15 0.92 0.69
2 3 0.24 0.22
2 5 0.11 0.84
2 6 0.05 0.01
2 8 0.31 0.09
3 4 0.92 0.79
3 5 0.8 0.84
3 9 0.2 0.83
3 12 0.8 0.22
3 13 0.57 0.34
4 6 0.61 0.01
4 11 0.29 0.72
4 14 0.1 0.61
6 7 0.41 0.55
6 10 0.6 0.58
6 11 0.24 0.71
6 12 0.15 0.36
6 13 0.53 0.81
7 10 0.76 0.17
8 11 0.04 0.95
9 15 0.89 0.32
10 14 0.69 0.06
