0 1 0.13 0.59
0 2 0.1 0.63
0 3 0.16 0.52
0 4 0.95 0.83
0 5 0.23 0.23
0 6 0.69 0.8
1 2 0.4 0.39
1 3 0.6 0.71
1 4 0.5 0.61
1 5 0.53 0.02
1 6 0.52 0.58
1 9 0.19 0.47
1 11 0.05 0.98
1 12 0.36 0.42
2 3 0.48 0.04
2 7 0.44 0.26
2 10 0.85 0.48
2 11 0.85 0.28
2 12 0.73 0.54
3 4 0.42 0.18
3 5 0.72 0.66
3 8 0.33 0.4
3 10 0.75 0.26
3 13 1 0.52
4 6 0.71 0.2
4 8 0.44 0.1
5 7 0.88 0.94
5 9 0.95 0.61
5 10 0.35 0.69
5 13 0.42 0.4
5 14 0.69 0.53
5 15 0.85 0.22
6 7 0.94 0.54
6 8 0.1 0.37
6 11 0.45 0.69
6 14 0.7 0.52
8 9 0.64 0.62
8 12 0.51 1
8 14 0.55 0.05
8 15 0.84 0.41
9 13 0.36 0.65
9 15 0.03 0.02
