0 1 0.05 0.65
0 2 0.75 0.86
0 3 0.49 0.81
0 4 0.71 0.33
0 5 0.73 0.56
0 9 0.86 0.34
0 13 0.69 0.15
1 2 0.73 0.33
1 3 0.89 0.49
1 5 0.98 0.51
1 6 0.91 0.62
1 8 0.75 0.07
1 9 0.61 0.42
1 10 0.16 0.64
2 3 0.93 0.84
2 4 0.91 0.71
2 7 0.76 0.61
2 8 0.16 0.46
2 9 0.39 0.58
2 11 0.22 0.06
2 15 0.07 0.59
3 4 0.97 0.08
3 5 0.06 0.84
3 6 0.47 0.34
3 14 0.48 0.69
4 10 0.65 0.14
4 11 0.22 0.91
4 12 0.81 0.02
5 6 0.8 0.02
5 7 0.94 0.83
5 8 0.29 0.88
6 7 0.43 0.58
6 10 0.62 0.59
6 14 0.6 0.17
7 11 0.6 0.65
7 14 0.06 0.23
8 12 0.28 0.31
9 12 0.8 0.31
9 15 0.49 0.04
10 13 0.9 0.56
12 13 0.99 0.74
14 15 0.98 0.76
