0 1 0.49 0.48
0 2 0.92 0.21
0 3 0.45 0.82
0 4 0.89 0.39
0 7 0.01 0.43
1 2 0.02 0.8
1 3 0.9 0.49
1 4 0.15 0.32
1 5 0.14 0.25
1 6 0.68 0.02
1 10 0.31 0.93
1 12 0.19 0.86
2 3 0.68 0.61
2 4 0.47 0.23
2 7 0.07 0.06
2 9 0.25 0.91
2 10 0.2 0.65
2 11 0.84 0.39
2 12 0.81 0.73
3 5 0.94 0.48
3 6 0.22 0.66
3 8 0.04 0.63
3 11 0.59 0.29
3 12 0.47 0.04
3 15 0.25 0.41
4 5 0.09 0.57
4 6 0.89 0.82
4 8 1 0.09
4 11 0.2 0.08
4 14 0.32 0.83
5 14 0.51 0.75
6 7 0.6 0.84
6 8 0.65 0.42
6 9 0.31 0.93
6 10 0.27 0.38
6 13 0.91 0.58
6 15 0.16 0.4
7 9 0.94 0.9
7 14 0.08 0.21
11 13 0.54 0.16
12 13 0.8 0.5
12 15 0.87 0.2
