0 1 0.13 0.18
0 2 0.57 0.87
0 3 0.3 0.73
0 4 0.18 0.8
0 7 0.96 0.76
1 2 0.25 0.65
1 3 0.1 0.26
1 4 0.42 0.82
1 5 0.62 0.27
1 6 0.43 0.79
1 10 0.96 1
1 12 0.03 0.52
2 3 0.11 0.75
2 4 0.96 0.84
2 7 0.34 0.72
2 9 0.52 0.51
2 10 0.18 0.48
2 11 0.86 0.34
2 12 0.98 0.98
3 5 0.97 0.93
3 6 0.23 0.88
3 8 0.65 0.88
3 11 0.36 0.97
3 12 0.75 0.23
3 15 0.36 0.98
4 5 0.86 0.31
4 6 0.68 0.26
4 8 0.49 0.87
4 11 0.27 0.71
4 14 0.86 0.07
5 14 0.53 0.46
6 7 0.39 0.89
6 8 0.71 0.5
6 9 0.72 1
6 10 0.91 0.39
6 13 0.39 0.54
6 15 0.74 0.84
7 9 0.52 0.06
7 14 0.28 0.17
11 13 0.82 0.28
12 13 0.11 0.63
12 15 0.1 0.14
