0 1 0.19 0.47
0 2 0.59 0.78
0 3 0.36 0.45
0 4 0.68 0.58
0 5 0.46 0.54
0 6 0.92 0.49
0 7 0.26 0.79
0 8 0.98 0.64
0 10 0.98 0.55
0 12 0.37 0.88
0 14 0.66 0.16
1 2 0.24 0.99
1 3 0.28 0.75
1 4 0.97 0.83
1 10 0.03 0.92
1 11 0.74 0.36
2 3 0.16 0.43
2 4 0.59 0.21
2 5 0.36 0.98
2 6 0.23 0.51
2 7 0.04 0.43
2 8 0.01 0.22
2 10 0.02 0.58
2 11 0.88 0.98
2 13 0.19 0.81
2 14 0.26 0.61
3 4 0.76 0.98
3 5 0.1 0.99
3 6 0.57 0.52
3 7 0.07 0.25
3 9 1 0.33
3 13 0.58 0.59
3 15 0.34 0.01
4 5 0.4 0.99
4 6 0.32 0.26
4 8 0.92 0.18
4 9 1 0.54
4 10 0.25 0.2
4 14 0.05 0.27
5 7 0.65 0.02
6 9 0.16 0.82
6 11 0.3 0.82
7 8 0.65 0.45
7 9 0.36 0.59
8 11 0.3 0.15
8 12 0.76 0.11
8 13 0.63 0.33
8 15 0.23 0.29
9 12 0.58 0.9
9 15 0.48 0.31
10 13 0.42 0.57
11 12 0.02 0.06
12 15 0.67 0.28
13 14 0.9 0.67
