0 1 0.72 0.42
0 2 0.98 0.85
0 3 0.92 0.09
0 4 0.61 0.6
0 6 0.91 0.01
0 8 0.68 0.13
0 10 0.85 0.89
0 11 0.47 0.24
0 12 0.26 0.87
0 14 0.43 0.38
0 15 0.59 0.17
1 2 0.36 0.56
1 3 0.42 0.26
1 4 0.82 0.71
1 5 0.06 0.97
1 6 0.42 0.99
1 9 0.28 0.26
1 14 0.15 0.68
2 3 0.66 0.68
2 4 0.02 0.25
2 5 0.06 0.19
2 6 0.26 1
2 7 0.3 0.93
2 8 0.37 0.98
2 10 0.09 0.25
2 14 0.08 0.39
3 4 0.18 0.76
3 5 0.2 0.52
3 6 0.01 1
3 7 0.23 0.36
3 8 0.89 0.88
3 9 0.34 0.62
3 10 0.91 0.98
4 5 1 0.46
4 7 0.2 0.79
4 10 0.21 0.9
4 12 0.8 0.46
4 13 0.47 0.4
5 11 0.45 0.59
5 13 0.05 0.79
6 7 0.09 0.14
6 8 0.21 0.13
6 9 0.78 0.15
7 9 0.33 0.27
7 13 0.71 0.17
7 14 0.6 0.7
7 15 0.35 0.71
8 11 0.31 0.27
8 12 0.08 0.17
8 13 0.54 0.8
9 11 0.78 0.13
10 12 0.64 0.1
11 15 0.19 0.18
13 15 0.72 0.76
