0 1 0.92 0.51
0 2 0.58 0.92
0 3 0.55 0.65
0 4 0.28 0.43
0 5 0.36 0.71
0 6 0.03 0.97
0 7 0.88 0.17
0 8 0.51 0.32
0 9 0.28 0.38
0 11 0.49 0.21
0 13 0.65 0.54
0 15 0.61 0.55
1 2 0.51 0.1
1 3 0.87 0.43
1 4 0.52 0.92
1 5 0.27 0.35
1 6 0.18 0.71
1 10 0.22 0.97
1 14 0.93 0.3
1 15 0.11 0.45
2 3 0.36 0.74
2 4 0.72 0.7
2 5 0.53 0.49
2 7 0.49 0.29
2 8 0.82 0.1
2 9 0.81 0.2
2 11 0.46 0.37
2 12 0.04 0.87
2 15 0.67 0.37
3 4 0.57 0.17
3 5 0.76 0.3
3 6 0.13 0.24
3 9 0.79 0.01
3 13 0.7 0.64
4 5 0.39 0.88
4 6 0.11 0.58
4 7 0.13 0.73
4 8 0.34 0.68
4 9 0.87 0.05
4 10 0.35 0.48
4 11 0.01 0.34
4 12 0.47 0.16
4 15 0.95 0.95
5 6 0.26 0.22
5 7 0.74 0.63
5 8 0.01 0.22
5 12 0.81 0.32
5 14 0.91 0.92
6 7 0.04 0.04
6 10 0.41 0.95
6 11 0.43 0.53
6 12 0.95 0.14
6 13 0.77 0.72
7 8 0.03 0.95
7 9 0.04 0.14
7 10 0.59 0.59
7 11 0.73 0.5
7 14 0.14 0.35
8 10 0.05 0.22
10 14 1 0.15
10 15 0.92 0.08
11 12 0.95 0.8
11 13 0.16 0.04
11 14 0.34 0.45
12 13 0.14 0.95
