0 1 0.7 0.53
0 2 0.61 0.72
0 3 0.37 0.89
0 4 0.25 0.39
0 5 0.61 0.86
0 6 0.86 0.54
1 2 0.84 0.59
1 3 0.51 0.54
1 4 0.63 0.46
1 5 0.75 0.02
1 6 0.82 0.8
1 9 0.15 0.69
1 11 0.48 0.06
1 12 0.25 0.51
2 3 0.86 0.31
2 7 0.86 0.12
2 10 0.15 0.35
2 11 0.3 0.16
2 12 0.11 0.5
3 4 0.89 0.17
3 5 0.16 0.62
3 8 0.64 0.34
3 10 0.36 0.07
3 13 0.23 0.88
4 6 0.7 0.93
4 8 0.44 0.89
5 7 0.64 0.96
5 9 0.98 0.78
5 10 0.62 0.77
5 13 0.9 0.76
5 14 0.33 0.52
5 15 0.69 0.22
6 7 0.39 0.09
6 8 0.46 0.7
6 11 0.24 0.21
6 14 0.29 0.62
8 9 0.86 0.03
8 12 0.67 0.37
8 14 0.17 0.3
8 15 0.06 0.74
9 13 0.29 0.03
9 15 0.83 0.41
