0 1 0.53 0.83
0 2 0.54 0.49
0 3 0.83 0.28
0 4 0.3 0.94
0 5 0.09 0.76
0 9 0.7 0.68
0 13 0.19 0.29
1 2 0.56 0.19
1 3 0.07 0.48
1 5 0.58 0.61
1 6 0.41 0.72
1 8 0.74 0.49
1 9 0.7 0.96
1 10 0.07 0.27
2 3 0.63 0.48
2 4 0.79 0.74
2 7 0.37 0.26
2 8 0.18 0.18
2 9 0.85 0.46
2 11 0.57 0.88
2 15 0.72 0.58
3 4 0.06 0.23
3 5 0.18 0.05
3 6 0.61 0.11
3 14 0.19 0.84
4 10 0.02 0.9
4 11 0.98 0.95
4 12 0.09 0.1
5 6 0.65 0.18
5 7 0.35 0.17
5 8 0.26 0.7
6 7 0.57 0.37
6 10 0.89 0.93
6 14 0.29 0.44
7 11 0.91 0.3
7 14 0.01 0.43
8 12 0.46 0.82
9 12 0.94 0.55
9 15 0.25 0.71
10 13 0.8 0.65
12 13 0.7 0.82
14 15 0.36 0.04
