0 1 0.14 0.28
0 2 0.83 0.48
0 3 0.38 0.28
0 4 0.19 0.97
0 5 0.86 0.84
0 6 0.1 0.62
0 8 0.87 0.2
0 10 0.52 0.82
0 12 0.62 0.78
0 15 0.59 0.4
1 2 0.92 0.25
1 3 0.28 0.96
1 4 0.13 0.14
1 6 0.32 0.16
1 7 0.88 0.24
1 9 0.68 0.07
2 3 0.63 0.54
2 5 0.19 0.78
3 4 0.28 0.36
3 5 0.71 0.55
3 6 0.8 0.52
3 7 0.44 0.36
3 8 0.43 0.01
3 10 0.87 0.75
3 11 0.47 0.25
3 12 0.19 0.57
4 10 0.84 0.73
4 11 0.02 0.34
4 13 0.75 0.09
4 15 0.34 0.98
5 9 0.56 0.75
5 13 0.86 0.57
5 14 0.04 0.9
6 7 0.37 0.53
6 12 0.61 0.92
6 13 0.63 0.41
6 14 0.67 0.67
6 15 0.17 0.08
7 8 0.16 0.53
7 9 0.84 0.04
10 11 0.9 0.66
11 14 0.95 0.78
