0 1 0.16 0.37
0 2 0.2 0.86
0 3 0.29 0.94
0 4 0.23 0.2
0 5 0.07 0.75
0 6 0.64 0.26
1 2 0.18 0.44
1 3 0.08 0.92
1 4 0.2 1
1 5 0.15 0.37
1 6 0.84 0.13
1 9 0.8 0.53
1 11 0.19 0.66
1 12 0.81 0.33
2 3 0.56 0.9
2 7 0.06 0.7
2 10 0.75 0.33
2 11 0.86 0.17
2 12 0.47 0.89
3 4 0.35 0.2
3 5 0.78 0.9
3 8 0.42 0.86
3 10 0.78 0.47
3 13 0.35 0.34
4 6 0.9 0.89
4 8 0.65 0.92
5 7 0.82 0.26
5 9 0.22 0.49
5 10 0.07 0.27
5 13 0.35 0.3
5 14 0.58 0.83
5 15 0.63 0.67
6 7 0.28 0.92
6 8 0.9 0.58
6 11 0.57 0.44
6 14 0.98 0.79
8 9 0.71 0.91
8 12 0.88 0.09
8 14 0.24 0.59
8 15 0.14 0.72
9 13 0.72 0.88
9 15 0.02 0.92
