0 1 0.13 0.12
0 2 0.71 0.22
0 3 0.89 0.69
0 4 0.55 0.84
0 7 0.01 0.74
1 2 0.57 0.2
1 3 0.4 0.53
1 4 0.95 0.46
1 5 0.1 0.4
1 6 0.09 0.55
1 10 0.11 0.89
1 12 0.46 0.58
2 3 0.59 0.62
2 4 0.29 0.32
2 7 0.54 0.15
2 9 0.53 0.62
2 10 0.74 0.49
2 11 0.2 0.14
2 12 0.69 0.35
3 5 0.91 0.77
3 6 0.9 0.22
3 8 0.24 0.63
3 11 0.78 0.16
3 12 0.32 0.33
3 15 0.82 0.03
4 5 0.6 0.75
4 6 0.2 0.05
4 8 0.5 0.85
4 11 0.4 0.51
4 14 0.36 0.83
5 14 0.45 0.56
6 7 0.45 0.54
6 8 0.29 0.24
6 9 0.08 0.99
6 10 0.99 0.66
6 13 0.82 0.16
6 15 0.18 0.01
7 9 0.14 1
7 14 0.2 0.59
11 13 0.55 0.93
12 13 0.03 0.47
12 15 0.85 0.9
