0 1 0.42 0.45
0 2 0.19 0.41
0 3 0.27 0.88
0 4 0.28 0.5
0 5 0.54 0.01
0 6 0.12 0.45
0 8 0.7 0.64
0 10 0.29 0.7
0 12 0.87 0.04
0 15 0.64 0.41
1 2 0.67 0.82
1 3 0.42 0.22
1 4 0.03 0.18
1 6 0.85 0.41
1 7 0.6 0.74
1 9 0.89 0.75
2 3 0.09 0.78
2 5 0.25 0.69
3 4 0.62 0.67
3 5 0.28 0.27
3 6 0.49 0.27
3 7 0.79 0.1
3 8 0.06 0.83
3 10 0.31 0.61
3 11 0.8 0.51
3 12 0.7 0.88
4 10 0.59 0.69
4 11 0.53 0.28
4 13 0.09 0.25
4 15 0.76 0.34
5 9 0.98 0.09
5 13 0.63 0.85
5 14 0.92 0.3
6 7 0.33 0.85
6 12 0.97 0.67
6 13 0.12 0.24
6 14 0.68 0.37
6 15 0.69 0.5
7 8 0.58 0.1
7 9 0.66 0.78
10 11 0.9 0.63
11 14 0.21 0.03
