0 1 0.83 0.45
0 2 0.74 0.54
0 3 0.83 0.71
0 4 0.06 0.96
0 5 0.43 0.83
0 7 0.01 0.88
0 8 0.78 0.62
0 10 0.91 0.47
0 12 0.25 0.93
0 14 0.19 0.02
1 2 0.62 0.71
1 3 0.3 0.97
1 4 0.7 0.79
1 5 0.65 0.7
1 6 0.01 0.46
1 10 0.77 0.52
2 3 0.85 0.38
2 4 0.37 0.87
2 5 0.79 0.7
2 6 0.2 0.93
2 7 0.88 0.22
2 8 0.77 0.16
2 9 0.57 0.02
2 10 0.16 0.3
2 11 0.99 0.8
2 13 0.43 0.87
2 14 0.15 0.53
2 15 0.91 0.1
3 4 0.71 0.78
3 5 0.33 0.55
3 6 0.42 0.58
3 7 0.67 0.16
3 8 0.75 0.15
3 9 0.48 0.88
3 11 0.51 0.49
3 12 0.23 0.26
4 9 0.19 0.89
4 15 0.57 0.6
5 6 0.1 0.52
5 11 0.14 1
5 13 0.51 0.59
6 7 0.06 0.86
6 8 0.78 0.89
6 9 0.62 0.45
6 14 0.42 0.67
7 12 0.98 0.39
8 10 0.96 0.31
8 13 0.14 0.88
9 11 0.03 0.93
9 13 0.84 0.87
9 15 0.18 0.15
10 14 0.48 0.28
10 15 0.17 0.03
11 12 0.47 0.46
