0 1 0.86 0.25
0 2 0.36 0.23
0 3 0.91 0.45
0 4 0.71 0.28
0 6 0.15 0.59
0 9 0.33 0.54
0 10 0.41 0.99
0 11 0.78 0.15
0 13 0.87 0.7
1 2 0.78 0.67
1 3 0.28 0.74
1 4 0.96 0.35
1 5 0.33 0.65
1 12 0.85 0.28
2 3 0.1 0.53
2 4 0.78 0.24
2 6 0.57 0.62
2 7 0.9 0.46
2 8 0.89 0.08
2 9 0.88 0.04
2 10 1 0.61
2 11 0.78 0.26
2 13 0.62 0.63
3 5 0.28 0.62
3 8 0.63 0.52
3 15 0.58 0.05
4 5 0.54 0.89
5 6 0.86 0.72
5 7 0.15 0.39
5 8 0.46 0.77
5 9 0.67 0.29
5 11 0.19 0.72
5 15 0.97 0.88
6 7 0.03 0.93
6 10 0.58 0.17
6 12 0.08 0.43
6 13 0.77 0.56
8 12 0.02 0.26
8 14 0.24 0.44
11 15 0.41 0.55
12 14 0.67 0.41
13 14 0.71 0.34
