0 1 0.51 0.24
0 2 0.69 0.66
0 3 0.15 0.35
0 4 0.3 0.21
0 5 0.4 0.08
0 7 0.39 0.8
0 8 0.04 0.09
0 10 0.49 0.22
0 12 0.61 0.38
0 14 1 0.59
1 2 0.32 0.25
1 3 0.15 0.32
1 4 0.11 0.57
1 5 0.23 0.25
1 6 0.25 0.41
1 10 0.59 0.49
2 3 0.84 0.04
2 4 0.88 0.16
2 5 0.29 0.53
2 6 0.91 0.24
2 7 0.64 0.14
2 8 0.11 0.41
2 9 0.45 0.01
2 10 0.35 0.58
2 11 0.11 0.9
2 13 0.86 0.54
2 14 0.17 0.28
2 15 0.82 0.55
3 4 0.58 0.72
3 5 0.55 0.61
3 6 0.72 0.43
3 7 0.27 0.99
3 8 0.39 0.12
3 9 0.43 0.5
3 11 0.46 0.21
3 12 0.09 0.02
4 9 0.52 0.02
4 15 0.8 0.45
5 6 0.17 0.02
5 11 0.38 0.72
5 13 0.33 0.76
6 7 0.9 0.45
6 8 0.39 0.88
6 9 0.07 0.77
6 14 0.53 0.82
7 12 0.43 0.83
8 10 0.85 0.37
8 13 0.12 0.84
9 11 0.13 0.89
9 13 0.2 0.25
9 15 0.62 0.71
10 14 0.13 0.51
10 15 0.53 0.96
11 12 0.72 0.1
