0 1 0.11 0.17
0 2 0.73 0.68
0 3 0.95 0.32
0 4 0.62 0.6
0 5 0.9 0.89
0 6 0.08 0.42
0 7 0.54 0.65
0 8 0.16 0.99
0 9 0.68 0.55
0 11 0.7 0.72
0 13 0.12 0.74
0 14 0.71 0.82
0 15 0.03 0.33
1 2 0.91 0.56
1 3 0.41 0.78
1 4 0.1 0.52
1 5 0.04 0.38
1 11 1 0.57
1 12 0.06 0.59
1 14 0.02 0.89
1 15 0.93 0.53
2 3 0.59 0.88
2 4 0.82 0.26
2 6 0.22 0.6
2 7 0.31 0.07
2 13 0.47 0.86
2 14 0.38 0.3
3 4 0.83 0.43
3 5 0.39 0.83
3 6 0.85 0.16
3 8 0.69 0.49
3 9 0.85 0.3
3 15 0.4 0.07
4 5 0.8 0.41
4 6 0.71 0.49
4 7 0.06 0.51
4 10 0.47 0.97
4 12 0.94 0.42
5 7 0.37 0.94
5 8 0.26 0.06
5 9 0.71 0.51
5 10 0.97 0.45
5 11 0.24 0.69
5 12 0.07 0.49
5 13 0.43 0.85
6 9 0.15 0.21
6 10 0.16 0.87
6 11 0.24 0.77
6 13 0.38 0.46
6 14 0.94 0.05
7 8 0.03 0.18
7 12 0.87 0.32
8 10 0.88 0.23
13 15 0.05 0.74
