0 1 0.18 0.02
0 2 0.45 0.99
0 3 0.44 0.65
0 4 0.15 0.79
0 5 0.96 0.38
0 6 0.34 0.75
0 7 0.91 0.39
0 8 0.64 0.13
0 10 0.38 0.81
0 12 0.53 0.22
0 14 0.78 0.62
1 2 0.05 0.15
1 3 0.15 0.34
1 4 0.04 0.69
1 10 0.46 0.79
1 11 0.45 0.96
2 3 0.81 0.27
2 4 0.71 0.33
2 5 0.49 0.75
2 6 0.79 0.46
2 7 0.08 0.1
2 8 0.6 0.43
2 10 0.81 0.67
2 11 0.5 0.33
2 13 0.57 0.37
2 14 0.01 0.88
3 4 0.97 0.18
3 5 0.8 0.56
3 6 0.97 0.4
3 7 0.32 0.27
3 9 0.2 0.19
3 13 0.58 0.4
3 15 0.13 0.33
4 5 0.44 0.82
4 6 0.36 0.27
4 8 0.73 0.16
4 9 0.34 0.31
4 10 0.89 0.81
4 14 0.38 0.62
5 7 0.27 0.27
6 9 0.99 0.17
6 11 0.67 0.74
7 8 0.69 0.8
7 9 0.62 0.24
8 11 0.15 0.66
8 12 0.94 0.41
8 13 0.71 0.04
8 15 0.13 0.76
9 12 0.61 0.54
9 15 0.78 0.61
10 13 0.68 0.4
11 12 0.67 0.94
12 15 0.35 0.82
13 14 0.46 0.89
