0 1 0.9 0.66
0 2 0.41 0.86
0 3 0.07 0.47
0 4 0.17 1
0 5 0.37 0.1
0 6 0.83 0.77
0 7 0.83 0.06
0 9 0.02 0.31
0 10 0.88 0.13
0 11 0.49 0.78
0 12 0.12 0.36
0 13 0.81 0.99
1 2 0.42 0.66
1 3 0.43 0.26
1 4 0.33 0.62
1 6 0.94 0.85
1 7 0.65 0.09
1 8 0.15 0.31
1 12 0.17 0.11
1 13 0.11 0.78
2 3 0.22 0.68
2 4 0.43 0.97
2 5 0.16 0.97
2 6 0.51 0.08
2 7 0.17 0.65
2 8 0.7 0.12
2 9 0.85 0.68
2 10 0.47 0.4
2 13 0.05 0.54
2 14 0.54 0.24
3 4 0.95 0.97
3 5 0.5 0.13
3 10 0.5 0.72
3 11 0.21 0.04
3 12 0.18 0.75
3 14 0.36 0.5
3 15 0.27 0.45
4 5 0.19 0.81
4 6 0.88 0.43
4 7 0.82 0.26
4 9 0.68 0.27
4 12 0.35 0.21
4 14 0.07 0.72
4 15 0.59 0.13
5 8 0.02 0.05
5 9 0.78 0.8
5 13 0.98 0.35
6 8 0.27 0.32
6 15 0.92 0.15
7 11 0.22 0.78
7 14 0.24 0.07
9 10 1 0.17
9 15 0.1 0.18
10 11 0.45 0.21
