0 1 0.87 0.48
0 2 0.33 0.53
0 3 0.56 0.41
0 4 0.55 0.82
0 5 0.18 0.4
0 6 0.48 0.61
0 8 0.19 0.67
0 9 0.73 0.25
0 10 0.79 0.74
1 2 0.02 0.32
1 3 0.4 0.78
1 4 0.43 0.74
1 7 0.06 0.33
1 8 0.95 0.58
1 9 0.6 0.8
1 10 0.27 0.88
1 11 0.25 0.22
1 13 0.32 0.78
2 3 0.95 0.48
2 4 0.59 0.83
2 5 0.24 0.16
2 6 0.69 0.64
2 7 0.16 0.3
2 11 0.49 0.77
3 4 0.87 0.06
3 5 0.02 0.36
3 6 0.77 0.31
4 5 0.21 0.72
4 7 0.92 0.36
4 8 0.63 0.28
4 9 0.01 0.31
4 11 0.44 0.62
4 12 0.92 0.09
4 14 0.16 0.48
5 6 0.45 0.34
5 7 0.29 0.49
5 10 0.92 0.92
5 15 0.57 0.7
6 11 0.14 0.42
6 12 0.8 0.84
6 15 0.08 0.65
7 8 0.52 0.6
7 12 0.98 0.02
7 13 0.47 0.53
7 14 0.72 0.16
7 15 0.59 0.86
8 9 0.83 0.8
8 10 0.93 0.56
9 12 0.94 0.43
9 13 0.84 0.76
10 15 0.17 0.56
11 13 0.14 0.96
12 14 0.92 0.03
13 14 0.74 0.97
