0 1 0.39 0.75
0 2 0.56 0.74
0 3 0.1 0.89
0 4 0.59 0.96
0 5 0.4 0.71
0 6 0.05 0.51
0 8 0.02 0.48
0 9 0.5 0.72
0 10 0.46 0.69
1 2 0.37 0.35
1 3 0.63 0.65
1 4 0.26 0.76
1 7 0.68 0.3
1 8 0.58 0.51
1 9 0.69 0.07
1 10 0.74 0.37
1 11 0.54 0.06
1 13 1 0.2
2 3 0.74 0.35
2 4 0.75 0.23
2 5 0.65 0.48
2 6 0.78 0.45
2 7 0.62 0.99
2 11 0.04 0.9
3 4 0.21 0.62
3 5 0.03 0.42
3 6 0.36 0.39
4 5 0.37 0.06
4 7 0.22 0.43
4 8 0.64 0.34
4 9 0.21 0.41
4 11 0.55 0.68
4 12 0.62 0.24
4 14 0.27 0.25
5 6 0.09 0.69
5 7 0.29 0.47
5 10 0.4 0.54
5 15 0.96 0.34
6 11 0.39 0.17
6 12 0.43 0.97
6 15 0.26 0.07
7 8 0.03 0.04
7 12 0.89 0.06
7 13 0.91 0.73
7 14 0.36 0.76
7 15 0.71 0.1
8 9 0.81 0.62
8 10 0.99 0.8
9 12 0.29 0.83
9 13 0.85 0.13
10 15 0.56 0.12
11 13 0.89 0.23
12 14 0.98 0.97
13 14 0.65 0.09
