0 1 0.48 0.43
0 2 0.13 0.9
0 3 0.04 0.48
0 4 0.35 0.49
0 7 0.99 0.24
1 2 0.32 0.54
1 3 0.09 0.66
1 4 0.81 0.89
1 5 0.32 0.94
1 6 0.35 0.37
1 10 0.96 0.78
1 12 0.98 0.18
2 3 0.33 0.58
2 4 0.4 0.19
2 7 0.04 0.1
2 9 0.58 0.78
2 10 0.45 0.78
2 11 0.41 0.66
2 12 0.5 0.63
3 5 0.64 0.89
3 6 0.49 0.27
3 8 0.86 0.58
3 11 0.39 0.27
3 12 0.38 0.16
3 15 0.18 0.38
4 5 0.82 0.02
4 6 0.8 0.81
4 8 0.2 0.56
4 11 0.72 0.58
4 14 0.9 0.63
5 14 1 0.29
6 7 0.68 0.72
6 8 0.31 0.36
6 9 0.35 0.29
6 10 0.24 0.25
6 13 0.01 0.55
6 15 0.61 0.28
7 9 0.74 0.39
7 14 0.55 0.65
11 13 0.46 0.99
12 13 0.71 0.97
12 15 0.78 0.7
