0 1 0.07 0.12
0 2 0.23 0.35
0 3 0.24 0.48
0 4 0.59 0.03
0 6 0.15 0.27
0 7 0.62 0.87
0 8 0.71 0.44
0 9 0.19 0.44
0 10 0.3 0.69
0 13 0.88 0.78
0 15 0.31 0.75
1 2 0.83 0.4
1 3 0.32 0.13
1 4 0.01 0.71
1 5 0.19 0.56
1 7 0.52 0.3
1 8 0.34 0.37
1 9 0.2 0.4
1 12 0.04 0.42
1 14 0.6 0.56
1 15 0.16 0.99
2 3 0.05 0.36
2 5 0.48 0.07
2 6 0.15 0.85
2 8 0.88 0.1
3 4 0.5 0.26
3 5 0.77 0.4
3 9 0.85 0.46
3 12 0.88 0.36
3 13 0.02 0.58
4 6 0.44 0.41
4 11 0.87 0.85
4 14 0.45 0.53
6 7 0.4 0.09
6 10 0.24 0.85
6 11 0.92 0.82
6 12 0.94 0.88
6 13 0.47 0.33
7 10 0.15 0.45
8 11 0.73 0.74
9 15 0.03 0.65
10 14 0.47 0.48
