0 1 0.46 0.34
0 2 0.89 0.54
0 3 0.39 0.68
0 4 0.58 0.15
0 7 0.83 0.02
0 11 0.29 0.22
0 14 0.15 0.95
1 2 0.89 0.66
1 3 0.81 0.68
1 5 0.86 0.79
1 6 0.05 0.87
1 9 0.22 0.41
2 3 0.37 0.96
2 4 0.94 0.66
2 5 0.06 0.64
2 8 0.05 0.14
2 10 0.97 0.09
2 15 0.02 0.1
3 4 0.96 0.4
3 5 0.75 0.24
3 6 0.15 0.97
3 9 0.69 0.8
3 12 0.24 0.64
3 13 0.13 0.25
3 14 0.38 0.67
4 6 0.42 0.88
4 8 0.86 0.23
4 11 1 0.35
5 7 0.23 0.09
5 10 0.06 0.16
6 7 0.61 0.53
6 8 0.93 0.8
6 11 0.49 0.3
6 12 0.31 0.37
6 14 0.45 0.92
7 9 0.09 0.4
7 12 0.13 0.01
7 13 0.24 0.69
7 15 0.29 0.2
8 15 0.93 0.08
9 10 0.5 0.51
12 13 0.58 0.99
