0 1 0.34 0.04
0 2 0.87 0.81
0 3 0.52 0.63
0 4 1 0.24
0 6 0.48 0.12
0 9 0.14 0.6
0 10 0.63 0.89
0 11 0.1 0.86
0 13 0.05 0.76
1 2 0.48 0.82
1 3 0.29 0.01
1 4 0.91 0.08
1 5 0.16 0.7
1 12 0.42 0.68
2 3 0.89 0.96
2 4 0.59 0.01
2 6 0.01 0.18
2 7 0.42 0.48
2 8 0.77 0.84
2 9 0.4 0.11
2 10 0.73 0.92
2 11 0.07 0.64
2 13 0.55 0.07
3 5 0.81 0.27
3 8 0.06 0.75
3 15 0.34 0.19
4 5 0.14 0.01
5 6 0.16 0.59
5 7 0.73 0.09
5 8 0.6 0.69
5 9 0.49 0.18
5 11 0.37 0.75
5 15 0.9 0.98
6 7 0.41 0.16
6 10 0.77 0.33
6 12 0.57 0.83
6 13 0.06 0.81
8 12 0.81 0.21
8 14 0.29 0.87
11 15 0.61 0.17
12 14 0.9 0.15
13 14 0.74 0.43
