0 1 0.82 0.55
0 2 0.43 0.38
0 3 0.56 0.73
0 4 0.55 0.75
0 5 0.14 0.26
0 7 0.32 0.51
0 8 0.87 0.02
0 10 0.99 0.8
0 12 0.47 0.47
0 14 0.56 0.12
1 2 0.96 0.67
1 3 0.01 0.93
1 4 0.75 0.37
1 5 0.16 0.98
1 6 0.83 1
1 10 0.89 0.35
2 3 0.25 0.01
2 4 0.27 0.42
2 5 0.74 0.6
2 6 0.07 0.45
2 7 0.85 0.29
2 8 0.62 0.14
2 9 0.43 0.09
2 10 0.17 0.19
2 11 0.3 0.16
2 13 0.09 0.81
2 14 0.98 0.13
2 15 0.38 0.42
3 4 0.35 0.8
3 5 0.48 0.88
3 6 0.18 0.68
3 7 0.05 0.56
3 8 0.22 0.59
3 9 0.49 0.71
3 11 0.88 1
3 12 0.12 0.22
4 9 0.67 0.98
4 15 0.11 0.54
5 6 0.4 0.24
5 11 0.67 0.9
5 13 0.99 0.81
6 7 0.15 0.6
6 8 0.17 0.92
6 9 0.09 0.3
6 14 0.02 0.11
7 12 0.49 0.29
8 10 0.82 0.98
8 13 0.97 0.41
9 11 0.48 0.12
9 13 0.73 0.28
9 15 0.57 0.3
10 14 0.8 0.31
10 15 0.83 0.51
11 12 0.7 0.77
