0 1 0.2 0.73
0 2 0.85 0.45
0 3 0.25 0.37
0 4 0.19 1
0 5 0.71 0.45
0 7 0.38 0.2
0 8 0.87 0.96
0 9 0.11 0.19
0 10 0.21 0.03
0 12 0.73 0.34
0 15 0.91 0.85
1 2 0.61 0.7
1 3 0.46 0.5
1 4 0.87 0.33
1 5 0.74 0.02
1 6 0.51 0.48
1 8 0.86 0.86
1 11 0.64 0.97
1 12 0.71 0.71
2 3 0.13 0.75
2 4 0.67 0.56
2 5 0.05 0.31
2 6 0.67 0.33
2 7 0.73 0.41
3 4 0.26 0.86
3 7 0.34 0.59
3 9 0.12 0.61
3 10 0.33 0.39
3 12 0.55 0.1
3 13 0.72 0.74
3 14 0.73 0.37
4 5 0.8 0.82
4 6 0.21 0.14
4 8 0.37 0.62
4 9 0.32 0.31
4 14 0.07 0.77
4 15 0.34 0.04
5 6 0.1 0.81
5 12 0.94 0.27
6 7 0.57 0.09
6 8 0.42 0.94
6 11 0.48 0.15
6 13 0.86 0.92
6 14 0.45 0.51
6 15 0.27 0.62
7 9 0.97 0.47
7 10 0.54 0.26
7 11 0.77 0.23
7 15 0.19 0.84
9 10 0.66 0.31
9 11 0.47 0.88
10 13 0.3 0.07
12 13 0.12 0.9
12 14 0.76 0.28
