0 1 0.07 0.36
0 2 0.88 0.54
0 3 0.72 0.23
0 4 0.96 0.25
0 5 0.93 0.88
0 6 0.59 0.71
0 7 0.63 0.66
0 8 0.49 0.68
0 9 0.56 0.38
0 11 0.91 0.35
0 13 0.26 0.45
0 14 0.61 0.78
0 15 0.35 0.1
1 2 0.97 0.49
1 3 0.24 0.2
1 4 0.19 0.86
1 5 0.4 0.37
1 11 0.33 0.07
1 12 0.82 0.91
1 14 0.91 0.03
1 15 0.41 0.56
2 3 0.35 0.14
2 4 0.13 0.31
2 6 0.87 0.92
2 7 0.05 0.44
2 13 0.28 0.67
2 14 0.69 0.17
3 4 0.26 0.9
3 5 0.1 0.86
3 6 0.9 0.08
3 8 0.64 0.21
3 9 0.07 0.89
3 15 0.99 0.4
4 5 0.27 0.67
4 6 0.87 0.67
4 7 0.53 0.23
4 10 0.13 0.41
4 12 0.62 0.97
5 7 0.22 0.96
5 8 0.83 0.87
5 9 0.44 0.21
5 10 0.42 0.22
5 11 0.92 0.42
5 12 0.91 0.88
5 13 0.57 0.14
6 9 0.44 0.98
6 10 0.58 0.43
6 11 0.46 0.7
6 13 0.35 0.01
6 14 0.84 0.88
7 8 0.18 0.72
7 12 0.71 0.24
8 10 0.16 0.55
13 15 0.36 0.78
