0 1 0.75 0.75
0 2 0.07 0.92
0 3 0.79 0.35
0 4 0.91 0.3
0 6 0.67 0.07
0 9 0.83 0.03
0 10 0.96 0.98
0 11 0.38 0.43
0 13 0.04 0.4
1 2 0.71 0.17
1 3 0.69 0.64
1 4 0.56 0.37
1 5 0.32 0.38
1 12 0.5 0.5
2 3 0.99 0.26
2 4 0.96 0.33
2 6 0.12 0.53
2 7 0.79 0.11
2 8 0.66 0.67
2 9 0.9 0.5
2 10 0.81 0.8
2 11 0.97 0.57
2 13 0.86 0.33
3 5 0.25 0.98
3 8 0.59 0.61
3 15 0.14 0.27
4 5 0.58 0.22
5 6 0.76 0.54
5 7 0.43 0.67
5 8 0.94 0.18
5 9 0.65 0.62
5 11 0.8 0.05
5 15 0.09 0.02
6 7 0.1 0.63
6 10 0.77 0.83
6 12 0.97 0.45
6 13 0.39 0.58
8 12 0.1 0.1
8 14 0.16 0.03
11 15 0.86 0.74
12 14 0.44 0.54
13 14 0.25 0.41
