0 1 0.47 0.5
0 2 0.55 0.32
0 3 0.74 0.65
0 4 0.56 0.52
0 5 0.47 0.97
0 6 0.71 0.22
1 2 0.02 0.45
1 3 0.01 0.75
1 4 0.31 0.72
1 5 0.77 0.59
1 6 0.16 0.52
1 9 0.15 0.79
1 11 0.06 0.23
1 12 0.36 0.86
2 3 0.69 0.06
2 7 0.79 0.67
2 10 0.6 0.37
2 11 0.98 0.82
2 12 0.45 0.63
3 4 0.83 0.17
3 5 0.51 0.09
3 8 0.01 0.53
3 10 0.74 0.78
3 13 0.98 0.6
4 6 0.9 0.24
4 8 0.83 0.53
5 7 0.45 0.61
5 9 0.62 0.48
5 10 0.17 0.49
5 13 0.15 0.18
5 14 0.09 0.24
5 15 0.39 0.72
6 7 0.6 0.61
6 8 0.88 0.86
6 11 0.64 0.25
6 14 0.64 0.89
8 9 0.96 0.85
8 12 0.34 0.49
8 14 0.61 0.52
8 15 0.68 0.06
9 13 0.84 0.82
9 15 0.69 0.63
