0 1 0.08 0.66
0 2 0.62 0.47
0 3 0.97 0.45
0 4 0.68 0.92
0 5 0.75 0.05
0 6 0.98 0.4
0 7 0.5 0.41
0 9 0.06 0.58
0 10 0.84 0.6
0 11 0.03 0.56
0 12 0.61 0.79
0 13 0.91 0.99
1 2 0.22 0.73
1 3 0.13 0.26
1 4 0.03 0.18
1 6 0.87 0.78
1 7 0.8 0.35
1 8 0.15 0.03
1 12 0.07 0.89
1 13 0.5 0.55
2 3 0.09 0.22
2 4 0.44 0.02
2 5 0.41 0.97
2 6 0.05 0.12
2 7 0.36 0.43
2 8 0.36 0.57
2 9 0.92 0.87
2 10 0.18 0.95
2 13 0.1 0.17
2 14 0.48 0.95
3 4 0.77 0.29
3 5 0.38 0.24
3 10 0.34 0.23
3 11 1 0.37
3 12 0.74 0.55
3 14 0.4 0.95
3 15 0.3 0.89
4 5 0.3 0.01
4 6 0.39 0.98
4 7 0.35 0.76
4 9 0.48 0.76
4 12 0.98 0.77
4 14 0.23 0.71
4 15 0.5 0.38
5 8 0.52 0.09
5 9 0.45 0.61
5 13 0.76 0.3
6 8 0.41 0.33
6 15 0.69 0.53
7 11 0.61 0.62
7 14 0.38 0.39
9 10 0.89 0.76
9 15 0.8 0.6
10 11 0.4 0.48
