0 1 0.14 0.65
0 2 0.9 0.22
0 3 0.73 0.63
0 4 0.17 0.55
0 5 0.52 0.94
0 9 0.14 0.62
0 13 0.97 0.21
1 2 0.15 0.52
1 3 0.41 0.85
1 5 0.39 0.17
1 6 0.19 0.67
1 8 0.14 0.64
1 9 0.01 0.78
1 10 0.62 0.26
2 3 0.98 0.76
2 4 0.04 0.78
2 7 0.17 0.84
2 8 0.95 0.36
2 9 1 0.18
2 11 0.48 0.84
2 15 0.12 0.67
3 4 0.12 0.31
3 5 0.96 0.75
3 6 0.58 0.06
3 14 0.67 0.1
4 10 0.34 0.83
4 11 0.6 0.31
4 12 0.82 0.75
5 6 0.23 0.36
5 7 0.33 0.08
5 8 0.93 0.79
6 7 0.02 0.56
6 10 0.73 0.17
6 14 0.43 0.12
7 11 0.42 0.35
7 14 0.53 0.85
8 12 0.17 0.08
9 12 0.32 0.83
9 15 0.3 1
10 13 0.47 0.69
12 13 0.48 0.65
14 15 0.41 0.68
