0 1 0.46 0.41
0 2 0.54 0.34
0 3 0.82 0.04
0 4 0.5 0.22
0 5 0.07 0.27
0 6 0.11 0.2
0 7 0.18 0.52
0 8 0.08 0.58
0 10 0.98 0.49
0 12 0.16 0.8
0 14 0.34 0.04
1 2 0.94 0.45
1 3 0.14 0.61
1 4 0.56 0.91
1 10 0.03 0.42
1 11 0.6 0.65
2 3 0.62 0.48
2 4 0.47 0.02
2 5 0.28 0.49
2 6 0.73 0.92
2 7 0.71 0.69
2 8 0.98 0.84
2 10 0.22 0.24
2 11 0.43 0.9
2 13 0.09 0.59
2 14 0.78 0.74
3 4 0.26 0.13
3 5 0.52 0.91
3 6 0.78 0.5
3 7 0.46 0.62
3 9 0.07 0.32
3 13 0.79 0.24
3 15 0.59 0.07
4 5 0.27 0.19
4 6 0.28 0.53
4 8 0.83 0.06
4 9 0.58 0.35
4 10 0.71 0.2
4 14 0.25 0.58
5 7 0.32 0.58
6 9 0.65 0.87
6 11 0.68 0.27
7 8 0.01 0.06
7 9 0.73 0.83
8 11 0.39 0.35
8 12 0.55 0.96
8 13 1 0.52
8 15 0.19 0.91
9 12 0.78 0.18
9 15 0.94 0.78
10 13 0.38 0.69
11 12 0.62 0.43
12 15 0.84 0.04
13 14 0.79 0.56
