0 1 0.63 0.52
0 2 0.92 0.69
0 3 0.84 0.67
0 4 0.88 0.82
0 5 0.84 0.93
0 8 0.4 0.72
0 9 0.5 0.3
0 10 0.91 0.14
0 12 0.45 0.39
0 13 0.16 0.99
0 15 0.87 0.74
1 2 0.75 0.61
1 3 0.54 0.26
1 4 0.84 0.36
1 5 0.02 0.26
1 6 0.58 0.18
1 7 0.83 0.72
1 10 0.08 0.14
1 12 0.12 0.1
2 3 0.94 0.2
2 4 0.79 0.21
2 5 0.05 0.16
2 6 0.3 0.71
2 7 0.84 0.1
2 8 0.77 0.84
2 13 0.11 0.76
2 14 0.27 0.9
3 4 0.15 0.33
3 11 0.99 0.9
3 13 0.13 0.55
3 14 0.54 0.95
3 15 0.88 0.95
4 5 0.67 0.24
4 6 0.55 0.48
4 7 0.48 0.31
4 9 0.93 0.07
4 11 0.9 0.81
5 6 0.13 0.7
5 7 0.57 0.13
5 9 0.72 0.72
6 8 0.01 0.75
6 10 0.31 0.97
6 13 0.77 0.11
7 8 0.96 0.84
7 9 0.13 0.47
7 10 0.8 0.83
7 14 0.96 0.43
8 11 0.98 0.42
8 12 0.1 0.62
9 11 0.09 0.91
10 15 0.39 0.45
11 12 0.53 0.38
11 15 0.66 0.53
13 14 0.54 0.75
