0 1 0.71 0.43
0 2 0.13 0.38
0 3 0.9 0.79
0 4 0.09 0.64
0 5 0.2 0.77
0 6 0.05 0.69
0 7 0.37 0.47
0 11 0.19 0.21
1 2 0.89 0.19
1 3 0.92 0.66
1 4 0.09 0.62
1 5 0.84 0.81
1 6 0.57 0.89
1 7 0.73 0.45
1 8 0.07 0.56
1 9 0.38 0.61
1 11 0.83 0.52
1 12 0.62 0.61
2 3 0.53 0.4
2 4 0.2 0.74
2 5 0.12 0.04
2 6 0.24 0.35
2 7 0.67 0.52
2 9 0.35 0.15
2 10 0.75 0.75
2 15 0.45 0.22
3 4 0.9 0.24
3 5 0.26 0.28
3 6 0.58 0.14
3 8 0.74 0.14
3 10 0.12 0.92
3 11 0.25 0.34
3 12 0.87 0.17
3 14 0.81 0.74
4 12 0.63 0.13
5 7 0.33 0.47
5 8 0.52 0.98
5 9 0.74 0.03
5 10 0.63 0.53
6 12 0.53 0.35
6 14 0.91 0.6
7 8 0.48 0.84
7 9 0.74 0.75
7 10 0.58 0.47
7 11 0.72 0.62
7 15 0.7 0.37
8 13 0.65 0.26
8 14 0.11 0.93
8 15 0.74 0.59
10 13 0.73 0.96
11 13 0.36 0.44
11 15 0.08 0.97
12 13 0.62 0.93
13 14 0.66 0.69
