0 1 0.42 0.03
0 2 0.89 0.63
0 3 0.86 0.07
0 4 0.89 0.89
0 7 0.23 0.92
1 2 0.56 0.43
1 3 0.23 0.93
1 4 0.83 0.4
1 5 0.61 0.59
1 6 0.79 0.32
1 10 0.83 0.79
1 12 0.04 0.18
2 3 0.39 0.57
2 4 0.01 0.35
2 7 0.37 0.12
2 9 0.9 0.48
2 10 0.64 0.97
2 11 0.12 0.47
2 12 0.55 0.55
3 5 0.3 0.73
3 6 0.34 0.42
3 8 0.57 0.04
3 11 0.04 0.3
3 12 0.16 0.63
3 15 0.61 0.56
4 5 0.44 0.44
4 6 0.98 0.01
4 8 0.67 0.57
4 11 0.59 0.98
4 14 0.96 0.93
5 14 0.49 0.14
6 7 0.51 0.86
6 8 0.16 0.86
6 9 0.72 0.16
6 10 0.73 0.58
6 13 0.62 0.92
6 15 0.9 0.66
7 9 0.08 0.96
7 14 0.9 0.2
11 13 0.84 0.94
12 13 0.25 0.05
12 15 0.84 0.61
