0 1 0.71 0.2
0 2 0.19 0.68
0 3 0.56 0.66
0 4 0.46 0.32
0 5 0.42 0.84
0 7 0.18 0.61
0 8 0.74 0.8
0 10 0.81 0.72
0 12 0.92 0.96
0 14 0.38 0.1
1 2 0.07 0.81
1 3 0.25 0.84
1 4 0.05 0.8
1 5 0.48 0.39
1 6 0.6 0.28
1 10 0.18 0.83
2 3 0.7 0.41
2 4 0.52 0.89
2 5 0.59 0.12
2 6 0.44 0.62
2 7 0.76 0.56
2 8 0.58 0.94
2 9 1 0.26
2 10 0.43 0.8
2 11 0.2 0.85
2 13 0.06 0.73
2 14 0.74 0.45
2 15 0.8 0.48
3 4 0.15 0.88
3 5 0.99 0.98
3 6 0.96 0.42
3 7 0.23 0.44
3 8 0.09 0.99
3 9 0.91 0.19
3 11 0.06 0.79
3 12 0.12 0.96
4 9 0.79 0.99
4 15 0.86 0.22
5 6 0.21 0.46
5 11 0.39 0.48
5 13 0.77 0.95
6 7 0.85 0.2
6 8 0.68 0.96
6 9 0.28 0.24
6 14 0.18 0.17
7 12 0.66 0.16
8 10 0.32 0.21
8 13 0.49 0.6
9 11 0.94 0.69
9 13 0.2 0.47
9 15 0.2 0.03
10 14 0.44 0.48
10 15 0.52 0.1
11 12 1 0.93
