0 1 0.54 0.96
0 2 0.54 0.39
0 3 0.93 0.7
0 4 0.64 0.07
0 5 0.52 0.27
0 14 0.81 0.98
0 15 0.52 0.75
1 2 0.93 0.37
1 3 0.59 0.46
1 4 0.9 0.01
1 5 0.71 0.73
1 6 0.83 0.64
1 7 0.12 0.29
1 8 0.22 0.18
1 10 0.45 0.59
1 11 0.5 0.58
1 14 0.5 0.41
1 15 0.69 0.31
2 3 0.23 0.45
2 6 0.83 0.94
2 8 0.3 0.79
2 9 0.28 0.71
2 10 0.82 0.42
2 12 0.82 0.32
3 4 0.58 0.1
3 7 0.27 0.89
3 8 0.15 0.88
3 9 0.23 0.2
3 13 0.51 0.84
4 5 0.79 0.09
4 6 0.73 0.05
4 9 0.1 0.41
4 11 0.92 0.04
5 7 0.01 0.11
5 10 0.21 0.86
5 12 0.8 0.47
5 13 0.01 0.74
6 13 0.03 0.8
8 11 0.09 0.87
8 14 0.07 0.39
9 12 0.66 0.02
10 15 0.3 0.66
