0 1 0.35 0.42
0 2 0.43 0.1
0 3 0.68 0.35
0 4 0.4 0.95
0 5 0.33 0.09
0 8 0.41 0.42
0 9 0.82 0.57
0 10 0.68 0.28
0 12 0.47 0.35
0 13 0.18 0.54
0 15 0.77 0.31
1 2 0.26 0.22
1 3 0.7 0.41
1 4 0.9 0.09
1 5 0.89 0.35
1 6 0.29 0.13
1 7 0.17 0.29
1 10 0.08 0.86
1 12 0.26 0.44
2 3 0.51 0.66
2 4 0.73 0.18
2 5 0.03 0.26
2 6 0.21 0.38
2 7 0.69 0.82
2 8 0.84 0.34
2 13 0.78 0.02
2 14 0.77 0.49
3 4 0.25 1
3 11 0.32 0.32
3 13 0.24 0.81
3 14 0.16 0.54
3 15 0.36 0.85
4 5 0.05 0.24
4 6 0.78 0.84
4 7 0.25 0.53
4 9 0.61 0.52
4 11 0.05 0.41
5 6 0.04 0.79
5 7 0.56 0.88
5 9 0.55 0.18
6 8 0.16 0.28
6 10 0.46 0.37
6 13 0.67 0.29
7 8 0.68 0.69
7 9 0.26 0.02
7 10 0.65 0.57
7 14 0.61 0.48
8 11 0.49 0.84
8 12 0.11 0.07
9 11 0.57 0.66
10 15 0.63 0.92
11 12 0.36 0.6
11 15 0.56 0.81
13 14 0.34 0.17
