0 1 0.1 0.1
0 2 0.58 0.65
0 3 0.47 0.42
0 4 0.38 0.31
0 6 0.23 0.98
0 7 0.22 0.93
0 8 0.52 0.56
0 9 0.68 0.92
0 10 0.9 0.79
0 13 0.86 0.24
0 15 0.11 0.16
1 2 0.74 0.86
1 3 0.34 0.64
1 4 0.39 0.97
1 5 0.31 0.04
1 7 0.37 0.56
1 8 0.88 0.22
1 9 0.56 0.7
1 12 0.35 0.47
1 14 0.98 0.61
1 15 0.35 0.27
2 3 0.49 0.15
2 5 0.82 0.96
2 6 0.93 0.89
2 8 0.33 0.67
3 4 0.03 0.06
3 5 0.3 0.5
3 9 0.36 0.09
3 12 0.12 0.3
3 13 0.19 0.63
4 6 0.41 0.17
4 11 0.06 0.08
4 14 0.08 0.91
6 7 0.14 0.33
6 10 0.37 0.91
6 11 0.07 0.84
6 12 0.48 0.68
6 13 0.21 0.63
7 10 0.46 0.83
8 11 1 0.02
9 15 0.42 0.09
10 14 0.48 0.2
