0 1 0.92 0.83
0 2 0.75 0.76
0 3 0.65 0.59
0 4 0.13 0.72
0 10 0.03 0.06
0 11 0.35 0.91
0 12 0.33 0.62
0 13 0.35 0.58
0 14 0.68 0.4
0 15 0.6 0.74
1 2 0.95 0.21
1 3 0.56 0.3
1 5 0.68 0.14
1 6 0.2 0.09
1 8 0.8 0.56
1 9 0.47 0.2
1 11 0.13 0.36
1 13 0.63 0.05
2 3 0.7 0.72
2 4 0.73 0.84
2 7 0.27 0.24
2 8 0.85 0.29
2 15 0.63 0.6
3 4 0.98 0.94
3 5 0.71 0.72
3 6 0.12 1
3 7 0.01 0.82
3 10 0.44 0.33
3 12 0.11 0.33
3 14 0.24 0.48
3 15 0.58 0.3
4 5 0.31 0.7
4 6 0.58 0.63
4 7 0.03 0.34
4 11 0.65 0.47
4 13 0.36 0.12
6 9 0.17 0.21
6 12 0.23 0.67
6 14 0.54 0.94
7 8 0.45 0.69
7 9 0.55 0.95
7 10 0.59 0.09
