0 1 0.43 0.86
0 2 0.89 0.59
0 3 0.59 0.28
0 4 0.93 0.46
0 6 0.54 0.22
0 9 0.29 0.38
0 10 0.42 0.65
0 11 0.41 0.65
0 13 0.33 0.03
1 2 0.69 0.79
1 3 0.73 0.09
1 4 0.46 0.46
1 5 0.5 0.73
1 12 0.53 0.32
2 3 0.91 0.63
2 4 0.06 0.55
2 6 0.45 0.87
2 7 0.66 0.25
2 8 0.81 0.01
2 9 0.15 0.23
2 10 0.16 0.81
2 11 0.23 0.21
2 13 0.62 0.75
3 5 0.13 0.96
3 8 0.29 0.87
3 15 0.82 0.25
4 5 0.91 0.05
5 6 0.17 0.98
5 7 0.59 0.85
5 8 0.53 0.15
5 9 0.68 0.18
5 11 0.14 0.89
5 15 0.72 0.93
6 7 0.42 0.24
6 10 0.01 0.79
6 12 0.16 0.03
6 13 0.7 0.88
8 12 0.64 0.53
8 14 0.99 0.47
11 15 0.65 0.43
12 14 0.67 0.01
13 14 0.94 0.41
