0 1 0.32 1
0 2 0.29 0.19
0 3 0.85 0.29
0 4 0.85 0.88
0 7 0.12 0.62
0 11 0.25 0.54
0 14 0.32 0.32
1 2 0.61 0.7
1 3 0.94 0.63
1 5 0.1 0.56
1 6 0.67 0.36
1 9 0.29 0.91
2 3 0.79 0.59
2 4 0.11 0.34
2 5 0.78 0.29
2 8 0.39 0.89
2 10 0.62 0.38
2 15 0.5 0.92
3 4 0.38 0.49
3 5 0.69 0.73
3 6 0.46 0.76
3 9 0.38 0.99
3 12 0.83 0.3
3 13 0.78 0.33
3 14 0.97 0.6
4 6 0.4 0.97
4 8 0.62 0.93
4 11 0.14 0.71
5 7 0.61 0.22
5 10 0.8 0.34
6 7 0.99 0.87
6 8 0.45 0.82
6 11 0.95 0.93
6 12 0.1 0.96
6 14 0.62 0.5
7 9 0.12 0.14
7 12 0.76 0.59
7 13 0.23 0.77
7 15 0.98 0.71
8 15 0.7 0.06
9 10 0.71 0.77
12 13 0.5 0.5
