0 1 0.24 0.32
0 2 0.28 0.7
0 3 0.98 0.37
0 4 0.81 0.66
0 9 0.43 0.27
0 14 0.27 0.72
1 2 0.72 0.11
1 3 0.71 0.41
1 4 0.18 0.43
1 5 0.2 0.56
1 6 0.41 0.64
1 7 0.31 0.7
1 8 0.62 0.83
1 11 0.43 0.58
1 13 0.01 0.18
1 14 0.37 0.56
2 3 0.95 0.81
2 6 0.98 0.19
2 8 0.92 0.57
2 12 0.28 0.3
3 4 0.26 0.14
3 5 0.25 0.97
3 6 0.89 0.23
3 9 0.48 0.4
3 10 0.2 0.71
3 12 0.69 0.35
4 5 0.82 0.81
4 8 0.65 0.42
4 9 0.75 0.68
4 10 0.24 0.51
4 13 0.04 0.58
4 14 0.38 0.58
5 7 0.82 0.73
5 15 0.22 0.82
6 7 0.77 0.01
6 10 0.46 0.11
6 11 0.5 0.67
6 12 0.37 0.23
6 15 0.62 0.45
7 15 0.46 0.56
9 13 0.51 0.67
10 11 0.37 0.4
