0 1 0.44 0.58
0 2 0.33 0.57
0 3 0.31 0.91
0 4 0.36 0.73
0 5 0.33 0.8
0 6 1 0.37
0 7 0.84 0.26
0 8 0.27 0.96
0 9 0.97 0.87
0 11 0.48 1
0 13 0.02 0.66
0 15 0.85 0.56
1 2 0.08 0.09
1 3 0.65 0.64
1 4 0.16 0.65
1 5 0.43 0.97
1 6 0.64 0.47
1 10 0.28 0.44
1 14 0.63 0.54
1 15 0.17 0.83
2 3 0.81 0.15
2 4 0.25 0.83
2 5 0.22 0.03
2 7 0.37 0.58
2 8 0.21 0.34
2 9 0.05 0.75
2 11 0.5 0.26
2 12 0.62 0.55
2 15 0.07 0.94
3 4 0.99 0.74
3 5 0.08 0.39
3 6 0.65 0.63
3 9 0.57 0.9
3 13 0.24 0.76
4 5 0.53 0.33
4 6 0.98 0.8
4 7 0.75 0.95
4 8 0.27 0.75
4 9 0.8 0.13
4 10 0.18 0.38
4 11 0.03 0.86
4 12 0.81 0.41
4 15 0.21 0.58
5 6 0.2 0.19
5 7 0.53 0.86
5 8 0.93 0.51
5 12 0.12 0.16
5 14 0.78 0.68
6 7 0.58 0.99
6 10 0.33 0.55
6 11 0.05 0.28
6 12 0.19 0.49
6 13 0.16 0.65
7 8 0.18 0.41
7 9 0.12 0.27
7 10 0.2 0.46
7 11 0.33 0.74
7 14 0.81 0.06
8 10 0.41 0.94
10 14 0.86 0.94
10 15 0.37 0.47
11 12 0.64 0.94
11 13 0.34 0.14
11 14 0.77 0.89
12 13 0.34 0.29
