0 1 0.87 0.24
0 2 0.61 0.34
0 3 0.73 0.23
0 4 0.76 0.14
0 5 0.91 0.12
0 7 0.83 0.17
0 8 0.66 0.16
0 10 0.21 0.31
0 12 0.56 0.34
0 14 0.82 0.67
1 2 0.25 0.53
1 3 0.7 0.17
1 4 0.05 0.33
1 5 0.79 0.2
1 6 0.86 0.87
1 10 0.3 0.12
2 3 0.05 0.15
2 4 0.14 0.6
2 5 0.99 0.65
2 6 0.82 0.34
2 7 0.91 0.87
2 8 0.27 0.13
2 9 0.29 0.96
2 10 0.16 1
2 11 0.65 0.12
2 13 0.98 0.39
2 14 0.59 0.98
2 15 0.95 0.42
3 4 0.42 0.22
3 5 0.27 0.67
3 6 0.05 0.31
3 7 0.24 0.96
3 8 0.64 0.95
3 9 0.9 0.72
3 11 0.93 0.01
3 12 0.24 0.3
4 9 0.89 0.19
4 15 0.74 0.69
5 6 0.19 0.57
5 11 0.31 0.93
5 13 0.8 0.02
6 7 0.05 0.92
6 8 0.22 0.73
6 9 0.91 0.35
6 14 0.84 0.77
7 12 0.89 0.18
8 10 0.26 0.14
8 13 0.45 0.08
9 11 0.71 0.42
9 13 0.88 0.93
9 15 0.66 0.73
10 14 0.7 0.39
10 15 0.75 0.58
11 12 0.47 0.18
