0 1 0.81 0.77
0 2 0.6 0.96
0 3 0.77 0.46
0 4 0.66 0.6
0 5 0.21 0.99
0 6 0.79 0.04
0 7 0.58 0.94
0 11 0.59 0.48
1 2 0.38 0.34
1 3 0.17 0.47
1 4 1 0.92
1 5 0.66 0.14
1 6 0.64 0.89
1 7 0.24 1
1 8 0.26 0.14
1 9 0.95 0.52
1 11 0.94 0.98
1 12 0.92 0.81
2 3 0.5 0.87
2 4 0.74 0.02
2 5 0.51 0.38
2 6 0.19 0.49
2 7 0.84 0.55
2 9 0.54 0.7
2 10 0.98 0.16
2 15 0.71 0.13
3 4 0.28 0.32
3 5 0.17 0.09
3 6 0.43 0.45
3 8 0.73 0.34
3 10 0.1 0.94
3 11 0.73 0.85
3 12 0.99 0.52
3 14 0.72 0.46
4 12 0.51 0.27
5 7 0.06 0.03
5 8 0.24 0.56
5 9 0.39 0.21
5 10 0.7 0.65
6 12 0.29 0.92
6 14 0.67 0.83
7 8 0.35 0.62
7 9 0.37 0.76
7 10 0.73 0.72
7 11 0.26 0.44
7 15 0.35 0.61
8 13 0.16 0.48
8 14 0.88 0.3
8 15 0.04 0.02
10 13 0.04 0.55
11 13 0.55 0.67
11 15 0.67 0.76
12 13 0.01 0.92
13 14 0.39 0.52
