0 1 0.44 0.76
0 2 0.73 0.04
0 3 0.27 0.67
0 4 0.07 0.39
0 5 0.48 0.43
0 9 0.06 0.39
0 13 0.12 0.88
1 2 0.08 0.99
1 3 0.33 0.06
1 5 0.08 0.79
1 6 0.83 0.9
1 8 0.74 0.69
1 9 0.77 0.19
1 10 0.54 0.13
2 3 0.81 0.68
2 4 0.12 0.06
2 7 0.58 0.72
2 8 0.45 0.29
2 9 0.15 0.82
2 11 0.03 0.16
2 15 0.64 0.54
3 4 0.82 0.02
3 5 0.46 0.7
3 6 0.28 0.48
3 14 0.56 0.67
4 10 0.7 0.33
4 11 0.32 0.84
4 12 0.88 0.78
5 6 0.57 0.38
5 7 0.4 0.12
5 8 0.43 0.38
6 7 0.41 0.91
6 10 0.38 0.96
6 14 0.59 0.43
7 11 0.35 0.24
7 14 0.45 0.01
8 12 0.2 0.15
9 12 0.23 0.19
9 15 0.1 0.62
10 13 0.05 0.26
12 13 0.6 0.99
14 15 0.91 0.8
