0 1 0.32 0.6
0 2 0.67 0.46
0 3 0.01 0.74
0 4 0.82 0.08
0 5 0.94 0.67
0 6 0.2 0.98
0 7 0.38 0.01
0 8 0.4 0.85
0 9 0.38 0.23
0 11 0.22 0.89
0 12 0.04 0.31
0 13 0.35 0.96
0 14 0.03 0.54
0 15 0.09 0.62
1 2 0.19 0.11
1 3 0.47 0.61
1 4 0.05 0.92
1 5 0.87 0.05
1 6 0.03 0.33
1 7 0.43 0.48
1 8 0.32 0.24
1 10 0.74 0.22
1 12 0.52 0.11
1 13 0.9 0.9
2 3 0.2 0.98
2 4 1 0.46
2 5 0.91 0.81
2 6 0.48 0.01
2 8 0.25 0.24
2 9 0.84 0.94
2 15 0.56 0.55
3 4 1 0.76
3 7 0.65 0.39
3 10 0.74 0.11
3 13 0.56 0.74
3 15 0.97 0.62
4 5 0.16 0.43
4 6 0.87 0.35
4 8 0.35 0.64
5 7 0.15 0.18
5 9 0.84 0.07
5 10 0.07 0.84
5 11 0.27 0.47
5 14 0.79 0.06
6 11 0.52 0.6
6 15 0.98 0.56
7 14 0.35 0.67
8 9 0.94 0.54
8 10 0.13 0.74
8 12 0.99 0.25
9 11 0.04 0.74
10 12 0.34 0.99
10 13 0.6 0.9
10 14 0.12 0.82
