0 1 0.41 0.27
0 2 0.19 0.51
0 3 0.44 0.38
0 4 0.39 0.77
0 5 0.04 0.96
0 6 0.69 0.86
0 7 0.34 0.21
0 11 0.43 0.55
1 2 0.71 0.71
1 3 0.59 0.9
1 4 0.2 0.59
1 5 0.68 0.77
1 6 0.04 0.09
1 7 0.62 0.34
1 8 0.95 0.17
1 9 0.37 0.08
1 11 0.58 0.25
1 12 0.72 0.33
2 3 0.07 0.03
2 4 0.87 0.46
2 5 0.25 0.31
2 6 0.65 0.32
2 7 0.4 0.81
2 9 0.28 0.45
2 10 0.73 0.7
2 15 0.52 0.54
3 4 0.13 0.06
3 5 0.29 0.41
3 6 0.54 0.83
3 8 0.58 0.86
3 10 0.01 0.71
3 11 0.82 0.91
3 12 0.87 0.48
3 14 0.98 0.91
4 12 0.43 0.66
5 7 0.52 0.89
5 8 0.57 0.26
5 9 0.39 0.16
5 10 0.07 0.11
6 12 0.16 0.85
6 14 0.94 0.38
7 8 0.8 0.83
7 9 0.06 0.39
7 10 0.02 0.2
7 11 0.46 0.05
7 15 0.5 0.12
8 13 0.17 0.04
8 14 0.3 0.03
8 15 0.89 0.19
10 13 0.13 0.09
11 13 0.76 0.3
11 15 0.98 0.06
12 13 0.05 0.32
13 14 0.53 0.25
