0 1 0.52 0.83
0 2 0.86 0.47
0 3 0.91 0.07
0 4 0.8 0.42
0 5 0.41 0.97
0 6 0.07 0.07
0 7 0.24 0.33
0 8 0.08 0.96
0 9 0.65 0.78
0 11 0.37 0.65
0 12 0.41 0.28
0 13 0.9 0.13
0 14 0.04 0.38
0 15 0.19 0.98
1 2 0.87 0.91
1 3 0.76 0.22
1 4 0.09 0.77
1 5 0.31 0.31
1 6 0.47 0.75
1 7 0.28 0.36
1 8 0.96 0.2
1 10 0.92 0.3
1 12 0.28 0.41
1 13 0.48 0.81
2 3 0.61 0.13
2 4 0.11 0.21
2 5 0.96 0.91
2 6 0.31 0.01
2 8 0.92 0.06
2 9 0.53 0.24
2 15 0.24 0.2
3 4 0.98 0.25
3 7 0.96 0.58
3 10 0.4 0.29
3 13 0.84 0.56
3 15 0.46 0.65
4 5 0.84 0.76
4 6 0.67 0.71
4 8 0.45 0.08
5 7 0.41 0.78
5 9 0.8 0.05
5 10 0.66 0.75
5 11 0.81 0.01
5 14 0.52 0.75
6 11 0.85 0.22
6 15 0.23 0.18
7 14 0.61 0.89
8 9 0.39 0.86
8 10 0.83 0.52
8 12 0.64 0.97
9 11 0.27 0.44
10 12 0.3 0.62
10 13 0.05 0.28
10 14 0.25 0.96
