0 1 0.73 0.68
0 2 0.26 0.48
0 3 0.32 0.22
0 4 0.06 0.02
0 6 0.04 0.76
0 8 0.83 0.34
0 10 0.8 0.19
0 11 0.55 0.36
0 12 0.23 0.1
0 14 0.04 0.76
0 15 0.86 0.89
1 2 0.99 0.03
1 3 0.03 0.73
1 4 0.64 0.69
1 5 0.51 0.54
1 6 0.02 0.03
1 9 0.26 0.16
1 14 0.81 0.42
2 3 0.05 0.9
2 4 0.48 0.48
2 5 0.17 0.81
2 6 0.05 0.31
2 7 0.94 0.36
2 8 0.18 0.33
2 10 0.77 0.71
2 14 0.94 0.76
3 4 0.76 0.34
3 5 0.55 0.85
3 6 0.38 0.58
3 7 0.26 0.82
3 8 0.31 0.8
3 9 0.81 0.09
3 10 0.66 1
4 5 0.04 0.44
4 7 0.16 0.98
4 10 0.33 0.33
4 12 0.96 0.34
4 13 0.41 0.82
5 11 0.64 0.27
5 13 0.1 0.38
6 7 0.59 0.15
6 8 0.75 0.14
6 9 0.86 0.63
7 9 0.57 0.35
7 13 0.24 0.66
7 14 0.67 0.15
7 15 0.34 0.89
8 11 0.05 0.51
8 12 0.67 0.87
8 13 0.36 0.67
9 11 0.48 0.12
10 12 0.42 0.37
11 15 0.99 0.84
13 15 0.39 0.06
