0 1 0.09 0.63
0 2 0.45 0.71
0 3 0.61 0.02
0 4 0.33 0.92
0 5 1 0.45
0 7 0.18 0.88
0 8 0.72 0.58
0 9 0.2 0.77
0 10 0.35 0.78
0 12 0.74 0.92
0 15 0.18 0.47
1 2 0.37 0.04
1 3 0.54 0.52
1 4 0.12 1
1 5 0.04 0.03
1 6 0.36 0.65
1 8 0.29 0.02
1 11 0.96 0.25
1 12 0.88 0.32
2 3 0.11 0.52
2 4 0.87 0.96
2 5 0.45 0.8
2 6 0.83 0.83
2 7 0.98 0.42
3 4 0.77 0.5
3 7 0.48 0.87
3 9 0.51 0.55
3 10 0.74 0.02
3 12 0.48 0.02
3 13 0.63 0.01
3 14 0.05 0.41
4 5 0.75 0.87
4 6 0.92 0.22
4 8 0.81 0.96
4 9 0.89 0.22
4 14 0.14 0.18
4 15 0.29 0.96
5 6 0.72 0.86
5 12 0.07 0.11
6 7 0.51 0.13
6 8 0.16 0.31
6 11 0.33 0.82
6 13 0.07 0.5
6 14 0.35 0.95
6 15 0.94 0.18
7 9 0.57 0.23
7 10 0.17 0.68
7 11 0.08 0.67
7 15 0.79 0.31
9 10 1 0.4
9 11 0.68 0.5
10 13 0.93 0.46
12 13 0.48 0.27
12 14 0.81 0.47
