0 1 0.58 0.43
0 2 0.76 0.85
0 3 0.27 0.52
0 4 0.86 0.59
0 5 0.36 0.49
0 6 0.42 0.68
0 7 0.57 0.09
0 8 0.82 0.39
0 9 0.3 0.31
0 11 0.81 0.37
0 13 0.73 0.03
0 14 0.22 0.75
0 15 0.64 0.12
1 2 0.81 0.89
1 3 0.86 0.66
1 4 0.35 0.04
1 5 1 0.86
1 11 0.44 0.66
1 12 0.76 0.4
1 14 0.09 0.71
1 15 0.57 1
2 3 0.96 0.58
2 4 0.24 0.98
2 6 0.9 0.2
2 7 0.48 0.22
2 13 0.01 0.98
2 14 0.08 0.65
3 4 0.12 0.44
3 5 0.44 0.81
3 6 0.12 0.26
3 8 0.03 0.18
3 9 0.21 0.73
3 15 0.56 0.16
4 5 0.67 0.5
4 6 0.53 0.56
4 7 0.42 0.7
4 10 0.69 0.22
4 12 0.31 0.99
5 7 0.02 0.68
5 8 0.45 0.67
5 9 0.87 0.18
5 10 0.06 0.88
5 11 0.27 0.51
5 12 0.53 0.06
5 13 0.95 0.69
6 9 0.42 0.02
6 10 0.66 0.23
6 11 0.44 0.36
6 13 0.68 0.82
6 14 0.35 0.2
7 8 0.37 0.71
7 12 0.68 0.98
8 10 0.03 0.19
13 15 0.94 0.23
