0 1 0.12 0.21
0 2 0.14 0.22
0 3 0.9 0.36
0 4 0.45 0.55
0 5 0.63 0.7
0 6 0.57 0.69
0 8 0.02 0.69
0 10 0.31 0.23
0 12 0.09 0.93
0 15 0.9 0.76
1 2 0.01 0.26
1 3 0.27 0.53
1 4 0.96 0.27
1 6 0.73 0.85
1 7 0.37 0.68
1 9 0.79 0.66
2 3 0.03 0.49
2 5 0.89 0.99
3 4 0.87 0.59
3 5 0.38 0.16
3 6 0.27 0.41
3 7 0.1 0.62
3 8 0.36 0.64
3 10 0.95 0.63
3 11 0.31 0.03
3 12 0.27 0.06
4 10 0.12 0.2
4 11 0.44 0.18
4 13 0.76 0.14
4 15 0.75 0.16
5 9 0.87 0.34
5 13 0.02 0.14
5 14 0.39 0.42
6 7 0.52 0.46
6 12 0.57 0.6
6 13 0.51 0.2
6 14 0.61 0.33
6 15 0.2 0.09
7 8 0.48 0.61
7 9 0.82 0.49
10 11 0.86 0.21
11 14 0.37 0.64
