0 1 0.89 0.95
0 2 0.99 0.49
0 3 0.15 0.43
0 4 0.23 0.19
0 10 0.29 0.23
0 11 0.49 0.18
0 12 0.58 0.74
0 13 0.97 0.84
0 14 0.59 0.72
0 15 0.6 0.22
1 2 0.68 0.8
1 3 0.82 0.96
1 5 0.7 0.18
1 6 0.67 0.08
1 8 0.49 0.87
1 9 0.44 0.77
1 11 0.09 0.2
1 13 0.97 0.57
2 3 0.75 0.94
2 4 0.35 0.73
2 7 0.92 0.39
2 8 0.41 0.7
2 15 0.92 0.36
3 4 0.92 0.46
3 5 0.84 0.02
3 6 0.77 0.6
3 7 0.59 0.92
3 10 0.16 0.36
3 12 0.54 0.33
3 14 0.42 0.92
3 15 0.79 0.25
4 5 0.92 0.4
4 6 0.84 0.1
4 7 0.36 0.98
4 11 0.35 0.32
4 13 0.1 0.09
6 9 0.97 0.34
6 12 0.42 0.94
6 14 0.06 0.55
7 8 0.38 0.67
7 9 0.76 0.33
7 10 0.19 0.78
