0 1 0.71 0.06
0 2 0.21 0.24
0 3 0.08 0.09
0 4 0.02 0.57
0 6 0.21 0.21
0 7 0.2 0.02
0 9 0.88 0.63
0 11 0.12 0.18
0 12 0.55 0.41
0 13 0.91 0.8
0 14 0.22 0.95
1 2 0.5 0.01
1 3 0.8 0.39
1 4 0.14 0.29
1 5 0.12 0.06
1 8 0.2 0.5
1 9 0.84 0.02
2 3 0.58 0.27
2 4 0.83 0.05
2 10 0.71 0.56
2 14 0.61 0.79
3 5 0.07 0.4
3 6 0.79 0.33
3 7 0.02 0.25
3 10 0.04 0.64
3 11 0.3 0.18
3 13 0.96 0.97
4 5 0.67 0.24
4 10 0.27 0.78
4 15 0.33 0.9
5 6 0.64 0.98
5 12 0.7 0.53
6 7 0.49 0.78
6 8 0.38 0.29
6 11 0.59 0.91
7 8 0.66 0.3
7 9 0.06 0.9
7 12 0.07 0.69
7 13 0.01 0.34
7 14 0.05 0.12
8 15 0.03 0.39
11 15 0.18 0.67
