0 1 0.7 0.15
0 2 0.16 0.48
0 3 0.2 0.47
0 4 0.11 0.08
0 5 0.42 0.35
0 6 0.52 0.53
0 7 0.78 0.56
0 8 0.43 0.83
0 9 0.6 0.37
0 11 0.74 0.36
0 12 0.14 0.6
0 13 0.32 0.67
0 14 0.31 0.69
0 15 0.42 0.83
1 2 0.85 0.38
1 3 0.14 0.3
1 4 0.69 0.04
1 5 0.17 0.99
1 6 0.24 0.6
1 7 0.6 0.92
1 8 0.38 0.36
1 10 0.79 0.94
1 12 0.05 0.11
1 13 0.91 0.52
2 3 0.52 0.59
2 4 0.19 0.16
2 5 0.1 0.5
2 6 0.56 0.41
2 8 0.16 0.66
2 9 0.03 1
2 15 0.58 0.54
3 4 0.77 0.46
3 7 1 0.05
3 10 0.28 0.07
3 13 0.56 0.77
3 15 0.74 0.29
4 5 0.12 0.09
4 6 0.32 0.37
4 8 0.58 0.03
5 7 0.82 0.39
5 9 0.28 0.85
5 10 0.66 0.94
5 11 0.67 0.09
5 14 0.32 0.09
6 11 0.17 0.57
6 15 0.39 0.19
7 14 0.87 0.83
8 9 0.17 0.7
8 10 0.35 0.61
8 12 0.21 0.01
9 11 0.53 0.44
10 12 0.01 0.82
10 13 0.98 0.02
10 14 0.14 0.6
