0 1 0.75 1
0 2 0.67 0.57
0 3 0.75 0.18
0 4 0.29 0.92
0 5 0.43 0.87
0 6 0.98 0.93
0 7 0.16 0.55
0 8 0.56 0.51
0 9 0.78 0.17
0 11 0.48 0.55
0 13 0.86 0.68
0 15 0.53 0.64
1 2 0.29 0.25
1 3 0.06 0.2
1 4 0.42 0.05
1 5 0.63 0.01
1 6 0.5 0.94
1 10 0.62 0.42
1 14 0.87 0.51
1 15 0.99 0.37
2 3 0.73 0.98
2 4 0.53 0.57
2 5 0.34 0.31
2 7 0.11 0.8
2 8 0.57 0.76
2 9 0.86 0.28
2 11 0.33 0.21
2 12 0.46 0.62
2 15 0.86 0.6
3 4 0.73 0.62
3 5 0.6 0.86
3 6 0.49 0.95
3 9 0.1 0.22
3 13 0.77 0.86
4 5 0.73 0.64
4 6 0.9 0.32
4 7 0.36 0.56
4 8 0.02 0.86
4 9 0.62 0.53
4 10 0.81 0.5
4 11 0.42 0.19
4 12 0.59 0.99
4 15 0.74 0.12
5 6 0.07 0.95
5 7 0.43 0.63
5 8 0.33 0.49
5 12 0.22 0.17
5 14 0.78 0.89
6 7 0.11 0.95
6 10 0.97 0.69
6 11 0.9 0.42
6 12 0.47 0.33
6 13 0.9 0.99
7 8 0.81 0.65
7 9 0.18 0.07
7 10 0.18 0.78
7 11 0.66 0.74
7 14 0.79 0.3
8 10 0.64 0.22
10 14 0.98 0.74
10 15 0.92 0.26
11 12 0.58 0.59
11 13 0.1 0.61
11 14 0.9 0.13
12 13 0.97 0.13
