0 1 0.74 0.15
0 2 0.56 0.88
0 3 0.4 0.31
0 4 0.67 0.27
0 5 0.12 0.4
0 7 0.77 0.76
0 15 0.95 0.84
1 2 0.59 0.75
1 3 0.12 0.7
1 4 0.13 0.56
1 5 0.34 0.62
1 12 0.16 0.03
2 3 0.83 0.25
2 6 0.67 0.98
2 8 0.68 0.63
2 9 0.61 0.87
2 13 0.55 0.38
3 4 0.4 0.41
3 6 0.73 0.64
3 7 0.58 0.19
3 8 0.41 0.92
3 9 0.84 0.83
3 10 0.49 0.86
3 11 0.51 0.1
3 12 0.19 0.52
3 13 0.43 0.11
4 5 0.34 0.24
4 6 0.76 0.7
4 11 0.01 0.83
6 7 0.87 0.94
6 8 0.65 0.71
6 9 0.34 0.91
6 10 0.68 0.83
6 11 0.31 0.8
7 13 0.61 0.54
7 14 0.33 0.55
7 15 0.25 0.14
8 14 0.7 0.64
9 10 0.68 0.98
9 14 0.88 0.96
10 12 0.97 0.32
14 15 0.87 0.82
