0 1 0.35 0.72
0 2 0.69 0.34
0 3 0.01 0.64
0 4 0.31 0.88
0 6 0.07 0.83
0 7 0.54 0.44
0 8 0.67 0.87
0 9 0.45 0.42
0 10 0.75 0.36
0 13 0.42 0.9
0 15 0.71 0.91
1 2 0.14 0.95
1 3 0.47 0.87
1 4 0.9 0.37
1 5 0.9 0.06
1 7 0.58 0.98
1 8 0.59 0.27
1 9 0.31 0.21
1 12 0.78 0.36
1 14 0.86 0.33
1 15 0.01 1
2 3 0.48 0.52
2 5 0.35 0.76
2 6 0.56 0.79
2 8 0.54 0.09
3 4 0.52 0.86
3 5 0.11 0.89
3 9 0.03 0.07
3 12 0.43 0.96
3 13 0.62 0.72
4 6 0.58 0.11
4 11 0.46 0.86
4 14 0.65 0.46
6 7 0.72 0.39
6 10 0.03 0.71
6 11 0.91 0.61
6 12 0.11 0.3
6 13 0.19 0.19
7 10 0.57 0.82
8 11 0.45 0.03
9 15 0.6 0.11
10 14 0.87 0.89
