0 1 0.55 0.48
0 2 0.32 0.72
0 3 0.94 0.26
0 4 0.39 0.43
0 5 0.51 0.43
0 6 0.94 0.14
0 7 0.23 0.33
0 9 0.21 0.95
0 10 0.54 0.14
0 11 0.22 0.31
0 12 0.93 0.82
0 13 0.38 0.95
1 2 0.3 0.73
1 3 0.12 0.28
1 4 0.84 0.25
1 6 0.07 0.36
1 7 0.89 0.88
1 8 0.53 0.04
1 12 0.92 0.77
1 13 0.66 0.97
2 3 0.88 0.36
2 4 0.13 0.19
2 5 0.28 0.36
2 6 0.02 0.68
2 7 0.16 0.77
2 8 0.34 0.59
2 9 0.85 0.4
2 10 0.5 0.17
2 13 0.5 0.35
2 14 0.94 0.53
3 4 0.94 0.24
3 5 0.32 0.72
3 10 0.56 0.36
3 11 0.47 0.92
3 12 0.18 0.65
3 14 0.43 0.16
3 15 0.78 0.16
4 5 0.26 0.75
4 6 0.65 0.14
4 7 0.87 0.25
4 9 0.68 0.54
4 12 0.06 0.77
4 14 0.11 0.97
4 15 0.41 0.89
5 8 0.16 0.65
5 9 0.09 0.7
5 13 0.53 0.95
6 8 0.28 0.04
6 15 0.95 0.8
7 11 0.15 0.13
7 14 0.1 0.93
9 10 0.63 0.06
9 15 0.96 0.91
10 11 0.77 0.9
