0 1 0.86 0.02
0 2 0.58 0.66
0 3 0.03 0.18
0 4 0.13 0.28
0 5 0.42 0.79
0 6 0.92 0.18
0 7 0.99 0.27
0 9 0.84 0.61
0 10 0.96 0.68
0 11 0.2 0.86
0 12 0.57 0.41
0 13 0.01 0.77
1 2 0.86 0.22
1 3 0.81 0.64
1 4 0.76 0.56
1 6 0.49 0.01
1 7 0.55 0.51
1 8 0.89 0.5
1 12 0.66 0.15
1 13 0.67 1
2 3 0.7 0.22
2 4 0.99 0.71
2 5 0.78 0.65
2 6 0.55 0.42
2 7 0.9 0.73
2 8 0.22 0.23
2 9 0.09 0.92
2 10 0.77 0.45
2 13 0.67 0.19
2 14 0.34 0.75
3 4 0.37 0.15
3 5 0.9 0.26
3 10 0.05 0.02
3 11 0.38 0.14
3 12 0.55 0.56
3 14 0.36 0.33
3 15 0.1 0.76
4 5 0.91 0.52
4 6 0.99 0.18
4 7 0.17 0.27
4 9 0.61 0.42
4 12 1 0.88
4 14 0.19 0.98
4 15 0.56 0.5
5 8 0.59 0.13
5 9 0.66 0.37
5 13 0.74 0.88
6 8 0.5 0.99
6 15 0.65 0.39
7 11 0.58 0.78
7 14 0.03 0.76
9 10 0.99 0.2
9 15 0.56 0.61
10 11 0.82 0.41
