0 1 0.56 0.65
0 2 0.86 0.89
0 3 0.81 0.88
0 4 1 0.65
0 5 0.55 0.95
0 7 0.83 0.23
0 8 0.09 0.24
0 9 0.22 0.08
0 10 0.34 0.6
0 12 0.53 0.58
0 15 0.49 0.18
1 2 0.48 0.58
1 3 0.97 0.82
1 4 0.05 0.52
1 5 0.19 0.6
1 6 0.15 0.05
1 8 0.44 0.35
1 11 0.65 0.97
1 12 0.95 0.16
2 3 0.86 0.32
2 4 0.18 0.48
2 5 0.62 0.28
2 6 0.93 0.05
2 7 0.8 1
3 4 0.91 0.31
3 7 0.51 0.19
3 9 0.07 0.58
3 10 0.81 0.96
3 12 0.1 0.93
3 13 0.38 0.59
3 14 0.64 0.91
4 5 0.04 0.08
4 6 0.81 0.72
4 8 0.07 0.19
4 9 0.19 0.73
4 14 0.34 0.11
4 15 0.4 0.25
5 6 0.33 0.81
5 12 0.57 0.29
6 7 0.94 0.88
6 8 0.78 0.72
6 11 0.21 0.4
6 13 0.64 0.56
6 14 0.57 0.74
6 15 0.62 0.3
7 9 0.01 0.18
7 10 0.5 0.8
7 11 0.42 0.22
7 15 0.99 0.69
9 10 0.27 0.09
9 11 0.28 0.75
10 13 0.76 0.14
12 13 0.38 0.93
12 14 0.3 0.58
