0 1 0.67 0.52
0 2 0.25 0.76
0 3 0.28 0.99
0 4 0.66 0.2
0 5 0.5 0.56
0 7 0.61 0.95
0 8 0.82 0.71
0 9 0.3 0.96
0 10 0.09 0.77
0 11 0.4 0.66
1 2 0.81 0.11
1 3 0.21 0.34
1 4 0.69 0.23
1 5 0.71 0.74
1 6 0.48 0.41
1 8 0.07 0.11
1 11 0.46 0.3
1 12 0.02 0.41
1 13 0.73 0.08
1 14 0.64 0.59
2 3 0.67 0.54
2 5 0.82 0.55
2 6 0.9 0.56
2 7 0.91 0.59
2 9 0.33 0.28
2 10 0.96 0.88
2 11 0.45 0.04
2 13 0.67 0.55
3 4 0.84 0.42
3 12 0.54 0.35
4 7 0.12 0.28
4 8 0.06 0.76
4 12 0.83 0.9
4 15 0.31 0.31
5 6 0.83 0.08
5 10 0.71 0.77
5 14 0.09 0.72
5 15 0.41 0.74
8 9 0.15 0.5
8 13 0.83 0.79
8 14 0.72 0.95
14 15 0.49 0.52
