0 1 0.16 0.63
0 2 0.54 0.59
0 3 0.95 0.83
0 4 0.6 0.3
0 5 0.04 0.37
0 6 0.79 0.82
0 7 0.07 0.16
0 8 0.42 0.33
0 9 0.33 0.74
0 11 0.73 0.11
0 13 0.28 1
0 15 0.95 0.73
1 2 0.35 0.29
1 3 0.5 0.03
1 4 0.68 0.1
1 5 0.25 0.34
1 6 0.23 0.5
1 10 0.6 0.23
1 14 0.44 0.32
1 15 0.74 0.01
2 3 0.7 0.39
2 4 0.3 0.09
2 5 0.62 0.86
2 7 0.25 0.84
2 8 0.32 0.33
2 9 0.81 1
2 11 0.07 0.89
2 12 0.15 0.3
2 15 0.07 0.19
3 4 0.4 0.08
3 5 0.71 0.83
3 6 0.23 0.03
3 9 0.13 0.53
3 13 0.94 0.51
4 5 0.53 0.11
4 6 0.01 0.73
4 7 0.97 0.85
4 8 0.96 0.56
4 9 0.63 0.21
4 10 0.04 0.59
4 11 0.34 0.38
4 12 0.29 0.12
4 15 0.16 0.53
5 6 0.1 0.36
5 7 0.94 0.37
5 8 0.47 0.32
5 12 0.22 0.13
5 14 0.81 0.12
6 7 0.93 0.59
6 10 0.6 0.58
6 11 0.95 0.49
6 12 0.66 0.97
6 13 0.25 0.89
7 8 0.95 0.59
7 9 0.69 0.19
7 10 0.6 0.87
7 11 0.83 0.47
7 14 0.06 0.84
8 10 0.34 0.01
10 14 0.17 0.9
10 15 0.42 0.61
11 12 0.25 0.85
11 13 0.91 0.89
11 14 0.33 0.58
12 13 0.59 0.45
