0 1 0.06 0.49
0 2 0.11 0.22
0 3 0.2 0.68
0 4 0.14 0.45
0 6 0.59 0.5
0 8 0.52 0.04
0 10 0.63 0.31
0 11 0.18 0.75
0 12 0.88 0.25
0 14 0.62 0.05
0 15 0.93 0.21
1 2 0.61 0.44
1 3 0.86 0.53
1 4 0.29 0.1
1 5 0.45 0.22
1 6 0.73 0.35
1 9 0.01 0.68
1 14 0.16 0.75
2 3 0.3 0.76
2 4 0.34 0.02
2 5 0.33 0.18
2 6 0.45 0.04
2 7 0.98 0.7
2 8 0.44 0.34
2 10 0.01 0.94
2 14 0.08 0.45
3 4 0.27 0.32
3 5 0.93 0.45
3 6 0.65 0.37
3 7 0.18 0.1
3 8 0.02 0.31
3 9 0.57 0.6
3 10 0.13 0.37
4 5 0.69 0.82
4 7 0.98 0.2
4 10 0.93 0.43
4 12 0.91 0.87
4 13 0.59 0.02
5 11 0.34 0.88
5 13 0.26 0.41
6 7 0.19 0.33
6 8 0.46 0.24
6 9 0.29 0.4
7 9 0.54 0.6
7 13 0.94 0.06
7 14 0.46 0.36
7 15 0.21 0.99
8 11 0.47 0.44
8 12 0.42 0.79
8 13 0.19 0.78
9 11 0.38 0.23
10 12 0.09 0.31
11 15 0.23 0.73
13 15 0.44 0.39
