0 1 0.94 0.44
0 2 0.8 0.96
0 3 0.45 0.73
0 4 0.15 0.81
0 7 0.81 0.12
1 2 0.15 0.15
1 3 0.27 0.3
1 4 0.21 0.57
1 5 0.65 0.69
1 6 0.8 0.14
1 10 0.54 0.3
1 12 0.85 0.36
2 3 0.78 0.46
2 4 0.75 0.23
2 7 0.9 0.96
2 9 0.65 0.51
2 10 0.14 0.92
2 11 0.25 0.39
2 12 0.38 0.03
3 5 0.15 0.56
3 6 0.69 0.4
3 8 0.67 0.8
3 11 0.16 0.31
3 12 0.8 0.3
3 15 0.98 0.61
4 5 0.85 0.21
4 6 0.06 0.15
4 8 0.5 0.88
4 11 0.25 0.15
4 14 0.47 0.94
5 14 0.64 0.91
6 7 0.87 0.22
6 8 0.88 0.79
6 9 0.94 0.25
6 10 0.84 0.95
6 13 0.39 0.44
6 15 0.08 0.44
7 9 0.91 0.92
7 14 0.27 0.67
11 13 0.01 0.01
12 13 0.87 0.54
12 15 0.86 0.57
