0 1 0.42 0.29
0 2 0.84 0.85
0 3 0.43 0.73
0 4 0.16 0.74
0 9 0.77 0.3
0 14 0.87 1
1 2 0.1 0.6
1 3 0.22 0.62
1 4 0.71 0.53
1 5 0.7 0.37
1 6 0.18 0.89
1 7 0.89 0.09
1 8 0.38 0.16
1 11 0.42 0.39
1 13 0.52 0.3
1 14 0.12 0.57
2 3 0.78 0.15
2 6 0.51 0.57
2 8 0.74 0.62
2 12 0.85 0.14
3 4 0.11 0.4
3 5 0.54 0.42
3 6 0.38 0.61
3 9 0.43 0.95
3 10 0.06 0.42
3 12 0.76 0.6
4 5 0.37 0.62
4 8 0.07 0.27
4 9 0.57 0.75
4 10 0.31 0.18
4 13 0.76 0.36
4 14 0.5 0.35
5 7 0.49 0.43
5 15 0.65 0.99
6 7 0.66 0.25
6 10 0.03 0.34
6 11 0.29 0.21
6 12 0.09 0.57
6 15 0.28 0.71
7 15 0.01 0.18
9 13 0.02 0.32
10 11 0.9 0.64
