0 1 0.83 0.47
0 2 0.32 0.95
0 3 0.09 0.07
0 4 0.39 0.46
0 7 0.1 0.49
1 2 0.51 0.92
1 3 0.7 0.23
1 4 0.13 0.07
1 5 0.01 0.75
1 6 0.99 0.64
1 10 1 0.22
1 12 0.97 0.01
2 3 0.99 0.14
2 4 0.55 0.84
2 7 0.5 0.71
2 9 0.93 0.62
2 10 0.7 0.72
2 11 0.59 0.76
2 12 0.48 0.62
3 5 0.17 0.12
3 6 0.72 0.5
3 8 0.25 0.28
3 11 0.31 0.78
3 12 0.97 0.42
3 15 0.06 0.99
4 5 0.96 0.04
4 6 0.18 0.98
4 8 0.8 0.26
4 11 0.3 0.13
4 14 0.91 0.05
5 14 0.78 0.31
6 7 0.36 0.31
6 8 0.87 0.58
6 9 0.18 0.93
6 10 0.79 0.5
6 13 0.62 0.43
6 15 0.11 0.65
7 9 0.01 0.72
7 14 0.11 0.63
11 13 0.36 0.73
12 13 0.9 0.11
12 15 0.84 0.92
