0 1 0.35 0.44
0 2 0.73 0.03
0 3 1 0.19
0 4 0.37 0.45
0 5 0.02 0.44
0 6 0.81 0.19
1 2 1 0.5
1 3 0.58 0.3
1 4 0.76 0.03
1 5 0.93 0.33
1 6 0.8 0.31
1 9 0.11 0.79
1 11 0.3 0.05
1 12 1 0.14
2 3 0.47 0.79
2 7 0.97 0.85
2 10 0.22 0.67
2 11 0.69 0.36
2 12 0.92 0.1
3 4 0.98 0.17
3 5 0.37 0.81
3 8 0.72 0.07
3 10 0.94 0.14
3 13 0.92 0.96
4 6 0.59 0.28
4 8 0.17 0.74
5 7 0.39 0.19
5 9 0.24 0.97
5 10 0.31 0.14
5 13 0.08 0.32
5 14 0.48 0.15
5 15 0.63 0.69
6 7 0.04 0.51
6 8 0.29 0.61
6 11 0.01 1
6 14 0.22 0.52
8 9 0.61 0.71
8 12 0.16 0.01
8 14 0.97 0.98
8 15 0.3 0.84
9 13 0.58 0.55
9 15 0.4 0.52
