0 1 0.43 0.35
0 2 0.66 0.6
0 3 0.79 0.03
0 4 0.96 0.08
0 5 0.51 0.77
0 6 0.21 0.03
0 7 0.98 0.23
0 11 0.41 0.11
1 2 0.65 0.46
1 3 0.79 0.3
1 4 0.03 0.11
1 5 0.76 0.5
1 6 0.01 0.11
1 7 0.84 0.13
1 8 0.6 0.08
1 9 0.37 0.11
1 11 0.53 0.46
1 12 0.03 0.96
2 3 0.53 0.4
2 4 0.25 0.49
2 5 0.83 0.09
2 6 0.61 0.66
2 7 0.66 0.91
2 9 1 0.97
2 10 0.75 0.56
2 15 0.56 0.81
3 4 0.05 0.93
3 5 0.93 0.23
3 6 0.5 0.62
3 8 0.88 0.83
3 10 0.89 0.88
3 11 0.74 0.39
3 12 0.01 0.37
3 14 0.05 0.12
4 12 0.74 0.89
5 7 0.61 0.92
5 8 0.92 0.73
5 9 0.96 0.91
5 10 0.71 0.75
6 12 0.05 0.45
6 14 0.47 0.9
7 8 0.49 0.04
7 9 0.44 0.35
7 10 0.36 0.42
7 11 0.2 0.37
7 15 0.48 0.03
8 13 0.6 0.1
8 14 0.12 0.37
8 15 0.95 0.62
10 13 0.44 1
11 13 0.85 0.13
11 15 0.43 0.59
12 13 0.74 0.86
13 14 0.86 0.96
