0 1 0.96 0.29
0 2 0.66 0.05
0 3 0.41 0.22
0 4 0.67 0.27
0 5 0.23 0.7
0 6 0.84 0.47
0 8 0.61 0.7
0 9 0.51 0.36
0 10 0.2 0.22
1 2 0.46 0.17
1 3 0.75 0.82
1 4 0.29 0.99
1 7 0.93 0.17
1 8 0.29 0.64
1 9 0.05 0.62
1 10 0.63 0.16
1 11 0.93 0.67
1 13 0.08 0.96
2 3 0.62 0.39
2 4 0.33 0.17
2 5 0.15 0.19
2 6 0.48 0.61
2 7 0.41 0.98
2 11 0.92 0.01
3 4 0.38 0.82
3 5 0.79 0.71
3 6 0.9 0.63
4 5 0.88 0.2
4 7 0.53 0.62
4 8 0.13 0.83
4 9 0.62 0.73
4 11 0.91 0.2
4 12 0.82 0.67
4 14 0.73 0.88
5 6 0.54 0.21
5 7 0.94 0.54
5 10 0.96 0.63
5 15 0.53 0.74
6 11 0.02 0.49
6 12 0.27 0.84
6 15 0.53 0.37
7 8 0.6 0.86
7 12 0.27 0.51
7 13 0.89 0.51
7 14 0.28 0.95
7 15 0.31 0.81
8 9 0.75 0.61
8 10 0.14 0.52
9 12 0.28 0.45
9 13 0.54 0.4
10 15 0.63 0.19
11 13 0.07 0.56
12 14 0.56 0.08
13 14 0.37 0.75
