0 1 0.68 0.36
0 2 0.39 0.82
0 3 0.05 0.35
0 4 0.83 0.08
0 5 0.49 0.64
0 6 0.31 0.02
0 8 0.39 0.33
0 9 0.57 0.94
0 10 0.91 0.89
1 2 0.12 0.22
1 3 0.92 0.7
1 4 0.24 0.92
1 7 0.54 0.44
1 8 0.63 0.64
1 9 0.89 0.59
1 10 0.89 0.92
1 11 0.32 0.92
1 13 0.5 0.36
2 3 0.26 0.92
2 4 0.82 0.04
2 5 0.87 0.9
2 6 0.94 0.11
2 7 0.62 0.94
2 11 0.85 0.4
3 4 0.6 0.31
3 5 0.47 0.09
3 6 0.33 1
4 5 0.85 0.75
4 7 0.59 0.82
4 8 0.51 0.16
4 9 0.9 0.29
4 11 0.51 0.15
4 12 0.83 0.43
4 14 0.17 0.65
5 6 0.64 0.75
5 7 0.62 0.2
5 10 0.76 0.75
5 15 0.6 0.13
6 11 0.43 0.51
6 12 0.25 0.75
6 15 0.22 0.77
7 8 0.33 0.98
7 12 0.95 0.66
7 13 0.63 0.05
7 14 0.51 0.88
7 15 0.76 0.78
8 9 0.3 0.21
8 10 0.15 0.9
9 12 1 0.5
9 13 0.34 0.57
10 15 1 0.42
11 13 0.56 0.18
12 14 0.02 0.1
13 14 0.43 0.66
