0 1 0.73 0.21
0 2 0.14 0.03
0 3 0.44 0.15
0 4 0.19 0.22
0 7 0.09 0.02
0 12 0.49 0.7
1 2 0.87 0.23
1 3 0.13 0.4
1 5 0.41 0.81
1 6 0.38 0.18
1 7 0.89 0.06
1 8 0.74 0.12
1 9 0.34 0.86
1 13 0.66 0.81
1 14 0.86 0.04
2 3 0.3 0.25
2 4 0.76 0.02
2 5 0.28 0.53
2 6 0.2 0.18
2 10 0.73 0.95
3 4 0.13 0.26
3 8 0.55 0.24
3 12 0.71 0.58
4 5 0.22 0.24
4 10 0.09 0.34
5 6 0.34 0.96
6 7 0.31 0.54
6 14 0.69 0.53
7 8 0.96 0.29
7 9 0.04 0.83
7 11 0.22 0.37
7 15 0.99 0.74
8 9 0.79 0.67
8 10 0.75 0.29
8 11 0.76 0.9
9 11 0.32 0.73
9 12 0.11 0.08
10 13 1 0.34
12 13 0.78 0.82
12 15 0.87 0.53
13 14 0.19 0.18
13 15 0.87 0.04
