0 1 0.11 0.89
0 2 0.3 0.58
0 3 0.28 0.4
0 4 0.74 0.71
0 5 0.19 0.59
0 6 0.8 0.66
0 7 0.8 0.04
0 8 0.8 0.59
0 9 0.63 0.73
0 11 0.16 0.9
0 12 0.02 0.14
0 13 0.44 0.77
0 14 0.52 0.98
0 15 0.5 0.13
1 2 0.83 0.73
1 3 0.4 0.94
1 4 0.65 0.39
1 5 0.12 0.68
1 6 0.46 0.26
1 7 0.63 0.92
1 8 0.32 0.51
1 10 0.81 0.45
1 12 0.82 0.79
1 13 0.43 0.68
2 3 0.95 0.58
2 4 0.78 0.74
2 5 0.66 0.23
2 6 0.36 0.22
2 8 0.06 0.39
2 9 0.56 0.24
2 15 0.14 0.88
3 4 0.66 0.02
3 7 0.49 0.77
3 10 0.23 0.12
3 13 0.09 0.67
3 15 0.85 0.57
4 5 0.59 0.49
4 6 0.55 0.61
4 8 0.43 0.22
5 7 0.78 0.42
5 9 0.65 0.53
5 10 0.56 0.71
5 11 0.02 0.6
5 14 0.91 0.53
6 11 0.19 0.84
6 15 0.65 0.14
7 14 0.38 0.29
8 9 0.21 0.19
8 10 0.36 0.75
8 12 0.72 0.92
9 11 0.09 0.95
10 12 0.54 0.92
10 13 0.09 0.51
10 14 0.89 0.27
