0 1 0.49 0.28
0 2 0.53 0.16
0 3 0.08 0.31
0 4 0.94 0.29
0 5 0.41 0.28
0 6 0.32 0.16
0 7 0.75 0.82
0 9 0.81 0.12
0 10 0.95 0.87
0 11 0.85 0.1
0 12 0.25 0.33
0 13 0.46 1
1 2 0.58 0.98
1 3 0.36 0.72
1 4 0.05 0.52
1 6 0.39 0.28
1 7 0.48 0.13
1 8 0.05 0.6
1 12 0.99 0.68
1 13 0.07 0.2
2 3 0.24 0.02
2 4 0.66 0.81
2 5 0.65 0.08
2 6 0.85 0.37
2 7 0.07 0.68
2 8 0.39 0.78
2 9 0.9 0.92
2 10 0.14 0.13
2 13 0.39 0.45
2 14 0.84 0.62
3 4 0.71 0.44
3 5 0.74 0.17
3 10 0.55 0.46
3 11 0.46 0.03
3 12 0.57 0.69
3 14 0.88 0.89
3 15 0.48 0.83
4 5 0.8 0.39
4 6 0.2 0.51
4 7 0.82 0.56
4 9 0.94 0.26
4 12 0.46 0.74
4 14 0.07 0.85
4 15 0.29 0.72
5 8 0.39 0.65
5 9 0.51 0.91
5 13 0.73 0.75
6 8 0.56 0.14
6 15 0.68 0.32
7 11 0.46 0.38
7 14 0.61 0.59
9 10 0.31 0.53
9 15 0.5 0.85
10 11 0.84 0.3
