0 1 0.86 0.73
0 2 0.96 0.29
0 3 0.08 0.38
0 4 0.16 0.51
0 5 0.5 0.6
0 6 0.11 0.59
0 8 0.71 0.55
0 9 0.93 0.07
0 10 0.44 0.15
1 2 0.54 0.64
1 3 0.5 0.86
1 4 0.89 0.47
1 7 0.2 0.18
1 8 0.74 0.39
1 9 0.68 0.54
1 10 0.87 0.3
1 11 0.68 0.79
1 13 0.12 0.66
2 3 0.72 0.36
2 4 0.85 0.37
2 5 0.96 0.63
2 6 0.13 0.33
2 7 0.35 0.14
2 11 0.26 0.03
3 4 0.28 0.29
3 5 0.75 0.39
3 6 0.04 0.98
4 5 0.92 0.29
4 7 0.17 0.23
4 8 0.6 0.52
4 9 0.16 0.62
4 11 0.29 0.34
4 12 0.44 0.51
4 14 0.83 0.31
5 6 0.53 0.97
5 7 0.87 0.75
5 10 0.39 0.32
5 15 0.88 0.5
6 11 0.49 0.98
6 12 0.95 0.28
6 15 0.51 0.13
7 8 0.99 0.67
7 12 0.18 0.6
7 13 0.84 0.3
7 14 0.11 0.91
7 15 0.37 0.44
8 9 0.42 0.75
8 10 1 0.38
9 12 0.93 0.7
9 13 0.71 0.78
10 15 0.4 0.04
11 13 0.53 0.98
12 14 0.19 0.96
13 14 0.2 0.7
