0 1 0.01 0.08
0 2 0.82 0.14
0 3 1 0.74
0 4 0.81 0.79
0 5 0.07 0.93
0 6 0.56 0.62
1 2 0.46 0.98
1 3 0.1 0.88
1 4 0.72 0.78
1 5 0.16 0.28
1 6 0.49 0.46
1 9 0.45 1
1 11 0.98 0.62
1 12 0.06 0.19
2 3 0.95 0.88
2 7 0.59 0.52
2 10 0.25 0.82
2 11 0.29 0.79
2 12 0.47 0.37
3 4 0.7 0.84
3 5 0.3 0.89
3 8 0.58 0.25
3 10 0.18 0.56
3 13 0.81 0.94
4 6 0.46 0.7
4 8 0.42 0.35
5 7 0.2 0.91
5 9 0.64 0.8
5 10 0.91 0.34
5 13 0.93 0.44
5 14 0.96 0.26
5 15 0.43 0.52
6 7 0.55 0.69
6 8 0.02 0.46
6 11 0.76 0.86
6 14 0.38 0.53
8 9 0.47 0.99
8 12 0.53 0.65
8 14 0.44 0.8
8 15 0.67 0.71
9 13 0.1 0.2
9 15 0.65 0.29
