0 1 0.6 0.03
0 2 0.99 0.06
0 3 0.95 0.47
0 4 0.46 0.71
0 5 0.46 0.43
0 6 0.84 0.73
0 8 0.17 0.86
0 10 0.25 0.13
0 12 0.54 0.95
0 15 0.07 0.94
1 2 0.52 0.76
1 3 0.29 0.58
1 4 0.66 0.38
1 6 0.06 0.18
1 7 0.95 0.89
1 9 0.93 0.72
2 3 0.93 0.46
2 5 0.03 0.44
3 4 0.39 0.87
3 5 0.19 0.48
3 6 0.65 0.31
3 7 0.61 0.98
3 8 0.43 0.99
3 10 0.54 0.15
3 11 0.19 0.13
3 12 0.9 0.71
4 10 0.34 0.28
4 11 0.44 1
4 13 0.51 0.01
4 15 0.89 0.53
5 9 0.07 0.76
5 13 0.63 0.45
5 14 0.23 0.13
6 7 0.61 0.74
6 12 0.92 0.33
6 13 0.63 0.69
6 14 0.29 0.48
6 15 0.11 0.86
7 8 0.24 0.63
7 9 0.38 0.64
10 11 0.6 0.67
11 14 0.04 0.46
