0 1 0.23 0.37
0 2 0.29 0.37
0 3 0.36 0.92
0 4 1 0.81
0 5 0.12 0.49
0 8 0.77 0.04
0 9 0.43 0.14
0 10 0.67 0.72
0 12 0.75 0.97
0 13 0.53 0.06
0 15 0.2 0.32
1 2 0.27 0.72
1 3 0.73 0.27
1 4 0.52 0.9
1 5 0.43 0.89
1 6 0.31 0.11
1 7 0.25 0.22
1 10 0.88 0.69
1 12 0.49 0.01
2 3 0.13 0.41
2 4 0.07 0.26
2 5 0.66 0.17
2 6 0.43 0.24
2 7 0.99 0.36
2 8 0.84 0.19
2 13 0.09 0.95
2 14 0.19 0.04
3 4 0.56 0.44
3 11 0.58 0.33
3 13 0.06 0.29
3 14 0.3 0.56
3 15 0.89 0.01
4 5 0.01 0.15
4 6 0.79 0.58
4 7 0.01 0.09
4 9 0.4 0.98
4 11 0.33 0.65
5 6 0.54 0.08
5 7 0.95 0.42
5 9 0.96 0.38
6 8 0.38 0.61
6 10 0.82 0.62
6 13 0.25 0.04
7 8 0.04 0.59
7 9 0.58 0.09
7 10 0.37 0.83
7 14 0.39 0.48
8 11 0.14 0.27
8 12 0.34 0.61
9 11 0.67 0.91
10 15 0.03 0.97
11 12 0.9 0.23
11 15 0.51 0.87
13 14 0.02 0.51
