0 1 0.34 0.78
0 2 0.52 0.32
0 3 0.5 0.78
0 4 0.57 0.09
0 10 0.45 0.02
0 11 0.56 0.01
0 12 0.6 0.93
0 13 0.64 0.27
0 14 0.05 0.04
0 15 0.12 0.26
1 2 0.78 0.79
1 3 0.08 0.53
1 5 0.31 0.7
1 6 0.29 0.43
1 8 0.51 0.28
1 9 0.3 0.48
1 11 0.03 0.04
1 13 0.12 0.81
2 3 0.17 0.43
2 4 1 0.54
2 7 0.98 0.16
2 8 0.21 0.6
2 15 0.86 0.79
3 4 0.59 0.99
3 5 0.95 0.21
3 6 0.54 0.39
3 7 0.74 0.64
3 10 0.36 0.81
3 12 0.96 0.25
3 14 0.95 0.02
3 15 0.25 0.38
4 5 0.79 0.28
4 6 0.29 0.41
4 7 0.16 0.84
4 11 0.31 0.12
4 13 0.62 0.75
6 9 0.24 0.5
6 12 0.96 0.02
6 14 0.14 0.59
7 8 0.4 0.83
7 9 0.63 0.52
7 10 0.97 0.72
