0 1 0.28 0.44
0 2 0.91 0.64
0 3 0.33 0.6
0 4 0.94 0.19
0 5 0.52 0.6
0 7 0.32 0.25
0 8 0.07 0.73
0 10 0.23 0.63
0 12 0.02 0.83
0 14 0.2 0.08
1 2 0.82 0.55
1 3 0.52 0.61
1 4 0.83 0.68
1 5 0.58 0.63
1 6 0.1 0.61
1 10 0.03 0.86
2 3 0.3 0.39
2 4 0.14 0.68
2 5 0.76 0.74
2 6 0.89 0.05
2 7 0.56 0.95
2 8 0.93 0.7
2 9 0.92 0.08
2 10 0.91 0.84
2 11 0.72 0.83
2 13 0.98 0.72
2 14 0.51 0.07
2 15 0.69 0.19
3 4 0.22 0.22
3 5 0.74 0.89
3 6 0.46 0.41
3 7 0.67 0.67
3 8 0.16 0.01
3 9 0.91 0.47
3 11 0.07 0.15
3 12 0.19 0.3
4 9 0.66 0.33
4 15 0.23 0.89
5 6 0.89 0.63
5 11 0.5 0.91
5 13 0.09 0.77
6 7 0.03 0.42
6 8 0.47 0.15
6 9 0.5 0.52
6 14 0.44 0.94
7 12 0.57 0.93
8 10 0.06 0.12
8 13 0.01 0.6
9 11 0.09 0.29
9 13 0.75 0.13
9 15 0.52 0.8
10 14 0.4 0.53
10 15 0.16 0.02
11 12 0.25 0.99
