0 1 0.71 0.52
0 2 0.11 0.98
0 3 0.55 0.56
0 4 0.69 1
0 10 0.35 0.65
0 11 0.41 0.77
0 12 0.16 0.71
0 13 0.6 0.35
0 14 0.37 0.35
0 15 0.02 0.88
1 2 0.33 0.69
1 3 0.41 0.82
1 5 0.9 0.68
1 6 0.18 0.76
1 8 0.32 0.41
1 9 0.93 0.49
1 11 0.85 0.46
1 13 0.52 0.76
2 3 0.19 0.03
2 4 0.29 0.57
2 7 0.64 0.76
2 8 0.68 0.98
2 15 0.3 0.47
3 4 0.8 0.54
3 5 0.5 0.33
3 6 0.54 0.14
3 7 0.47 0.06
3 10 0.02 0.62
3 12 0.95 0.08
3 14 0.52 0.04
3 15 0.19 0.27
4 5 0.8 0.39
4 6 1 0.06
4 7 0.54 0.72
4 11 0.78 0.99
4 13 0.83 0.16
6 9 0.14 0.69
6 12 0.29 0.68
6 14 0.67 0.15
7 8 0.68 0.07
7 9 0.88 0.83
7 10 0.54 0.74
