0 1 0.16 0.63
0 2 0.52 0.88
0 3 0.36 0.47
0 4 0.14 0.96
0 5 0.2 0.7
0 6 0.84 0.5
0 7 0.1 0.18
0 8 0.74 0.01
0 10 0.48 0.61
0 12 0.89 0.45
0 14 0.78 0.15
1 2 0.3 0.95
1 3 0.92 0.38
1 4 0.86 0.52
1 10 0.29 0.1
1 11 0.59 0.58
2 3 0.08 0.05
2 4 0.63 0.24
2 5 0.99 0.71
2 6 0.71 0.31
2 7 0.57 0.35
2 8 0.87 0.56
2 10 0.39 0.99
2 11 0.84 0.72
2 13 0.44 0.2
2 14 0.28 0.47
3 4 0.4 0.78
3 5 0.95 0.46
3 6 0.38 0.96
3 7 0.84 0.87
3 9 0.76 0.63
3 13 0.78 0.16
3 15 0.3 0.99
4 5 0.56 0.63
4 6 0.87 0.37
4 8 0.31 0.86
4 9 0.69 0.01
4 10 0.17 0.99
4 14 0.78 0.77
5 7 0.78 0.59
6 9 0.16 0.1
6 11 0.06 0.48
7 8 0.97 0.47
7 9 0.6 0.98
8 11 0.2 0.13
8 12 0.55 0.23
8 13 0.52 0.41
8 15 0.32 0.96
9 12 0.87 0.8
9 15 0.21 0.91
10 13 0.03 0.56
11 12 0.73 0.96
12 15 0.4 0.1
13 14 0.62 0.93
