0 1 0.49 0.67
0 2 0.85 0.12
0 3 0.9 0.57
0 4 0.32 0.06
0 5 0.37 0.19
0 6 0.89 0.71
0 8 0.68 0.09
0 9 0.67 0.3
0 10 0.7 0.82
1 2 0.62 0.5
1 3 0.41 0.5
1 4 0.03 0.87
1 7 0.56 0.16
1 8 0.99 0.88
1 9 0.84 0.43
1 10 0.04 0.56
1 11 0.74 0.63
1 13 0.7 0.56
2 3 0.74 0.73
2 4 0.4 0.39
2 5 0.83 0.12
2 6 0.46 0.37
2 7 0.15 0.08
2 11 0.08 0.34
3 4 0.51 0.78
3 5 0.08 0.03
3 6 0.95 0.29
4 5 0.67 0.39
4 7 0.11 0.79
4 8 0.23 0.8
4 9 0.77 0.32
4 11 0.45 0.74
4 12 0.29 0.47
4 14 0.43 0.29
5 6 0.69 0.1
5 7 0.1 0.81
5 10 0.51 0.16
5 15 0.78 0.2
6 11 0.6 0.11
6 12 0.77 0.83
6 15 0.25 0.22
7 8 0.63 0.01
7 12 0.13 0.45
7 13 0.45 0.74
7 14 0.67 0.83
7 15 0.55 1
8 9 0.27 0.96
8 10 0.64 0.14
9 12 0.13 0.9
9 13 0.32 0.06
10 15 0.28 0.73
11 13 0.03 0.11
12 14 0.99 0.23
13 14 0.62 0.52
