0 1 0.59 0.4
0 2 1 0.73
0 3 0.86 0.85
0 4 0.57 0.31
0 5 0.6 0.74
0 6 0.95 0.27
0 8 0.65 0.31
0 10 0.56 0.32
0 12 0.68 0.29
0 15 0.91 0.04
1 2 0.44 0.51
1 3 0.13 0.1
1 4 0.87 0.95
1 6 0.92 0.07
1 7 0.05 0.12
1 9 0.94 0.09
2 3 0.68 0.33
2 5 0.4 0.9
3 4 0.27 0.18
3 5 0.58 0.13
3 6 0.34 0.96
3 7 0.9 0.17
3 8 0.98 0.85
3 10 0.65 0.84
3 11 0.19 0.05
3 12 0.98 0.39
4 10 0.4 0.49
4 11 0.26 0.21
4 13 0.98 0.93
4 15 0.32 0.22
5 9 0.95 0.51
5 13 0.98 0.02
5 14 0.22 0.18
6 7 0.86 0.16
6 12 0.9 0.6
6 13 0.59 0.61
6 14 0.49 0.43
6 15 0.4 0.43
7 8 0.68 0.26
7 9 0.86 0.49
10 11 0.93 0.33
11 14 0.18 0.21
