0 1 0.9 0.48
0 2 0.16 0.26
0 3 0.5 0.98
0 4 0.6 0.91
0 5 0.19 0.86
0 7 0.23 0.61
0 8 0.15 0.87
0 10 0.62 0.65
0 12 0.55 0.7
0 14 0.52 0.2
1 2 0.54 0.48
1 3 0.18 0.85
1 4 0.71 0.73
1 5 0.31 0.46
1 6 0.61 0.7
1 10 0.74 0.89
2 3 0.65 0.31
2 4 0.25 0.5
2 5 0.32 0.53
2 6 0.79 0.55
2 7 0.76 0.2
2 8 0.41 0.29
2 9 0.32 0.56
2 10 0.3 0.19
2 11 0.89 0.71
2 13 0.69 0.48
2 14 0.42 0.58
2 15 0.01 0.1
3 4 0.02 0.12
3 5 0.52 0.64
3 6 0.22 0.01
3 7 0.93 0.95
3 8 0.43 0.82
3 9 0.53 0.11
3 11 0.06 0.48
3 12 0.88 0.52
4 9 0.87 0.97
4 15 0.12 0.4
5 6 0.33 0.79
5 11 0.43 0.89
5 13 0.73 0.45
6 7 0.4 0.79
6 8 0.74 0.57
6 9 0.49 0.28
6 14 0.04 0.34
7 12 0.12 0.11
8 10 0.43 1
8 13 0.1 0.54
9 11 0.72 0.53
9 13 0.02 0.97
9 15 0.13 0.88
10 14 0.09 0.62
10 15 0.39 0.21
11 12 0.2 0.4
