0 1 0.92 0.89
0 2 0.37 0.18
0 3 0.71 0.87
0 4 0.73 0.47
0 5 0.53 0.04
0 7 0.4 0.95
0 8 0.02 0.01
0 9 0.48 0.14
0 10 0.75 0.04
0 11 0.68 0.08
1 2 0.72 0.49
1 3 0.1 0.38
1 4 0.19 0.03
1 5 0.55 0.52
1 6 0.55 0.34
1 8 0.55 0.2
1 11 0.46 0.39
1 12 0.45 0.96
1 13 0.39 0.61
1 14 0.16 0.62
2 3 0.91 0.08
2 5 0.61 0.37
2 6 0.71 0.97
2 7 0.05 0.83
2 9 0.41 0.53
2 10 0.06 0.1
2 11 0.48 1
2 13 0.04 0.26
3 4 0.18 0.86
3 12 0.07 0.01
4 7 0.71 0.46
4 8 0.26 0.81
4 12 0.77 0.48
4 15 0.81 0.05
5 6 0.82 0.24
5 10 0.31 0.39
5 14 0.46 0.72
5 15 0.9 0.04
8 9 0.6 0.32
8 13 0.09 0.83
8 14 0.39 0.71
14 15 0.66 0.94
