0 1 0.9 0.1
0 2 0.35 0.57
0 3 0.3 0.45
0 4 0.8 0.07
0 5 0.26 0.27
0 6 0.33 0.04
0 7 0.9 0.36
0 11 0.45 0.3
1 2 0.6 0.2
1 3 0.11 0.61
1 4 0.23 0.89
1 5 0.79 0.73
1 6 0.23 0.47
1 7 0.17 0.61
1 8 0.66 0.66
1 9 0.33 0.77
1 11 0.82 0.17
1 12 0.19 0.99
2 3 0.7 0.3
2 4 0.15 0.42
2 5 0.83 0.49
2 6 0.92 0.16
2 7 0.05 0.04
2 9 0.86 0.67
2 10 0.77 0.69
2 15 0.33 0.38
3 4 0.17 0.75
3 5 0.18 0.13
3 6 0.11 0.67
3 8 0.59 0.55
3 10 0.28 0.34
3 11 0.69 0.71
3 12 0.38 0.76
3 14 0.81 0.32
4 12 0.33 0.56
5 7 0.27 0.66
5 8 0.42 0.65
5 9 0.64 0.26
5 10 0.08 0.9
6 12 0.74 0.87
6 14 0.55 0.92
7 8 0.93 0.12
7 9 0.8 0.81
7 10 0.64 0.66
7 11 0.41 0.56
7 15 0.03 0.35
8 13 0.57 0.61
8 14 0.19 0.65
8 15 0.26 0.1
10 13 0.15 0.91
11 13 0.48 0.81
11 15 0.95 0.64
12 13 0.1 0.22
13 14 0.27 0.46
