0 1 0.95 0.11
0 2 0.29 0.94
0 3 1 0.23
0 4 0.53 0.71
0 5 0.2 0.98
0 7 0.53 0.11
0 8 0.39 0.42
0 9 0.26 0.96
0 10 0.93 0.01
0 12 0.32 0.32
0 15 0.06 0.23
1 2 0.64 0.89
1 3 0.94 0.45
1 4 0.65 0.58
1 5 0.7 0.24
1 6 0.44 0.01
1 8 0.74 0.21
1 11 0.57 0.08
1 12 0.11 0.75
2 3 0.55 0.67
2 4 0.76 0.03
2 5 0.96 0.46
2 6 0.92 0.01
2 7 0.52 0.13
3 4 0.36 0.82
3 7 0.47 0.16
3 9 0.84 0.64
3 10 0.7 0.39
3 12 0.91 0.81
3 13 0.6 0.71
3 14 0.83 0.54
4 5 0.56 0.17
4 6 0.95 0.55
4 8 0.17 0.96
4 9 0.64 0.04
4 14 0.63 0.91
4 15 0.59 0.84
5 6 0.11 0.89
5 12 0.59 0.04
6 7 0.84 0.82
6 8 0.51 0.05
6 11 0.28 0.24
6 13 0.28 0.21
6 14 0.01 0.18
6 15 0.59 0.67
7 9 0.35 0.3
7 10 0.79 0.06
7 11 0.01 0.54
7 15 0.49 0.66
9 10 0.75 0.89
9 11 0.59 0.64
10 13 0.31 0.63
12 13 0.27 0.22
12 14 0.56 0.09
