0 1 0.89 0.37
0 2 0.49 0.41
0 3 0.12 0.85
0 4 0.44 0.08
0 6 0.29 1
0 7 0.27 0.7
0 8 0.53 0.74
0 9 0.59 0.45
0 10 0.42 0.63
0 13 0.83 0.91
0 15 0.53 0.05
1 2 0.8 0.12
1 3 0.57 0.33
1 4 0.25 0.91
1 5 0.88 0.55
1 7 0.57 0.13
1 8 0.4 0.53
1 9 0.88 0.69
1 12 0.15 0.23
1 14 0.5 0.25
1 15 0.29 1
2 3 0.34 0.98
2 5 0.68 0.42
2 6 0.19 0.01
2 8 0.92 0.04
3 4 0.25 0.89
3 5 0.33 0.86
3 9 0.59 0.07
3 12 0.15 0.61
3 13 0.36 0.05
4 6 0.58 0.32
4 11 0.3 0.31
4 14 0.79 0.65
6 7 0.88 0.83
6 10 0.84 0.56
6 11 0.7 0.27
6 12 0.8 0.74
6 13 0.62 0.83
7 10 0.04 0.17
8 11 0.21 0.72
9 15 0.39 0.18
10 14 0.88 0.68
