0 1 0.75 0.34
0 2 0.14 0.61
0 3 0.61 0.57
0 4 0.95 0.2
0 7 0.14 0.14
0 11 0.05 0.07
0 14 0.76 0.78
1 2 0.62 0.35
1 3 0.61 0.3
1 5 0.47 0.52
1 6 0.84 0.98
1 9 0.19 0.64
2 3 0.24 0.5
2 4 0.78 0.68
2 5 0.52 0.74
2 8 0.18 0.7
2 10 0.83 0.07
2 15 0.21 0.12
3 4 0.32 0.28
3 5 0.46 0.7
3 6 0.11 0.93
3 9 0.97 0.75
3 12 0.06 0.62
3 13 0.72 0.81
3 14 0.66 0.98
4 6 0.95 0.32
4 8 0.08 0.46
4 11 0.46 0.85
5 7 0.08 0.87
5 10 0.11 0.63
6 7 0.46 0.96
6 8 0.31 0.25
6 11 0.46 0.06
6 12 0.41 0.34
6 14 0.04 0.78
7 9 1 0.64
7 12 0.22 1
7 13 0.45 0.18
7 15 0.18 0.85
8 15 0.25 0.97
9 10 0.67 0.41
12 13 0.81 0.38
