0 1 0.24 0.45
0 2 0.26 0.75
0 3 0.56 0.62
0 4 0.91 0.47
0 5 0.69 0.33
0 7 0.92 0.09
0 8 0.91 0.32
0 10 0.15 0.4
0 12 0.91 0.24
0 14 0.49 0.51
1 2 0.4 0.93
1 3 0.36 0.86
1 4 0.5 0.38
1 5 0.26 0.33
1 6 0.2 0.93
1 10 0.73 0.51
2 3 0.08 0.64
2 4 0.04 0.88
2 5 0.25 1
2 6 0.29 0.31
2 7 0.6 0.45
2 8 0.13 0.94
2 9 0.27 0.36
2 10 0.25 0.64
2 11 0.91 0.47
2 13 0.84 0.25
2 14 0.8 0.78
2 15 0.07 0.35
3 4 0.64 0.67
3 5 0.79 0.03
3 6 0.25 0.34
3 7 0.83 0.06
3 8 0.86 0.85
3 9 0.89 0.79
3 11 0.98 0.37
3 12 0.04 0.5
4 9 0.98 0.58
4 15 0.51 0.42
5 6 0.97 0.1
5 11 0.35 0.78
5 13 0.98 0.16
6 7 0.1 0.89
6 8 0.21 0.74
6 9 0.49 0.96
6 14 0.16 0.16
7 12 0.71 0.91
8 10 0.39 0.19
8 13 0.48 0.33
9 11 0.93 0.55
9 13 0.98 0.54
9 15 0.84 0.5
10 14 0.46 0.48
10 15 0.83 0.96
11 12 0.09 0.64
