0 1 0.99 0.96
0 2 0.13 0.59
0 3 0.19 0.32
0 4 0.76 0.18
0 5 0.45 0.77
0 6 0.93 0.54
0 7 0.39 0.11
0 8 0.63 0.85
0 9 0.29 0.94
0 11 0.41 0.43
0 12 0.15 0.22
0 13 0.59 0.36
0 14 0.02 0.13
0 15 0.63 0.19
1 2 0.89 0.27
1 3 0.61 0.36
1 4 0.19 0.19
1 5 0.67 0.38
1 6 0.79 0.73
1 7 0.93 0.07
1 8 0.35 0.07
1 10 0.46 0.78
1 12 0.7 0.24
1 13 0.95 0.35
2 3 0.88 0.92
2 4 0.24 0.76
2 5 0.62 0.53
2 6 0.99 0.52
2 8 0.6 0.52
2 9 0.88 0.25
2 15 0.53 0.39
3 4 0.72 0.7
3 7 0.68 0.82
3 10 0.13 0.12
3 13 0.07 0.87
3 15 0.46 0.57
4 5 0.57 0.45
4 6 0.12 0.75
4 8 0.02 0.97
5 7 0.91 0.69
5 9 0.86 0.23
5 10 0.58 0.77
5 11 0.31 0.42
5 14 0.6 0.05
6 11 0.56 0.9
6 15 0.18 0.33
7 14 0.01 0.16
8 9 0.43 0.89
8 10 0.36 0.4
8 12 0.09 0.03
9 11 0.17 0.88
10 12 0.97 0.75
10 13 0.15 0.19
10 14 0.14 0.23
