0 1 0.84 0.04
0 2 1 0.93
0 3 0.7 0.48
0 4 0.53 0.41
0 5 0.84 0.96
0 8 0.92 0.89
0 9 0.28 0.62
0 10 0.49 0.88
0 12 0.6 0.63
0 13 0.07 0.72
0 15 0.78 0.81
1 2 0.86 0.81
1 3 0.75 0.67
1 4 0.62 0.3
1 5 0.11 0.23
1 6 0.55 0.19
1 7 0.02 0.61
1 10 0.86 0.78
1 12 0.94 0.1
2 3 0.98 0.7
2 4 0.76 0.67
2 5 0.29 0.39
2 6 0.58 0.75
2 7 0.45 0.03
2 8 0.89 0.93
2 13 0.82 0.5
2 14 0.81 0.89
3 4 0.12 0.43
3 11 0.72 0.94
3 13 0.9 0.07
3 14 0.59 0.32
3 15 0.58 0.85
4 5 0.93 0.98
4 6 0.31 0.76
4 7 0.16 0.57
4 9 0.04 0.78
4 11 0.59 0.49
5 6 0.98 0.26
5 7 0.65 0.16
5 9 0.37 0.4
6 8 0.65 0.3
6 10 0.55 0.21
6 13 0.97 0.04
7 8 0.41 0.47
7 9 0.34 0.01
7 10 0.2 0.43
7 14 0.5 0.16
8 11 0.04 0.6
8 12 0.17 0.02
9 11 0.15 0.63
10 15 0.49 0.27
11 12 0.21 0.95
11 15 0.51 0.24
13 14 0.99 0.58
