0 1 0.15 0.74
0 2 0.82 0.15
0 3 0.13 1
0 4 0.98 0.65
0 7 0.4 0.12
0 11 0.03 0.15
0 14 0.4 0.25
1 2 0.1 0.86
1 3 0.19 0.72
1 5 0.23 0.44
1 6 0.52 0.11
1 9 0.37 0.46
2 3 0.97 0.55
2 4 0.79 0.99
2 5 0.34 0.17
2 8 0.16 0.7
2 10 0.56 0.71
2 15 0.6 0.6
3 4 0.19 0.53
3 5 0.31 0.66
3 6 0.24 0.12
3 9 0.02 0.6
3 12 0.35 0.27
3 13 1 0.57
3 14 0.42 0.75
4 6 0.01 0.02
4 8 0.87 0.05
4 11 0.81 0.19
5 7 1 0.55
5 10 0.49 0.83
6 7 0.12 0.19
6 8 1 0.29
6 11 0.23 0.27
6 12 0.53 0.4
6 14 0.36 0.74
7 9 0.07 0.04
7 12 0.94 0.58
7 13 0.57 0.29
7 15 0.13 0.54
8 15 0.32 0.43
9 10 0.86 0.86
12 13 0.34 0.03
