0 1 0.81 0.21
0 2 0.17 0.57
0 3 1 0.99
0 4 0.28 0.78
0 5 0.07 0.48
0 7 0.05 0.07
0 8 0.23 0.4
0 10 0.83 0.88
0 12 0.76 0.53
0 14 0.74 0.24
1 2 0.85 0.38
1 3 0.43 0.71
1 4 0.63 0.73
1 5 0.44 0.38
1 6 0.86 0.03
1 10 0.68 0.58
2 3 0.97 0.57
2 4 0.54 0.35
2 5 0.29 0.73
2 6 0.84 0.06
2 7 0.56 0.03
2 8 0.51 0.16
2 9 0.04 0.24
2 10 0.26 0.9
2 11 0.82 0.91
2 13 0.98 0.35
2 14 0.59 0.63
2 15 0.29 0.38
3 4 0.15 0.73
3 5 0.46 0.99
3 6 0.73 0.22
3 7 0.99 0.39
3 8 0.66 0.97
3 9 0.17 0.12
3 11 0.21 0.17
3 12 0.35 0.93
4 9 0.65 0.92
4 15 0.77 0.81
5 6 0.73 0.09
5 11 0.93 0.3
5 13 0.48 0.72
6 7 0.33 0.69
6 8 0.01 0.95
6 9 0.65 0.17
6 14 0.28 0.1
7 12 0.63 0.88
8 10 0.91 0.11
8 13 0.13 0.46
9 11 0.54 0.89
9 13 0.5 0.54
9 15 0.89 0.73
10 14 0.95 0.33
10 15 0.09 0.5
11 12 0.02 0.09
