0 1 0.5 0.78
0 2 0.75 0.09
0 3 0.14 0.53
0 4 0.6 0.04
0 5 0.56 0.74
0 6 0.22 0.5
0 8 0.9 0.33
0 10 0.36 0.99
0 12 0.98 0.51
0 15 0.53 0.35
1 2 0.59 0.98
1 3 1 0.47
1 4 0.25 0.96
1 6 0.48 0.94
1 7 0.19 0.02
1 9 0.66 0.75
2 3 0.82 0.71
2 5 0.42 0.82
3 4 0.35 0.55
3 5 0.98 0.15
3 6 0.58 0.59
3 7 0.28 0.29
3 8 0.58 0.55
3 10 1 0.79
3 11 0.36 0.23
3 12 0.76 0.3
4 10 0.38 0.74
4 11 0.33 0.36
4 13 0.9 0.99
4 15 0.94 0.95
5 9 0.09 0.38
5 13 0.43 0.71
5 14 0.97 0.62
6 7 0.21 0.72
6 12 0.8 0.97
6 13 0.18 0.93
6 14 0.19 0.31
6 15 0.87 0.82
7 8 0.83 0.69
7 9 0.95 0.39
10 11 0.59 0.2
11 14 0.73 0.11
