0 1 0.79 0.12
0 2 0.98 0.94
0 3 0.15 0.94
0 4 0.72 0.87
0 5 0.67 1
0 6 0.57 0.38
0 8 0.11 0.76
0 9 0.15 0.26
0 10 0.2 0.37
1 2 0.98 0.39
1 3 0.61 0.36
1 4 0.99 0.64
1 7 0.86 0.73
1 8 0.07 0.86
1 9 0.78 0.83
1 10 0.15 0.25
1 11 0.47 0.77
1 13 0.86 0.61
2 3 0.2 0.94
2 4 0.5 0.41
2 5 0.63 0.21
2 6 0.97 0.73
2 7 0.31 0.22
2 11 0.82 0.73
3 4 0.1 0.41
3 5 0.02 0.19
3 6 0.94 0.87
4 5 0.61 0.23
4 7 0.03 0.45
4 8 0.19 0.89
4 9 0.07 0.79
4 11 0.15 0.73
4 12 0.33 0.83
4 14 0.75 0.24
5 6 0.28 0.46
5 7 0.62 0.71
5 10 0.63 0.29
5 15 0.61 0.39
6 11 0.84 0.46
6 12 0.08 0.25
6 15 0.21 0.25
7 8 0.55 0.71
7 12 0.55 0.15
7 13 0.19 0.32
7 14 0.23 0.66
7 15 0.77 0.61
8 9 0.16 0.58
8 10 0.04 0.29
9 12 0.17 0.46
9 13 0.25 0.4
10 15 0.93 0.11
11 13 0.29 0.77
12 14 0.84 0.49
13 14 0.9 0.05
