0 1 0.99 1
0 2 0.65 0.82
0 3 0.93 0.41
0 4 0.9 0.66
0 5 0.72 0.71
0 7 0.91 0.22
0 8 0.76 0.45
0 10 0.27 0.2
0 12 0.99 0.41
0 14 0.92 0.14
1 2 0.19 0.25
1 3 0.99 0.43
1 4 0.2 0.37
1 5 0.67 0.56
1 6 0.19 0.7
1 10 0.62 0.49
2 3 0.99 0.13
2 4 0.41 0.2
2 5 0.39 0.11
2 6 0.34 0.04
2 7 0.67 0.4
2 8 0.61 0.85
2 9 0.17 0.9
2 10 0.98 0.59
2 11 0.11 0.47
2 13 0.23 0.14
2 14 0.93 0.95
2 15 0.76 0.77
3 4 0.24 0.68
3 5 0.74 0.9
3 6 0.61 0.63
3 7 0.17 1
3 8 0.11 0.33
3 9 0.39 0.46
3 11 0.3 0.49
3 12 0.02 0.76
4 9 0.61 0.91
4 15 0.77 0.23
5 6 0.23 0.4
5 11 0.22 0.81
5 13 0.41 0.97
6 7 0.01 0.82
6 8 0.78 0.1
6 9 0.38 0.7
6 14 0.45 0.54
7 12 0.05 0.43
8 10 0.65 0.02
8 13 0.09 0.08
9 11 0.14 0.33
9 13 0.98 0.71
9 15 0.01 0.61
10 14 0.89 0.67
10 15 0.12 0.51
11 12 0.03 0.43
