0 1 0.87 0.72
0 2 0.29 0.35
0 3 0.01 0.01
0 4 0.85 0.72
0 5 0.67 0.42
0 6 0.73 0.3
0 7 0.89 0.9
0 9 0.83 0.07
0 10 0.21 0.86
0 11 1 0.31
0 12 0.89 0.95
0 13 0.73 0.43
1 2 0.27 0.59
1 3 0.05 0.73
1 4 0.79 0.66
1 6 0.49 0.81
1 7 0.65 0.36
1 8 0.9 0.86
1 12 0.66 0.41
1 13 0.58 0.07
2 3 0.69 0.68
2 4 0.13 0.43
2 5 0.98 0.98
2 6 0.48 0.43
2 7 0.65 0.4
2 8 0.37 0.04
2 9 0.36 0.96
2 10 0.22 0.87
2 13 0.61 0.84
2 14 0.04 0.34
3 4 0.19 0.14
3 5 0.24 0.33
3 10 0.6 0.73
3 11 0.79 0.57
3 12 0.61 0.03
3 14 0.38 0.15
3 15 0.74 0.88
4 5 0.36 0.61
4 6 0.78 0.45
4 7 0.23 0.76
4 9 0.13 0.88
4 12 0.9 0.27
4 14 0.85 0.87
4 15 0.94 0.85
5 8 0.06 0.35
5 9 0.25 0.51
5 13 0.93 0.58
6 8 0.08 0.77
6 15 0.91 0.14
7 11 0.53 0.24
7 14 0.25 0.81
9 10 0.68 0.97
9 15 1 0.72
10 11 0.17 0.92
