0 1 0.48 0.29
0 2 0.82 0.66
0 3 0.94 0.92
0 4 0.13 0.16
0 5 0.3 0.05
0 6 0.24 0.08
0 7 0.55 0.79
0 8 0.03 0.62
0 9 0.68 0.46
0 11 0.53 0.65
0 13 0.6 0.93
0 14 0.59 0.18
0 15 0.55 0.53
1 2 0.73 0.63
1 3 0.82 0.25
1 4 0.61 0.24
1 5 0.53 0.54
1 11 0.59 0.9
1 12 0.5 0.58
1 14 0.32 0.65
1 15 0.44 0.38
2 3 0.66 0.83
2 4 0.54 0.34
2 6 0.07 0.81
2 7 0.57 0.95
2 13 0.86 0.83
2 14 0.71 0.11
3 4 0.1 0.83
3 5 0.95 0.33
3 6 0.23 0.75
3 8 0.34 0.34
3 9 0.25 0.24
3 15 0.88 0.29
4 5 0.17 0.13
4 6 0.03 0.93
4 7 0.48 0.27
4 10 0.04 0.52
4 12 0.21 0.38
5 7 0.66 0.1
5 8 0.98 0.24
5 9 0.63 0.37
5 10 0.75 0.83
5 11 1 0.35
5 12 0.44 0.4
5 13 0.08 0.87
6 9 0.92 0.66
6 10 0.19 0.29
6 11 0.58 0.96
6 13 0.84 0.92
6 14 0.19 0.04
7 8 0.58 0.41
7 12 0.72 0.04
8 10 0.2 0.22
13 15 0.59 0.83
