0 1 0.43 0.84
0 2 0.16 0.48
0 3 0.39 0.6
0 4 0.52 0.28
0 5 0.23 0.59
0 6 0.26 0.27
0 8 0.67 0.05
0 10 0.67 0.86
0 12 0.63 0.39
0 15 0.08 0.07
1 2 0.62 0.18
1 3 0.47 0.51
1 4 0.02 0.94
1 6 0.81 0.97
1 7 0.16 0.01
1 9 0.81 0.29
2 3 0.45 0.7
2 5 0.04 0.46
3 4 0.64 0.66
3 5 0.18 0.24
3 6 0.63 0.06
3 7 0.61 0.08
3 8 0.48 0.11
3 10 0.95 0.63
3 11 0.49 0.7
3 12 0.05 0.48
4 10 0.98 0.53
4 11 0.57 0.08
4 13 0.91 0.8
4 15 0.64 0.43
5 9 0.78 0.79
5 13 0.87 0.33
5 14 0.32 0.28
6 7 0.97 0.8
6 12 0.68 0.5
6 13 0.59 0.52
6 14 0.13 0.07
6 15 0.44 0.06
7 8 0.15 0.8
7 9 0.06 0.11
10 11 0.36 0.97
11 14 0.19 0.61
