0 1 0.12 0.6
0 2 0.43 0.8
0 3 0.47 0.78
0 4 0.82 0.17
0 5 0.8 0.47
0 6 0.29 0.43
0 7 0.05 0.84
0 8 0.76 0.45
0 11 0.76 0.73
1 2 0.42 0.56
1 3 0.75 0.3
1 4 0.96 0.77
1 5 0.57 0.58
1 6 0.44 0.66
1 7 0.04 0.95
1 8 0.24 0.95
1 10 0.36 0.39
1 11 0.81 0.39
1 13 0.93 0.08
1 14 0.43 0.52
1 15 0.15 0.9
2 3 0.57 0.82
2 4 0.49 0.17
2 5 0.45 0.49
2 6 0.92 0.4
2 7 0.03 0.27
2 9 0.37 0.47
2 13 0.28 0.41
3 4 0.8 0.57
3 5 0.05 0.94
3 8 0.81 0.7
3 9 1 0.05
3 10 0.53 0.75
3 11 0.39 0.33
3 12 0.53 0.22
3 13 0.37 0.84
3 14 0.14 0.65
4 5 0.77 0.9
4 6 0.27 0.69
4 7 0.4 0.17
4 8 0.46 0.03
4 10 0.77 0.37
4 14 0.61 0.77
5 6 0.01 0.65
5 9 0.31 0.37
5 10 0.75 0.39
5 12 0.06 0.1
5 13 0.12 0.46
6 7 0.43 0.22
7 8 0.19 0.45
7 9 0.73 0.46
7 12 0.18 0.81
7 15 0.12 0.48
8 9 0.14 0.98
8 10 0.41 0.85
8 11 0.56 0.24
8 12 0.05 0.72
8 13 0.64 0.07
8 15 0.77 0.06
9 12 0.85 0.27
10 11 0.65 0.9
10 14 0.01 0.8
10 15 0.13 0.61
11 14 0.43 0.97
12 15 0.88 0.54
