0 1 0.07 0.85
0 2 0.71 0.84
0 3 0.4 0.58
0 4 0.33 0.77
0 5 1 0.36
0 9 0.82 0.1
0 13 0.57 0.45
1 2 0.77 0.14
1 3 0.1 0.41
1 5 0.59 0.91
1 6 0.21 0.07
1 8 0.56 0.03
1 9 0.04 0.76
1 10 0.49 0.84
2 3 0.65 0.65
2 4 0.85 0.99
2 7 0.68 0.28
2 8 0.98 0.8
2 9 0.6 0.51
2 11 0.71 0.93
2 15 0.69 0.18
3 4 0.71 0.18
3 5 0.74 0.48
3 6 0.84 0.35
3 14 0.17 0.74
4 10 0.53 0.1
4 11 0.47 0.93
4 12 0.14 0.03
5 6 0.5 0.44
5 7 0.63 0.36
5 8 0.3 0.56
6 7 0.57 0.88
6 10 0.42 1
6 14 0.12 0.34
7 11 0.53 0.5
7 14 0.51 0.89
8 12 0.91 0.58
9 12 0.96 0.76
9 15 0.27 0.29
10 13 1 0.12
12 13 0.97 0.74
14 15 0.84 0.68
