0 1 0.54 0.64
0 2 0.5 0.63
0 3 0.97 0.47
0 4 0.05 0.21
0 5 0.71 0.35
0 6 0.15 0.13
0 7 0.49 0.76
0 11 0.34 1
1 2 0.92 0.24
1 3 0.02 0.78
1 4 0.27 0.78
1 5 0.15 0.83
1 6 0.57 0.26
1 7 0.19 0.59
1 8 0.19 0.95
1 9 0.37 0.79
1 11 0.27 0.44
1 12 0.47 0.63
2 3 0.14 0.88
2 4 0.91 0.88
2 5 0.94 0.52
2 6 0.34 0.93
2 7 0.24 0.97
2 9 0.28 0.42
2 10 0.4 0.78
2 15 0.12 0.44
3 4 0.35 0.08
3 5 0.33 0.27
3 6 0.99 0.25
3 8 0.33 0.71
3 10 0.15 0.55
3 11 0.48 0.86
3 12 0.4 0.05
3 14 0.21 0.11
4 12 0.78 0.62
5 7 0.14 0.44
5 8 0.71 0.36
5 9 0.28 0.07
5 10 0.72 0.39
6 12 0.05 0.9
6 14 0.59 0.45
7 8 0.02 0.68
7 9 0.24 0.45
7 10 0.54 0.23
7 11 0.39 0.84
7 15 0.2 0.9
8 13 0.88 0.34
8 14 0.81 0.88
8 15 0.17 0.21
10 13 0.17 0.39
11 13 0.11 0.9
11 15 0.11 0.31
12 13 0.77 0.19
13 14 0.91 0.66
