0 1 0.22 0.69
0 2 0.49 0.67
0 3 0.73 0.77
0 4 0.27 0.41
0 5 0.11 0.17
0 6 0.86 0.23
0 7 0.44 0.44
0 8 0.41 0.86
0 9 0.56 0.76
0 11 0.03 0.35
0 13 0.13 0.71
0 14 0.24 0.74
0 15 0.65 0.8
1 2 0.94 0.29
1 3 0.61 0.57
1 4 0.83 0.42
1 5 0.53 0.71
1 11 0.75 0.98
1 12 0.97 0.71
1 14 0.28 0.63
1 15 0.39 0.77
2 3 0.25 0.76
2 4 0.21 0.7
2 6 0.11 0.46
2 7 0.88 0.61
2 13 0.65 0.74
2 14 0.29 0.66
3 4 0.31 0.78
3 5 0.01 0.45
3 6 0.69 0.3
3 8 0.06 0.47
3 9 0.69 0.65
3 15 0.3 0.37
4 5 0.31 0.36
4 6 0.68 0.84
4 7 0.94 0.44
4 10 0.53 0.84
4 12 0.1 0.47
5 7 0.53 0.1
5 8 0.62 0.67
5 9 0.7 0.09
5 10 0.05 0.48
5 11 0.01 0.66
5 12 0.47 0.53
5 13 0.45 0.2
6 9 0.09 0.09
6 10 0.52 0.55
6 11 0.92 0.93
6 13 0.65 0.73
6 14 0.09 0.36
7 8 0.63 0.62
7 12 0.35 0.15
8 10 0.63 0.95
13 15 0.3 0.56
