0 1 0.36 0.38
0 2 0.59 0.46
0 3 0.09 0.18
0 4 0.87 0.45
0 5 0.05 0.33
0 8 0.08 0.12
0 9 0.86 0.85
0 10 0.62 0.39
0 12 0.28 0.7
0 13 0.9 0.35
0 15 1 0.1
1 2 0.12 0.71
1 3 0.51 0.03
1 4 0.33 0.21
1 5 0.85 0.52
1 6 0.17 0.66
1 7 0.31 0.28
1 10 0.44 0.56
1 12 0.2 0.12
2 3 0.78 0.86
2 4 0.96 0.82
2 5 0.13 0.62
2 6 0.06 0.24
2 7 0.36 0.98
2 8 0.42 0.18
2 13 0.71 0.63
2 14 0.68 0.15
3 4 0.02 0.6
3 11 0.02 0.62
3 13 0.45 0.45
3 14 0.21 0.5
3 15 0.08 0.38
4 5 0.91 0.44
4 6 0.5 0.52
4 7 0.47 0.96
4 9 0.72 0.06
4 11 0.54 0.19
5 6 0.52 0.75
5 7 0.38 0.78
5 9 0.39 0.75
6 8 0.67 0.54
6 10 0.05 0.55
6 13 0.04 0.61
7 8 0.66 0.37
7 9 0.6 0.34
7 10 0.82 0.87
7 14 0.14 0.86
8 11 0.49 0.58
8 12 0.69 0.77
9 11 0.83 0.25
10 15 0.61 0.96
11 12 0.51 0.08
11 15 0.98 0.03
13 14 0.54 0.29
