0 1 0.69 0.87
0 2 0.2 0.96
0 3 0.83 0.37
0 4 0.93 0.16
0 5 0.13 0.86
0 6 0.44 0.36
1 2 0.74 0.06
1 3 0.95 0.2
1 4 0.19 0.33
1 5 0.28 0.12
1 6 0.63 0.52
1 9 0.07 0.16
1 11 0.27 0.52
1 12 0.29 0.24
2 3 0.48 0.84
2 7 0.79 0.38
2 10 0.08 0.49
2 11 0.22 0.58
2 12 0.42 0.25
3 4 0.18 0.77
3 5 0.43 0.37
3 8 0.98 0.72
3 10 0.45 0.24
3 13 0.64 0.62
4 6 0.52 0.48
4 8 0.34 0.28
5 7 0.41 0.87
5 9 0.64 0.53
5 10 0.37 0.41
5 13 0.87 0.93
5 14 0.18 0.34
5 15 0.12 0.64
6 7 0.8 0.03
6 8 0.7 0.37
6 11 0.24 0.73
6 14 0.71 0.55
8 9 0.26 0.36
8 12 0.72 0.21
8 14 0.09 0.11
8 15 0.99 0.51
9 13 0.08 0.32
9 15 0.55 0.45
