0 1 0.39 0.55
0 2 0.15 0.17
0 3 0.98 0.98
0 4 0.36 0.21
0 5 0.48 0.83
0 6 0.45 0.81
0 8 0.85 0.98
0 10 0.2 0.88
0 12 0.7 0.56
0 15 0.94 0.82
1 2 0.96 0.06
1 3 0.65 0.55
1 4 0.47 0.05
1 6 0.02 0.31
1 7 0.74 0.35
1 9 0.72 0.24
2 3 0.69 0.41
2 5 0.48 0.89
3 4 1 0.28
3 5 0.78 0.2
3 6 0.64 0.5
3 7 0.49 0.04
3 8 0.55 0.74
3 10 0.06 0.41
3 11 0.21 0.3
3 12 0.1 0.15
4 10 0.5 0.01
4 11 0.89 0.42
4 13 0.64 0.41
4 15 0.19 0.99
5 9 0.83 0.02
5 13 0.44 0.95
5 14 0.14 0.24
6 7 0.63 0.88
6 12 0.58 0.95
6 13 0.93 0.04
6 14 0.36 0.04
6 15 0.7 0.64
7 8 0.59 0.84
7 9 0.65 0.9
10 11 0.74 0.81
11 14 0.4 0.42
