0 1 0.88 0.62
0 2 0.06 0.21
0 3 0.3 0.39
0 4 0.44 0.91
0 5 0.97 0.72
0 6 0.76 0.25
0 7 0.09 0.9
0 11 0.95 0.29
1 2 0.59 0.88
1 3 0.39 0.86
1 4 0.73 0.77
1 5 0.47 0.96
1 6 0.47 0.42
1 7 0.06 0.55
1 8 0.4 0.99
1 9 0.96 0.9
1 11 0.2 0.29
1 12 0.76 0.8
2 3 0.52 0.45
2 4 0.67 0.93
2 5 0.21 0.46
2 6 0.31 0.36
2 7 0.84 0.79
2 9 0.47 0.1
2 10 0.13 0.29
2 15 0.13 0.4
3 4 0.46 0.26
3 5 0.3 0.61
3 6 0.87 0.73
3 8 0.93 0.75
3 10 0.99 0.14
3 11 0.27 0.43
3 12 0.4 0.6
3 14 0.34 0.24
4 12 0.25 0.64
5 7 0.32 0.45
5 8 0.45 0.01
5 9 0.45 0.03
5 10 0.75 0.63
6 12 0.1 0.26
6 14 0.92 0.46
7 8 0.25 1
7 9 0.97 0.34
7 10 0.59 0.14
7 11 0.11 0.57
7 15 0.2 0.64
8 13 0.08 0.66
8 14 0.59 0.02
8 15 0.9 0.09
10 13 0.75 0.9
11 13 0.7 0.04
11 15 0.55 0.81
12 13 0.8 0.01
13 14 0.74 0.39
