0 1 0.21 0.65
0 2 0.24 0.12
0 3 0.44 0.28
0 4 0.4 0.71
0 9 0.45 0.27
0 14 0.6 0.19
1 2 0.85 0.48
1 3 0.89 0.92
1 4 0.9 0.48
1 5 0.93 0.06
1 6 0.84 0.76
1 7 0.57 0.61
1 8 0.6 0.19
1 11 0.54 0.54
1 13 0.67 0.44
1 14 0.76 0.97
2 3 0.2 0.63
2 6 0.47 0.28
2 8 0.38 0.94
2 12 0.15 0.39
3 4 0.65 0.33
3 5 0.65 0.62
3 6 0.98 0.25
3 9 0.55 0.24
3 10 0.58 0.68
3 12 0.48 0.13
4 5 0.36 0.84
4 8 0.73 0.93
4 9 0.64 0.8
4 10 0.87 0.52
4 13 0.9 0.96
4 14 0.83 0.93
5 7 0.47 0.56
5 15 0.81 0.9
6 7 0.11 0.83
6 10 0.7 0.54
6 11 0.32 0.79
6 12 0.87 0.73
6 15 0.01 0.92
7 15 0.18 0.6
9 13 0.78 0.8
10 11 0.18 0.38
