0 1 0.25 0.49
0 2 0.9 0.94
0 3 0.98 0.87
0 4 0.39 0.96
0 6 0.15 0.79
0 9 0.32 0.77
0 10 0.22 0.16
0 11 0.13 0.21
0 13 0.34 0.25
1 2 0.35 0.98
1 3 0.04 0.91
1 4 0.42 0.65
1 5 0.63 0.75
1 12 0.2 0.52
2 3 0.75 0.9
2 4 0.31 0.36
2 6 0.03 0.56
2 7 0.96 0.94
2 8 0.2 0.63
2 9 0.91 0.64
2 10 0.57 0.56
2 11 0.46 0.28
2 13 0.99 0.93
3 5 0.33 0.02
3 8 0.11 0.88
3 15 0.42 0.51
4 5 0.95 0.38
5 6 0.67 0.82
5 7 0.31 0.69
5 8 0.05 0.4
5 9 0.98 0.57
5 11 0.36 0.81
5 15 0.79 0.01
6 7 0.02 0.84
6 10 0.65 0.07
6 12 0.44 0.14
6 13 0.77 0.24
8 12 0.29 0.53
8 14 0.55 0.85
11 15 0.93 0.52
12 14 0.47 0.88
13 14 0.02 0.3
