0 1 0.9 0.14
0 2 0.05 0.01
0 3 0.68 0.16
0 4 0.37 0.03
0 6 0.26 0.84
0 9 0.9 0.62
0 10 0.03 0.78
0 11 0.39 0.23
0 13 0.84 0.3
1 2 0.03 0.92
1 3 0.46 0.01
1 4 0.35 0.23
1 5 0.38 0.02
1 12 0.68 0.83
2 3 0.59 0.57
2 4 0.26 0.98
2 6 0.26 0.17
2 7 0.21 0.53
2 8 0.59 0.65
2 9 0.21 0.77
2 10 0.11 0.21
2 11 0.07 0.95
2 13 0.94 0.45
3 5 0.52 0.2
3 8 0.58 0.74
3 15 0.81 0.38
4 5 0.21 0.34
5 6 0.22 0.02
5 7 0.71 0.83
5 8 0.32 0.81
5 9 0.98 0.32
5 11 0.56 0.89
5 15 0.75 0.46
6 7 0.47 0.99
6 10 0.3 0.5
6 12 0.83 0.77
6 13 0.49 0.72
8 12 0.33 0.79
8 14 0.7 0.58
11 15 0.86 0.94
12 14 0.86 0.88
13 14 0.71 0.84
