0 1 0.01 0.48
0 2 0.37 0.07
0 3 0.93 0.4
0 4 0.83 0.04
0 7 0.14 0.56
1 2 0.38 0.64
1 3 0.63 0.14
1 4 0.71 0.13
1 5 0.71 0.18
1 6 0.46 0.13
1 10 0.77 0.1
1 12 0.73 0.48
2 3 0.64 0.75
2 4 0.19 0.24
2 7 0.42 0.98
2 9 0.55 0.13
2 10 0.77 0.52
2 11 0.14 0.34
2 12 0.64 0.5
3 5 0.63 0.54
3 6 0.51 0.66
3 8 0.65 0.75
3 11 0.19 0.52
3 12 0.11 0.86
3 15 0.76 0.68
4 5 0.31 0.27
4 6 0.52 0.59
4 8 0.16 0.58
4 11 0.31 0.73
4 14 0.86 0.6
5 14 0.12 0.06
6 7 0.88 0.93
6 8 0.54 0.82
6 9 0.48 0.29
6 10 0.02 0.4
6 13 0.39 0.8
6 15 0.84 0.51
7 9 0.08 0.94
7 14 0.96 0.65
11 13 0.69 1
12 13 0.28 0.73
12 15 0.95 0.05
