0 1 0.19 0.43
0 2 0.8 0.02
0 3 0.48 0.14
0 4 0.27 0.01
0 5 0.12 0.99
0 6 0.06 0.28
1 2 0.26 0.43
1 3 0.22 0.17
1 4 0.29 0.79
1 5 0.27 0.43
1 6 0.23 0.18
1 9 0.26 0.99
1 11 0.97 0.8
1 12 1 0.94
2 3 0.22 0.38
2 7 0.05 0.05
2 10 0.89 0.49
2 11 0.78 0.23
2 12 0.48 0.93
3 4 0.43 0.14
3 5 0.62 0.11
3 8 0.13 0.75
3 10 0.93 0.85
3 13 0.45 0.53
4 6 0.41 0.05
4 8 0.68 0.39
5 7 0.16 0.9
5 9 0.06 0.24
5 10 0.25 0.99
5 13 0.91 0.19
5 14 0.04 0.54
5 15 0.53 0.26
6 7 0.43 0.95
6 8 0.89 0.34
6 11 0.16 0.27
6 14 0.37 0.83
8 9 1 0.46
8 12 0.56 0.75
8 14 0.23 0.58
8 15 0.83 0.08
9 13 0.85 0.68
9 15 0.5 0.36
