0 1 0.49 0.81
0 2 0.21 0.62
0 3 0.71 0.22
0 4 0.85 0.94
0 5 0.05 0.43
0 6 0.38 0.39
0 7 0.56 0.33
0 8 0.44 0.28
0 10 0.56 0.26
0 12 0.28 0.19
0 14 0.15 0.41
1 2 0.15 0.12
1 3 0.14 0.65
1 4 0.85 0.45
1 10 0.06 0.04
1 11 0.36 0.86
2 3 0.99 0.82
2 4 0.64 0.14
2 5 0.36 0.36
2 6 0.09 0.41
2 7 0.86 0.05
2 8 0.15 0.89
2 10 0.84 0.86
2 11 0.81 0.95
2 13 0.03 0.82
2 14 0.62 0.98
3 4 0.73 0.49
3 5 0.85 0.92
3 6 0.39 0.29
3 7 0.8 0.54
3 9 0.12 0.59
3 13 0.22 0.67
3 15 0.44 0.8
4 5 0.71 0.04
4 6 0.55 0.46
4 8 0.08 0.16
4 9 0.92 0.87
4 10 0.52 0.75
4 14 0.93 0.02
5 7 0.85 0.19
6 9 0.72 0.21
6 11 0.89 0.94
7 8 0.45 0.82
7 9 0.18 0.34
8 11 0.5 0.75
8 12 0.67 0.99
8 13 0.12 0.21
8 15 0.02 0.58
9 12 0.93 0.78
9 15 0.3 0.21
10 13 0.7 0.29
11 12 0.75 0.58
12 15 0.15 0.72
13 14 0.79 0.06
