0 1 0.06 0.83
0 2 0.21 0.15
0 3 0.87 0.67
0 4 0.98 0.85
0 5 0.09 0.87
0 7 0.23 0.29
0 8 0.75 0.9
0 9 0.58 0.26
0 10 0.09 0.9
0 12 0.27 0.08
0 15 0.07 0.11
1 2 0.03 0.59
1 3 0.06 0.96
1 4 0.52 0.43
1 5 0.11 0.3
1 6 0.91 0.41
1 8 0.81 0.8
1 11 0.25 0.72
1 12 0.6 0.49
2 3 0.03 0.88
2 4 0.02 0.98
2 5 0.64 0.25
2 6 0.7 0.64
2 7 0.51 0.78
3 4 0.74 0.98
3 7 0.77 0.44
3 9 0.24 0.7
3 10 0.4 0.86
3 12 0.38 0.59
3 13 1 0.85
3 14 0.25 0.96
4 5 0.26 0.51
4 6 0.93 0.51
4 8 0.21 0.36
4 9 0.95 0.84
4 14 0.16 1
4 15 0.66 0.57
5 6 0.86 0.75
5 12 0.84 0.39
6 7 0.21 0.93
6 8 0.53 0.48
6 11 0.74 0.16
6 13 0.39 0.67
6 14 0.54 0.2
6 15 0.03 0.75
7 9 0.18 0.69
7 10 0.11 0.97
7 11 0.11 0.76
7 15 1 0.42
9 10 0.77 0.21
9 11 0.18 0.11
10 13 0.64 0.96
12 13 0.46 0.96
12 14 0.58 0.52
