0 1 0.11 0.04
0 2 0.59 0.15
0 3 0.61 0.43
0 4 0.47 0.97
0 9 0.92 0.87
0 14 0.91 0.22
1 2 0.85 0.88
1 3 0.92 0.34
1 4 0.96 0.97
1 5 0.87 0.64
1 6 0.08 0.68
1 7 0.4 0.89
1 8 0.03 0.46
1 11 0.74 0.17
1 13 0.66 0.79
1 14 0.03 0.57
2 3 0.53 0.96
2 6 0.54 0.69
2 8 0.52 0.49
2 12 0.54 0.16
3 4 0.84 0.23
3 5 0.07 0.43
3 6 0.23 0.15
3 9 0.73 0.73
3 10 0.33 0.76
3 12 0.41 0.07
4 5 0.51 0.98
4 8 0.48 0.33
4 9 0.8 0.77
4 10 0.64 0.08
4 13 0.08 0.85
4 14 0.1 0.05
5 7 0.5 0.34
5 15 0.54 0.06
6 7 0.45 0.66
6 10 0.93 0.92
6 11 0.17 0.88
6 12 0.79 0.95
6 15 0.76 0.31
7 15 0.79 0.11
9 13 0.07 0.91
10 11 0.71 0.15
