0 1 0.11 0.97
0 2 0.9 0.39
0 3 0.05 0.56
0 4 0.06 0.43
0 5 0.66 0.7
0 6 0.01 0.05
0 7 0.75 0.53
0 8 0.41 0.01
0 9 0.52 0.32
0 11 0.34 0.69
0 12 0.77 0.11
0 13 0.17 0.99
0 14 0.34 0.28
0 15 0.39 0.97
1 2 0.56 0.54
1 3 0.97 0.05
1 4 0.54 0.28
1 5 0.79 0.45
1 6 0.49 0.31
1 7 0.01 0.59
1 8 0.2 0.33
1 10 1 0.49
1 12 0.53 0.11
1 13 0.29 0.28
2 3 0.51 0.7
2 4 0.37 0.94
2 5 0.74 0.94
2 6 0.12 0.88
2 8 0.17 0.72
2 9 0.18 0.87
2 15 0.12 0.36
3 4 0.79 0.77
3 7 0.97 0.58
3 10 0.9 0.99
3 13 0.74 0.01
3 15 0.56 0.82
4 5 0.14 0.48
4 6 0.31 0.95
4 8 0.05 0.95
5 7 0.28 0.91
5 9 0.07 0.02
5 10 0.31 0.54
5 11 0.57 0.77
5 14 0.97 0.29
6 11 0.06 0.39
6 15 0.44 0.23
7 14 1 0.94
8 9 0.67 0.4
8 10 0.32 0.08
8 12 1 0.38
9 11 0.65 0.27
10 12 0.82 0.65
10 13 0.03 0.77
10 14 0.34 0.25
