0 1 0.9 0.08
0 2 0.17 0.84
0 3 0.35 0.11
0 4 0.72 0.81
0 5 0.18 0.3
0 9 0.66 0.74
0 13 0.29 0.02
1 2 0.15 0.41
1 3 0.49 0.13
1 5 0.77 0.69
1 6 0.32 0.2
1 8 0.02 0.24
1 9 0.46 0.55
1 10 0.86 0.46
2 3 0.66 0.45
2 4 0.3 0.06
2 7 0.95 0.45
2 8 0.08 0.74
2 9 0.58 0.62
2 11 0.9 0.43
2 15 0.11 0.04
3 4 0.12 0.48
3 5 0.44 0.15
3 6 0.75 0.27
3 14 0.76 0.77
4 10 0.29 0.49
4 11 0.78 0.45
4 12 0.98 0.84
5 6 0.05 0.34
5 7 0.77 0.14
5 8 0.21 0.48
6 7 0.22 0.11
6 10 0.99 0.88
6 14 0.99 0.4
7 11 0.54 0.45
7 14 0.31 0.98
8 12 0.44 0.62
9 12 0.17 0.18
9 15 0.82 0.65
10 13 0.24 0.45
12 13 0.31 0.08
14 15 0.55 0.15
