0 1 0.06 0.74
0 2 0.81 0.57
0 3 0.32 0.14
0 4 0.67 0.69
0 5 0.63 0.31
0 6 0.32 0.78
0 7 0.8 0.24
0 9 1 0.26
0 10 0.77 0.47
0 11 0.06 0.89
0 12 0.92 0.8
0 13 0.86 0.66
1 2 0.4 0.46
1 3 0.26 0.11
1 4 0.96 0.61
1 6 0.85 0.01
1 7 0.24 0.06
1 8 0.05 0.41
1 12 0.7 0.63
1 13 0.72 0.88
2 3 0.16 0.03
2 4 0.13 0.97
2 5 0.03 0.91
2 6 0.78 0.05
2 7 0.08 0.04
2 8 0.41 0.89
2 9 0.81 0.84
2 10 0.27 0.65
2 13 0.47 0.64
2 14 0.33 0.97
3 4 0.14 0.87
3 5 0.72 0.69
3 10 0.4 0.53
3 11 0.2 0.65
3 12 0.17 0.54
3 14 0.21 0.91
3 15 0.65 0.49
4 5 0.05 0.7
4 6 0.24 0.78
4 7 0.16 0.26
4 9 0.86 0.41
4 12 0.59 0.09
4 14 0.62 0.34
4 15 0.71 0.41
5 8 0.74 0.09
5 9 0.03 0.21
5 13 0.51 0.06
6 8 0.16 0.73
6 15 0.06 0.18
7 11 0.63 0.64
7 14 0.05 0.19
9 10 0.87 0.16
9 15 0.61 0.61
10 11 0.21 0.57
