0 1 0.35 0.52
0 2 0.98 0.66
0 3 0.93 1
0 4 0.88 0.84
0 5 0.07 0.56
0 6 0.73 0.88
0 7 0.93 0.08
0 8 0.86 0.7
0 9 0.14 0.77
0 11 0.81 0.66
0 13 0.14 0.19
0 14 0.89 0.3
0 15 0.45 0.88
1 2 0.16 0.91
1 3 0.94 0.15
1 4 0.69 0.88
1 5 1 0.83
1 11 0.37 0.94
1 12 0.67 0.91
1 14 0.04 0.02
1 15 0.6 0.9
2 3 0.67 0.53
2 4 0.2 0.49
2 6 0.62 0.26
2 7 0.83 0.12
2 13 0.94 0.62
2 14 0.22 0.81
3 4 0.73 0.68
3 5 0.58 0.04
3 6 0.51 0.48
3 8 0.64 0.04
3 9 0.73 0.27
3 15 0.21 0.38
4 5 0.36 0.17
4 6 0.79 0.12
4 7 0.53 0.4
4 10 0.37 0.49
4 12 0.2 0.22
5 7 0.4 0.19
5 8 1 0.29
5 9 0.63 0.61
5 10 0.02 0.31
5 11 0.79 0.1
5 12 0.23 0.36
5 13 0.65 0.08
6 9 0.29 0.06
6 10 0.46 0.94
6 11 0.23 0.74
6 13 0.38 0.13
6 14 0.38 0.46
7 8 0.25 0.79
7 12 0.98 0.79
8 10 0.36 0.31
13 15 0.34 0.07
