0 1 0.08 0.56
0 2 0.4 0.06
0 3 0.97 0.88
0 4 0.53 0.88
0 5 0.19 0.31
0 6 0.49 0.14
0 7 0.67 0.5
0 8 0.94 0.21
0 10 0.71 0.68
0 12 0.52 0.34
0 14 0.28 0.36
1 2 0.42 0.84
1 3 0.23 0.28
1 4 0.25 0.93
1 10 0.93 0.62
1 11 0.09 0.94
2 3 0.88 0.94
2 4 0.72 0.51
2 5 0.52 0.52
2 6 0.72 0.19
2 7 0.73 0.53
2 8 0.76 0.21
2 10 0.07 0.95
2 11 0.87 0.24
2 13 0.69 0.51
2 14 0.26 0.16
3 4 0.26 0.42
3 5 0.82 0.47
3 6 0.99 0.69
3 7 0.06 0.37
3 9 0.89 0.09
3 13 0.02 0.19
3 15 0.25 0.93
4 5 0.95 0.88
4 6 0.26 0.94
4 8 0.68 0.97
4 9 0.51 0.61
4 10 0.14 0.23
4 14 0.9 0.96
5 7 0.87 0.74
6 9 0.44 0.44
6 11 0.64 0.47
7 8 0.33 0.62
7 9 0.05 1
8 11 0.51 1
8 12 0.02 0.51
8 13 0.68 0.42
8 15 0.37 0.84
9 12 0.85 0.75
9 15 0.93 0.28
10 13 0.11 0.4
11 12 0.37 0.3
12 15 0.29 0.67
13 14 0.94 0.07
