0 1 0.29 0.37
0 2 0.51 1
0 3 0.82 0.63
0 4 0.73 0.72
0 5 0.22 0.87
0 6 0.28 0.19
0 7 0.29 0.51
0 8 0.5 0.12
0 9 0.88 0.61
0 11 0.68 0.76
0 13 0.47 0.57
0 14 0.94 0.91
0 15 0.33 0.21
1 2 0.17 0.19
1 3 0.24 0.42
1 4 0.67 0.56
1 5 0.32 0.48
1 11 0.76 0.72
1 12 0.45 0.6
1 14 0.68 0.63
1 15 0.71 0.33
2 3 0.23 0.01
2 4 0.68 0.74
2 6 0.44 0.94
2 7 0.03 0.83
2 13 0.99 0.25
2 14 0.35 0.73
3 4 0.39 0.06
3 5 0.38 0.11
3 6 0.33 0.66
3 8 0.05 0.35
3 9 0.59 0.43
3 15 0.21 0.35
4 5 0.9 0.66
4 6 0.38 0.79
4 7 0.01 0.09
4 10 0.09 0.66
4 12 0.98 0.42
5 7 0.44 0.17
5 8 0.05 0.97
5 9 0.84 0.85
5 10 0.53 0.96
5 11 0.68 0.2
5 12 0.28 0.19
5 13 0.99 0.67
6 9 0.78 0.63
6 10 0.38 0.61
6 11 0.04 0.89
6 13 0.97 0.33
6 14 0.82 0.8
7 8 0.99 0.97
7 12 0.7 0.45
8 10 0.99 0.43
13 15 0.71 0.6
