0 1 0.5 0.03
0 2 0.89 0.11
0 3 0.36 0.11
0 4 0.14 0.23
0 5 0.38 0.16
0 6 0.98 0.45
1 2 0.5 0.42
1 3 0.12 0.15
1 4 0.46 0.69
1 5 0.85 0.71
1 6 0.07 0.25
1 9 0.12 0.49
1 11 0.64 0.52
1 12 0.15 0.12
2 3 0.7 0.31
2 7 0.45 0.14
2 10 0.46 0.74
2 11 0.24 0.59
2 12 0.67 0.65
3 4 0.46 0.62
3 5 0.82 0.81
3 8 0.56 0.42
3 10 0.5 0.61
3 13 0.81 0.79
4 6 0.8 0.01
4 8 0.53 0.91
5 7 0.25 0.51
5 9 0.22 0.28
5 10 0.55 0.47
5 13 0.33 0.52
5 14 0.86 0.04
5 15 0.42 0.48
6 7 0.61 0.08
6 8 0.96 0.46
6 11 0.08 0.8
6 14 0.13 0.81
8 9 0.45 0.95
8 12 0.48 0.19
8 14 0.46 0.65
8 15 0.33 0.31
9 13 0.45 0.63
9 15 0.28 0.53
