0 1 0.15 0.55
0 2 0.08 0.56
0 3 0.67 0.22
0 4 0.61 0.26
0 5 0.14 0.13
0 7 0.13 0.64
0 8 0.43 0.33
0 10 0.79 0.41
0 12 0.82 0.42
0 14 0.17 0.55
1 2 0.7 0.37
1 3 0.92 0.17
1 4 0.36 0.91
1 5 0.92 0.09
1 6 0.42 0.39
1 10 0.63 0.95
2 3 0.27 0.31
2 4 0.75 0.79
2 5 0.73 0.03
2 6 0.35 0.21
2 7 0.01 0.26
2 8 0.93 0.89
2 9 0.37 0.01
2 10 0.31 0.73
2 11 0.65 0.39
2 13 0.75 0.17
2 14 0.46 0.7
2 15 0.93 0.11
3 4 0.9 0.23
3 5 0.53 0.06
3 6 0.09 0.64
3 7 0.85 0.51
3 8 0.74 0.63
3 9 0.29 0.36
3 11 0.81 0.98
3 12 0.84 0.49
4 9 0.92 0.58
4 15 0.42 0.82
5 6 0.33 0.6
5 11 0.61 0.48
5 13 0.22 0.14
6 7 0.97 0.93
6 8 0.76 0.15
6 9 0.4 0.77
6 14 0.46 0.6
7 12 0.14 1
8 10 0.71 0.55
8 13 0.38 0.98
9 11 0.31 0.29
9 13 0.37 0.63
9 15 0.17 0.4
10 14 0.77 0.51
10 15 0.89 0.66
11 12 0.37 0.7
