0 1 0.18 0.36
0 2 0.07 0.95
0 3 0.46 0.65
0 4 0.68 0.65
0 6 0.46 0.17
0 7 0.57 0.55
0 9 0.86 0.58
0 11 0.97 0.16
0 12 0.43 0.96
0 13 0.44 0.8
0 14 0.91 0.39
1 2 0.82 0.26
1 3 0.34 0.02
1 4 0.86 0.18
1 5 0.87 0.12
1 8 0.36 0.09
1 9 0.44 0.54
2 3 0.89 0.34
2 4 0.65 0.26
2 10 0.75 0.54
2 14 0.23 0.09
3 5 0.31 0.98
3 6 0.66 0.43
3 7 0.21 0.66
3 10 0.43 0.2
3 11 0.5 0.28
3 13 0.29 0.84
4 5 0.36 0.2
4 10 0.35 0.67
4 15 0.32 0.64
5 6 0.93 0.59
5 12 0.37 0.67
6 7 0.98 0.92
6 8 0.99 0.33
6 11 0.04 0.89
7 8 0.76 0.94
7 9 0.78 0.34
7 12 0.74 0.37
7 13 0.36 0.05
7 14 0.5 0.44
8 15 0.53 0.17
11 15 0.79 0.59
