0 1 0.84 0.73
0 2 0.62 0.84
0 3 0.93 0.19
0 4 0.97 0.4
0 5 0.57 0.17
0 8 0.74 0.23
0 9 0.08 0.78
0 10 0.92 0.69
0 12 0.07 0.64
0 13 0.34 0.82
0 15 0.04 0.63
1 2 0.4 0.69
1 3 0.86 0.06
1 4 0.77 0.07
1 5 0.01 0.67
1 6 0.95 0.53
1 7 0.81 0.07
1 10 0.38 0.23
1 12 0.29 0.07
2 3 0.63 0.8
2 4 0.47 0.98
2 5 0.93 0.07
2 6 0.35 0.01
2 7 0.53 0.72
2 8 0.59 0.6
2 13 0.76 0.82
2 14 0.45 0.23
3 4 0.48 0.26
3 11 0.53 1
3 13 0.35 0.84
3 14 0.44 0.11
3 15 0.05 0.26
4 5 0.15 0.17
4 6 0.61 0.69
4 7 0.24 0.08
4 9 0.64 0.48
4 11 0.89 0.97
5 6 0.49 0.1
5 7 0.52 0.55
5 9 0.77 0.97
6 8 0.13 0.07
6 10 0.35 0.57
6 13 0.6 0.52
7 8 0.65 0.85
7 9 0.01 0.24
7 10 0.94 0.29
7 14 0.46 0.66
8 11 0.42 0.32
8 12 0.2 0.16
9 11 0.31 0.59
10 15 0.36 0.56
11 12 0.37 0.44
11 15 0.97 0.03
13 14 0.11 0.35
