0 1 0.99 0.8
0 2 0.27 0.92
0 3 0.94 0.69
0 4 0.06 0.61
0 5 0.63 0.98
0 9 0.28 0.93
0 13 0.11 0.68
1 2 0.52 0.33
1 3 0.53 0.03
1 5 0.2 0.07
1 6 0.07 0.69
1 8 0.93 0.78
1 9 0.19 0.52
1 10 0.37 0.65
2 3 0.79 0.05
2 4 0.03 0.38
2 7 0.23 0.44
2 8 0.88 0.79
2 9 0.03 0.79
2 11 0.93 0.29
2 15 1 0.55
3 4 0.01 0.32
3 5 0.23 0.93
3 6 0.53 0.02
3 14 0.95 0.56
4 10 0.3 0.33
4 11 0.83 0.56
4 12 0.91 0.94
5 6 0.09 0.12
5 7 0.39 0.98
5 8 0.75 0.47
6 7 0.56 0.57
6 10 0.73 0.98
6 14 0.33 0.46
7 11 0.17 0.35
7 14 0.12 0.49
8 12 0.63 0.69
9 12 0.52 0.79
9 15 0.35 0.81
10 13 0.05 0.54
12 13 0.9 0.6
14 15 0.1 0.15
