0 1 0.55 0.04
0 2 0.89 0.73
0 3 0.05 0.85
0 4 0.51 0.22
0 5 0.79 0.04
0 6 0.24 0.06
0 8 0.48 0.51
0 10 0.79 0.69
0 12 0.69 0.94
0 15 0.89 0.96
1 2 0.3 0.54
1 3 0.13 0.87
1 4 0.6 0.76
1 6 0.73 0.25
1 7 0.03 0.45
1 9 0.97 0.64
2 3 0.68 0.86
2 5 0.04 0.28
3 4 0.55 0.8
3 5 0.09 0.17
3 6 0.04 0.83
3 7 0.36 0.46
3 8 0.76 0.37
3 10 0.45 0.98
3 11 0.64 0.7
3 12 0.31 0.93
4 10 0.98 0.51
4 11 0.54 0.34
4 13 0.13 0.16
4 15 0.85 0.08
5 9 0.65 0.12
5 13 0.78 0.78
5 14 0.22 0.78
6 7 0.13 0.09
6 12 1 0.74
6 13 0.74 0.11
6 14 0.05 0.22
6 15 0.62 0.77
7 8 0.37 0.77
7 9 0.3 0.45
10 11 0.54 0.25
11 14 0.45 0.93
