0 1 0.61 0.78
0 2 0.88 0.34
0 3 0.02 0.54
0 4 0.07 0.08
0 6 0.46 1
0 9 0.77 0.52
0 10 0.57 0.56
0 11 0.43 0.25
0 13 0.79 0.54
1 2 1 0.05
1 3 0.79 0.66
1 4 0.67 0.11
1 5 0.83 0.62
1 12 0.51 0.44
2 3 0.19 0.48
2 4 0.74 0.89
2 6 0.35 0.52
2 7 0.42 0.44
2 8 0.07 0.02
2 9 0.43 0.8
2 10 0.76 0.99
2 11 0.2 0.49
2 13 0.22 0.24
3 5 0.02 0.46
3 8 0.5 0.57
3 15 0.06 0.46
4 5 0.64 0.01
5 6 0.89 0.67
5 7 0.37 0.48
5 8 0.94 0.45
5 9 0.64 0.2
5 11 0.36 0.32
5 15 0.03 0.22
6 7 0.86 0.92
6 10 0.22 0.33
6 12 0.9 0.97
6 13 0.83 0.31
8 12 0.14 0.65
8 14 0.43 0.66
11 15 0.22 0.78
12 14 0.13 0.9
13 14 0.52 0.28
