0 1 0.18 0.72
0 2 0.37 0.83
0 3 0.25 0.21
0 4 0.33 1
0 7 0.7 0.38
0 11 0.11 0.45
0 14 0.28 0.36
1 2 0.19 0.83
1 3 0.54 0.04
1 5 0.55 0.33
1 6 0.92 0.75
1 9 0.45 0.91
2 3 0.29 0.11
2 4 0.44 0.82
2 5 0.4 0.12
2 8 0.68 0.8
2 10 0.9 0.41
2 15 0.43 0.91
3 4 0.02 0.99
3 5 0.02 0.85
3 6 0.23 0.77
3 9 0.42 0.47
3 12 0.9 0.34
3 13 0.85 0.73
3 14 0.92 0.73
4 6 0.17 1
4 8 0.08 0.83
4 11 0.83 0.6
5 7 0.79 0.53
5 10 0.65 0.69
6 7 0.36 0.39
6 8 0.21 0.57
6 11 0.74 0.93
6 12 0.78 0.99
6 14 0.75 0.23
7 9 0.43 0.04
7 12 0.97 0.64
7 13 0.86 0.17
7 15 0.96 0.27
8 15 0.05 0.64
9 10 0.27 0.16
12 13 0.35 0.58
