0 1 0.59 0.44
0 2 0.8 0.02
0 3 0.98 0.88
0 4 0.21 0.07
0 5 0.56 0.1
0 9 0.91 0.89
0 13 0.53 0.16
1 2 0.71 0.63
1 3 0.68 0.7
1 5 0.55 0.74
1 6 0.63 0.41
1 8 0.74 0.63
1 9 0.81 0.89
1 10 0.12 0.12
2 3 0.09 0.02
2 4 0.3 0.68
2 7 0.63 1
2 8 0.51 0.04
2 9 0.48 0.36
2 11 0.74 0.28
2 15 0.54 0.41
3 4 0.02 0.64
3 5 0.34 0.48
3 6 0.64 0.66
3 14 0.26 0.56
4 10 0.94 0.31
4 11 0.06 0.83
4 12 0.6 0.21
5 6 0.07 0.47
5 7 0.04 0.6
5 8 0.74 0.97
6 7 0.6 0.94
6 10 0.84 0.61
6 14 0.34 0.48
7 11 0.84 0.01
7 14 0.07 0.21
8 12 0.06 0.44
9 12 0.12 0.34
9 15 0.33 0.46
10 13 0.67 0.16
12 13 0.81 0.94
14 15 0.93 0.71
