0 1 0.38 0.59
0 2 0.39 0.43
0 3 0.69 0.83
0 4 0.8 0.39
0 5 0.42 0.68
0 6 0.85 0.28
0 7 0.52 0.54
0 11 0.71 0.61
1 2 0.95 0.04
1 3 0.76 0.44
1 4 0.7 0.9
1 5 0.79 0.29
1 6 0.77 0.92
1 7 0.38 0.15
1 8 0.17 0.57
1 9 0.14 0.09
1 11 0.67 0.22
1 12 0.19 0.95
2 3 0.36 0.4
2 4 0.75 0.71
2 5 0.33 0.2
2 6 0.3 0.39
2 7 0.33 0.87
2 9 0.22 0.31
2 10 0.05 0.61
2 15 0.14 0.13
3 4 0.35 0.29
3 5 0.42 0.05
3 6 0.85 0.88
3 8 0.82 0.29
3 10 0.46 0.85
3 11 0.59 0.78
3 12 0.16 0.81
3 14 0.4 0.45
4 12 0.44 0.08
5 7 0.3 0.85
5 8 0.43 0.62
5 9 0.71 0.97
5 10 0.29 0.94
6 12 0.5 0.8
6 14 0.18 0.01
7 8 0.01 0.84
7 9 0.74 0.9
7 10 0.63 0.68
7 11 0.2 0.88
7 15 0.93 0.67
8 13 0.1 0.61
8 14 0.92 0.37
8 15 0.91 0.59
10 13 0.56 0.58
11 13 0.3 0.51
11 15 0.4 0.26
12 13 0.76 0.77
13 14 0.16 0.02
