0 1 0.26 0.87
0 2 0.37 0.64
0 3 0.57 0.19
0 4 0.88 0.11
0 6 0.39 0.78
0 7 0.49 0.35
0 9 0.15 0.83
0 11 0.11 0.43
0 12 0.75 0.52
0 13 0.39 0.8
0 14 0.61 0.8
1 2 0.29 0.41
1 3 0.57 0.85
1 4 0.3 0.53
1 5 0.4 0.14
1 8 0.36 0.62
1 9 0.48 0.64
2 3 0.51 0.84
2 4 0.08 0.32
2 10 0.4 0.04
2 14 0.26 0.11
3 5 0.45 0.91
3 6 0.04 0.24
3 7 0.69 0.75
3 10 0.99 0.37
3 11 0.39 0.59
3 13 0.84 0.13
4 5 0.49 0.87
4 10 0.33 0.42
4 15 0.95 0.51
5 6 0.54 0.91
5 12 0.58 0.46
6 7 0.34 0.77
6 8 0.2 0.97
6 11 0.85 0.11
7 8 0.77 0.32
7 9 0.5 0.92
7 12 0.9 0.24
7 13 0.53 0.84
7 14 0.6 0.18
8 15 0.82 0.35
11 15 0.54 0.76
