0 1 0.33 0.28
0 2 0.11 0.06
0 3 0.88 0.38
0 4 0.98 0.81
0 5 0.27 0.08
0 6 0.13 0.02
0 7 0.88 0.98
0 9 0.52 0.16
0 10 0.07 0.85
0 11 0.86 0.99
0 12 0.64 1
0 13 0.73 0.1
1 2 0.69 0.8
1 3 0.22 0.72
1 4 0.12 0.37
1 6 0.47 0.35
1 7 0.79 0.86
1 8 0.9 0.01
1 12 0.09 0.89
1 13 0.18 0.47
2 3 0.07 0.99
2 4 0.31 0.9
2 5 0.21 0.03
2 6 0.79 0.89
2 7 0.25 0.39
2 8 0.17 0.89
2 9 0.64 0.88
2 10 0.48 0.35
2 13 0.2 0.62
2 14 0.1 0.99
3 4 0.6 0.48
3 5 0.32 0.28
3 10 0.99 0.05
3 11 0.18 0.54
3 12 0.68 0.6
3 14 0.37 0.03
3 15 0.59 0.99
4 5 0.81 0.47
4 6 0.08 0.5
4 7 0.16 0.65
4 9 0.85 1
4 12 0.42 0.55
4 14 0.14 0.94
4 15 0.4 0.43
5 8 0.17 0.47
5 9 0.71 0.71
5 13 0.84 0.2
6 8 0.18 0.23
6 15 0.95 0.77
7 11 0.81 0.85
7 14 0.32 0.74
9 10 0.1 0.39
9 15 0.58 0.9
10 11 1 0.69
