0 1 0.79 0.48
0 2 0.06 0.69
0 3 0.08 0.33
0 4 0.65 1
0 5 0.1 0.47
0 6 0.85 0.91
0 7 0.71 0.59
0 8 0.94 0.03
0 10 0.66 0.15
0 12 0.66 0.07
0 14 0.62 0.22
1 2 0.31 0.66
1 3 0.8 0.39
1 4 0.93 0.35
1 10 0.51 0.56
1 11 0.65 0.7
2 3 0.86 0.68
2 4 0.9 0.21
2 5 0.81 0.67
2 6 0.94 0.61
2 7 0.01 0.61
2 8 0.42 0.72
2 10 0.81 0.13
2 11 0.08 0.74
2 13 0.79 0.81
2 14 0.32 0.48
3 4 0.92 0.69
3 5 0.69 0.47
3 6 0.41 1
3 7 0.39 0.4
3 9 0.72 0.39
3 13 0.42 0.35
3 15 0.39 0.07
4 5 0.9 0.05
4 6 0.53 0.4
4 8 0.94 0.95
4 9 0.55 0.02
4 10 0.88 0.93
4 14 0.12 0.1
5 7 0.33 0.41
6 9 0.49 0.23
6 11 0.21 0.67
7 8 0.13 0.61
7 9 0.17 0.49
8 11 0.79 0.04
8 12 0.74 0.92
8 13 0.06 0.55
8 15 0.72 0.12
9 12 0.03 0.11
9 15 0.23 0.24
10 13 0.58 0.08
11 12 0.56 0.07
12 15 0.22 1
13 14 0.43 0.94
