0 1 0.34 0.91
0 2 0.22 0.43
0 3 0.11 0.25
0 4 0.94 0.34
0 5 0.57 0.4
0 6 0.62 0.08
0 7 0.73 0.63
0 11 0.6 0.39
1 2 0.7 0.46
1 3 0.59 0.38
1 4 0.55 0.03
1 5 0.36 0.77
1 6 0.42 0.45
1 7 0.55 0.12
1 8 0.93 0.91
1 9 0.53 0.58
1 11 1 0.47
1 12 0.89 0.15
2 3 0.93 0.53
2 4 0.67 0.38
2 5 0.25 0.17
2 6 0.7 0.91
2 7 0.11 0.18
2 9 0.35 0.87
2 10 0.68 0.71
2 15 0.27 0.43
3 4 0.42 0.93
3 5 0.35 0.09
3 6 0.25 0.02
3 8 0.95 0.86
3 10 0.57 0.41
3 11 0.61 0.36
3 12 0.28 0.88
3 14 0.9 0.39
4 12 0.68 0.7
5 7 0.68 0.47
5 8 0.89 0.98
5 9 0.95 0.71
5 10 0.74 0.54
6 12 0.29 0.06
6 14 0.69 0.79
7 8 0.15 0.79
7 9 0.18 0.17
7 10 0.3 0.69
7 11 0.61 0.74
7 15 0.73 0.3
8 13 0.2 0.17
8 14 0.22 0.45
8 15 0.84 0.13
10 13 0.14 0.81
11 13 0.07 0.88
11 15 0.26 0.94
12 13 0.53 0.45
13 14 0.47 0.69
