0 1 0.63 0.62
0 2 0.49 0.51
0 3 0.32 0.86
0 4 0.71 0.49
0 7 0.18 0.32
0 12 0.9 0.53
1 2 0.2 0.55
1 3 0.9 0.76
1 5 0.72 0.96
1 6 0.73 0.88
1 7 0.24 0.09
1 8 0.7 0.51
1 9 0.48 0.17
1 13 0.42 0.03
1 14 0.22 0.87
2 3 0.79 0.78
2 4 0.58 0.21
2 5 0.31 0.04
2 6 0.77 0.34
2 10 0.13 0.83
3 4 0.37 0.23
3 8 0.68 0.77
3 12 0.37 0.62
4 5 0.2 0.9
4 10 0.14 0.19
5 6 0.03 0.79
6 7 0.87 0.38
6 14 0.76 0.48
7 8 0.8 0.65
7 9 0.45 0.36
7 11 0.39 0.72
7 15 0.86 0.17
8 9 0.68 0.6
8 10 0.05 0.67
8 11 0.41 0.03
9 11 0.75 0.02
9 12 0.26 0.99
10 13 0.64 0.99
12 13 0.4 0.59
12 15 0.11 0.77
13 14 0.33 0.69
13 15 0.43 0.9
