0 1 0.71 0.94
0 2 0.77 0.59
0 3 0.47 0.76
0 4 0.25 0.53
0 6 0.82 0.83
0 9 0.42 0.95
0 10 0.62 0.18
0 11 0.61 0.3
0 13 0.9 0.07
1 2 0.6 0.14
1 3 0.83 0.76
1 4 0.7 0.4
1 5 0.38 0.23
1 12 0.82 0.41
2 3 0.85 0.31
2 4 0.77 0.33
2 6 0.89 0.7
2 7 0.48 0.86
2 8 0.54 0.79
2 9 0.96 0.56
2 10 0.99 0.37
2 11 0.07 0.67
2 13 0.23 0.36
3 5 0.38 0.5
3 8 0.97 0.89
3 15 0.42 0.88
4 5 0.82 0.3
5 6 0.51 0.34
5 7 0.08 0.87
5 8 0.78 0.24
5 9 0.86 0.27
5 11 0.52 1
5 15 0.38 0.37
6 7 0.44 0.54
6 10 0.95 0.86
6 12 0.85 0.01
6 13 1 0.88
8 12 0.15 0.01
8 14 0.32 0.71
11 15 0.13 0.27
12 14 0.13 0.76
13 14 0.28 0.14
