0 1 0.02 0.83
0 2 0.38 0.23
0 3 0.47 0.95
0 4 0.28 0.74
0 7 0.94 0.54
1 2 0.97 0.06
1 3 0.89 0.24
1 4 0.09 0.01
1 5 0.37 0.72
1 6 0.98 0.74
1 10 0.18 0.29
1 12 0.86 0.13
2 3 0.59 0.03
2 4 0.32 0.38
2 7 0.91 0.51
2 9 0.9 0.74
2 10 0.59 0.19
2 11 0.53 0.35
2 12 0.69 0.85
3 5 0.13 0.61
3 6 0.48 0.65
3 8 0.12 0.06
3 11 0.2 0.28
3 12 0.66 0.66
3 15 0.78 0.54
4 5 0.08 0.07
4 6 0.14 0.48
4 8 0.64 0.72
4 11 0.57 0.7
4 14 0.94 0.03
5 14 0.93 0.89
6 7 0.99 0.78
6 8 0.32 0.78
6 9 0.2 0.83
6 10 0.42 0.43
6 13 0.53 0.51
6 15 0.97 0.23
7 9 0.62 0.29
7 14 0.34 0.14
11 13 0.02 0.77
12 13 0.35 0.8
12 15 1 0.01
