0 1 0.51 0.12
0 2 0.17 0.39
0 3 0.52 0.94
0 4 0.53 0.41
0 5 0.76 0.03
0 6 1 0.66
0 8 0.3 0.19
0 10 0.1 0.05
0 12 0.24 0.56
0 15 0.12 0.86
1 2 0.02 0.02
1 3 0.77 0.33
1 4 0.23 0.26
1 6 0.57 0.51
1 7 0.92 0.06
1 9 0.36 0.77
2 3 0.94 0.13
2 5 0.61 0.33
3 4 0.58 0.8
3 5 0.97 0.79
3 6 0.99 0.98
3 7 0.14 0.76
3 8 1 0.27
3 10 0.83 0.45
3 11 0.89 0.01
3 12 0.75 0.93
4 10 0.52 0.91
4 11 0.6 0.48
4 13 0.9 0.37
4 15 0.77 0.41
5 9 0.67 0.31
5 13 0.8 0.8
5 14 0.44 0.31
6 7 0.28 0.64
6 12 0.85 0.74
6 13 0.03 0.5
6 14 0.18 0.49
6 15 0.25 0.24
7 8 0.8 0.26
7 9 0.64 1
10 11 0.59 0.14
11 14 0.23 0.41
