0 1 0.76 0.22
0 2 0.66 0.57
0 3 0.02 0.45
0 4 0.04 0.77
0 5 0.25 0.49
0 6 0.65 0.61
0 8 0.02 0.21
0 10 0.63 0.36
0 12 0.17 0.52
0 15 0.15 0.83
1 2 0.11 0.09
1 3 0.47 0.13
1 4 0.26 0.87
1 6 0.43 0.78
1 7 0.04 0.98
1 9 0.84 0.43
2 3 0.89 0.62
2 5 0.93 0.29
3 4 0.98 0.94
3 5 0.21 0.8
3 6 0.26 0.07
3 7 0.02 0.35
3 8 0.89 0.78
3 10 0.24 0.53
3 11 0.66 0.9
3 12 0.3 0.93
4 10 0.71 0.01
4 11 0.74 0.56
4 13 0.2 0.11
4 15 0.95 0.68
5 9 0.24 0.34
5 13 0.14 0.8
5 14 0.71 0.07
6 7 0.64 0.89
6 12 0.32 0.66
6 13 0.22 0.29
6 14 0.42 0.35
6 15 0.97 0.36
7 8 0.62 0.03
7 9 0.2 0.27
10 11 0.01 0.63
11 14 0.77 0.67
