0 1 0.12 0.96
0 2 0.77 0.94
0 3 0.89 0.74
0 4 0.68 0.92
0 5 0.87 0.09
0 6 0.36 0.66
0 8 0.37 0.83
0 10 0.3 0.44
0 12 0.61 0.85
0 15 0.76 0.07
1 2 0.17 0.06
1 3 0.58 0.11
1 4 0.81 0.43
1 6 0.8 0.71
1 7 0.31 0.85
1 9 0.65 0.44
2 3 0.57 0.96
2 5 0.85 0.09
3 4 0.65 0.34
3 5 0.03 0.19
3 6 0.32 0.65
3 7 0.09 0.19
3 8 0.39 0.32
3 10 0.26 0.44
3 11 0.8 0.07
3 12 0.19 0.07
4 10 0.64 0.69
4 11 0.63 0.56
4 13 0.17 0.81
4 15 0.99 0.33
5 9 0.86 0.19
5 13 0.19 0.29
5 14 0.16 0.82
6 7 0.02 0.99
6 12 0.23 0.46
6 13 0.5 0.77
6 14 0.66 0.15
6 15 0.32 0.21
7 8 0.34 0.33
7 9 0.33 0.77
10 11 0.9 0.88
11 14 0.74 0.29
