0 1 0.17 0.19
0 2 0.21 0.86
0 3 0.42 0.92
0 4 0.68 0.32
0 5 0.35 0.48
0 7 0.74 0.01
0 8 0.61 0.34
0 10 0.87 0.22
0 12 0.34 0.62
0 14 0.37 0.57
1 2 0.44 0.43
1 3 0.06 0.21
1 4 0.61 0.29
1 5 0.54 0.89
1 6 0.12 0.54
1 10 0.08 0.09
2 3 0.92 0.09
2 4 0.58 0.2
2 5 0.92 0.17
2 6 1 0.17
2 7 0.21 1
2 8 0.96 0.67
2 9 0.23 0.96
2 10 0.56 0.4
2 11 0.92 0.29
2 13 0.79 0.46
2 14 0.96 0.21
2 15 0.37 0.05
3 4 1 0.6
3 5 0.61 0.72
3 6 0.89 0.68
3 7 0.68 0.4
3 8 0.26 0.99
3 9 0.96 0.31
3 11 0.94 0.58
3 12 0.32 0.6
4 9 0.63 0.38
4 15 0.26 0.98
5 6 0.77 0.03
5 11 0.27 0.21
5 13 0.43 0.18
6 7 0.6 0.02
6 8 0.35 0.07
6 9 0.54 0.89
6 14 0.22 0.58
7 12 0.92 0.2
8 10 0.18 0.05
8 13 0.62 0.88
9 11 0.05 0.04
9 13 0.45 0.68
9 15 0.24 0.47
10 14 0.95 0.65
10 15 0.82 0.68
11 12 0.72 0.41
