0 1 0.07 0.4
0 2 0.92 0.9
0 3 0.1 0.43
0 4 0.09 0.52
0 5 0.96 0.66
0 6 0.37 0.87
0 8 0.25 0.29
0 10 0.83 0.62
0 12 0.17 0.19
0 15 0.78 0.49
1 2 0.82 0.22
1 3 0.15 0.9
1 4 0.75 0.27
1 6 0.36 0.71
1 7 0.84 0.27
1 9 0.91 0.01
2 3 0.87 0.38
2 5 1 0.47
3 4 0.42 0.57
3 5 0.98 0.03
3 6 0.46 0.78
3 7 0.2 0.38
3 8 0.9 0.47
3 10 0.68 0.31
3 11 0.53 0.65
3 12 0.55 0.38
4 10 0.82 0.68
4 11 0.04 0.82
4 13 0.39 0.32
4 15 0.19 0.89
5 9 0.39 0.35
5 13 0.41 0.21
5 14 0.54 0.35
6 7 0.78 0.44
6 12 0.17 0.1
6 13 0.77 0.19
6 14 0.45 0.33
6 15 0.02 0.38
7 8 0.69 0.84
7 9 0.34 0.74
10 11 0.15 0.36
11 14 0.83 0.21
