0 1 0.93 0.78
0 2 0.57 0.49
0 3 0.3 0.05
0 4 0.26 0.64
0 6 0.53 0.8
0 7 0.24 0.66
0 9 0.45 0.42
0 11 0.51 0.47
0 12 0.95 0.02
0 13 0.82 0.89
0 14 0.37 0.32
1 2 0.76 0.48
1 3 0.81 0.31
1 4 0.56 0.91
1 5 0.35 0.07
1 8 1 0.23
1 9 0.35 0.81
2 3 0.24 0.85
2 4 0.47 0.16
2 10 0.48 0.33
2 14 0.52 0.12
3 5 0.82 0.98
3 6 0.31 0.08
3 7 0.32 0.33
3 10 0.32 0.93
3 11 0.55 0.01
3 13 0.71 0.91
4 5 0.83 0.23
4 10 0.39 0.18
4 15 0.05 0.95
5 6 0.25 0.82
5 12 0.98 0.63
6 7 0.22 0.27
6 8 0.73 0.1
6 11 0.77 0.56
7 8 1 0.2
7 9 0.29 0.52
7 12 0.2 0.3
7 13 0.26 0.83
7 14 0.14 0.12
8 15 0.81 0.12
11 15 0.31 0.16
