0 1 0.72 0.76
0 2 0.1 0.86
0 3 0.96 0.59
0 4 0.95 0.9
0 5 0.18 0.03
0 6 0.19 0.11
0 8 0.41 0.02
0 10 0.1 0.33
0 12 0.4 0.85
0 15 0.2 0.42
1 2 0.06 0.32
1 3 0.92 0.51
1 4 0.84 0.01
1 6 0.7 0.39
1 7 0.74 0.42
1 9 0.3 0.48
2 3 0.72 0.68
2 5 0.43 0.31
3 4 0.34 0.31
3 5 0.44 0.47
3 6 0.12 1
3 7 0.92 0.85
3 8 0.7 0.74
3 10 0.87 0.77
3 11 0.44 0.16
3 12 0.19 0.97
4 10 0.39 0.19
4 11 0.07 0.52
4 13 0.64 0.1
4 15 0.15 0.41
5 9 0.05 0.63
5 13 0.2 0.33
5 14 0.89 0.76
6 7 0.05 0.48
6 12 0.5 0.65
6 13 0.34 0.32
6 14 0.6 0.14
6 15 0.18 0.82
7 8 0.59 0.86
7 9 0.41 0.32
10 11 0.7 0.86
11 14 0.68 0.06
