0 1 0.06 0.71
0 2 0.64 0.27
0 3 0.07 0.58
0 4 0.42 1
0 5 0.44 0.45
0 6 0.01 0.72
0 7 0.09 0.02
0 8 0.45 0.67
0 9 0.96 0.51
0 11 0.43 0.11
0 13 0.08 0.72
0 15 0.91 0.57
1 2 0.12 0.63
1 3 0.83 0.39
1 4 0.2 0.14
1 5 0.23 0.49
1 6 0.46 0.77
1 10 0.42 0.84
1 14 0.71 0.15
1 15 0.63 0.46
2 3 0.21 0.77
2 4 0.14 0.34
2 5 0.64 0.22
2 7 0.34 0.28
2 8 0.09 0.46
2 9 0.87 0.56
2 11 0.3 0.84
2 12 0.54 0.47
2 15 0.15 0.42
3 4 0.38 0.52
3 5 0.12 0.95
3 6 0.8 0.23
3 9 0.32 0.34
3 13 0.3 0.25
4 5 0.28 0.58
4 6 0.29 0.84
4 7 0.38 0.95
4 8 0.42 0.44
4 9 0.71 0.46
4 10 0.76 0.41
4 11 0.37 0.95
4 12 0.97 0.29
4 15 0.08 0.47
5 6 0.84 0.67
5 7 0.73 0.01
5 8 0.01 0.83
5 12 0.49 0.42
5 14 0.83 0.84
6 7 0.79 0.67
6 10 0.97 0.25
6 11 0.22 0.7
6 12 0.28 0.64
6 13 0.41 0.18
7 8 0.34 0.74
7 9 0.23 0.34
7 10 0.69 0.64
7 11 0.67 0.42
7 14 0.18 0.63
8 10 0.89 0.02
10 14 0.2 0.45
10 15 0.55 0.61
11 12 0.03 0.66
11 13 0.46 0.82
11 14 0.09 0.6
12 13 0.55 0.39
