0 1 0.77 0.5
0 2 0.63 0.72
0 3 0.2 0.02
0 4 0.85 0.81
0 5 0.89 0.45
0 8 0.7 0.36
0 9 0.98 0.45
0 10 0.66 0.57
0 12 0.46 0.7
0 13 0.11 0.76
0 15 0.01 0.36
1 2 0.09 0.85
1 3 0.38 0.23
1 4 0.36 0.91
1 5 0.8 0.87
1 6 0.9 0.36
1 7 0.94 0.14
1 10 0.41 0.25
1 12 0.12 0.8
2 3 0.3 0.13
2 4 0.94 0.31
2 5 0.62 0.37
2 6 0.4 0.73
2 7 0.42 0.91
2 8 0.34 0.43
2 13 0.39 0.73
2 14 0.31 0.89
3 4 0.83 0.86
3 11 0.06 0.18
3 13 0.39 0.52
3 14 0.43 0.64
3 15 0.21 0.47
4 5 0.91 0.49
4 6 0.52 0.23
4 7 0.6 0.85
4 9 0.35 0.56
4 11 0.74 0.27
5 6 0.81 0.81
5 7 0.94 0.52
5 9 0.01 0.02
6 8 0.81 0.3
6 10 0.17 0.43
6 13 0.6 0.81
7 8 0.98 0.58
7 9 0.56 0.31
7 10 0.77 0.45
7 14 0.57 0.95
8 11 0.07 0.03
8 12 0.34 0.88
9 11 0.72 0.13
10 15 0.29 0.04
11 12 0.28 0.48
11 15 0.77 0.39
13 14 0.69 0.34
