0 1 0.03 0.97
0 2 0.84 0.8
0 3 0.66 0.15
0 4 0.38 0.45
0 5 0.47 0.69
0 8 0.91 0.29
0 9 0.42 0.94
0 10 0.86 0.03
0 12 0.19 0.61
0 13 0.81 0.8
0 15 0.37 0.31
1 2 0.45 0.09
1 3 0.02 0.17
1 4 0.02 0.91
1 5 0.03 0.15
1 6 0.85 0.85
1 7 0.4 0.8
1 10 0.23 0.65
1 12 0.4 0.32
2 3 0.11 0.46
2 4 0.25 0.24
2 5 0.58 0.81
2 6 0.15 0.04
2 7 0.02 0.78
2 8 0.19 0.27
2 13 0.72 0.97
2 14 0.52 0.53
3 4 0.1 0.19
3 11 0.95 0.6
3 13 0.89 0.4
3 14 0.26 0.06
3 15 0.17 0.2
4 5 0.56 1
4 6 0.66 0.08
4 7 0.48 0.5
4 9 0.78 0.3
4 11 0.57 0.55
5 6 0.15 0.31
5 7 0.54 0.6
5 9 0.84 0.83
6 8 0.93 0.58
6 10 0.46 0.28
6 13 0.33 0.49
7 8 0.02 0.92
7 9 0.19 0.35
7 10 0.61 0.26
7 14 0.31 0.16
8 11 0.9 0.23
8 12 0.67 0.78
9 11 0.04 0.76
10 15 0.56 0.62
11 12 0.93 0.17
11 15 0.03 0.03
13 14 0.43 0.67
