0 1 0.23 0.76
0 2 0.68 0.36
0 3 0.11 0.74
0 4 0.1 0.46
0 7 0.98 0.61
0 11 0.07 0.14
0 14 0.79 0.52
1 2 0.52 0.39
1 3 0.77 0.45
1 5 0.58 0.75
1 6 0.3 0.99
1 9 0.76 0.55
2 3 0.61 0.22
2 4 0.92 0.81
2 5 0.05 0.55
2 8 0.09 0.14
2 10 0.77 0.1
2 15 0.49 0.48
3 4 0.07 0.23
3 5 0.1 0.56
3 6 0.85 0.47
3 9 0.35 0.68
3 12 0.68 0.95
3 13 0.74 0.6
3 14 0.39 0.91
4 6 0.93 0.43
4 8 0.58 0.87
4 11 0.06 0.5
5 7 0.43 0.8
5 10 0.35 0.24
6 7 0.65 0.05
6 8 0.23 0.04
6 11 0.14 0.81
6 12 0.38 0.41
6 14 0.06 0.81
7 9 0.48 0.81
7 12 0.88 0.67
7 13 0.64 0.36
7 15 0.99 0.87
8 15 0.18 0.31
9 10 0.04 0.81
12 13 0.21 0.48
