0 1 0.87 0.22
0 2 0.72 0.35
0 3 0.95 0.53
0 4 0.44 0.35
0 9 0.48 0.24
0 14 0.86 0.62
1 2 0.44 0.77
1 3 0.97 0.87
1 4 0.32 0.99
1 5 0.61 0.54
1 6 0.04 0.04
1 7 0.88 0.98
1 8 0.79 0.84
1 11 0.35 0.17
1 13 0.06 1
1 14 0.69 0.96
2 3 0.95 0.13
2 6 0.23 0.55
2 8 0.76 0.55
2 12 0.67 0.65
3 4 0.42 0.23
3 5 0.23 0.57
3 6 0.22 0.59
3 9 0.11 0.85
3 10 0.77 0.4
3 12 0.31 0.47
4 5 0.56 0.79
4 8 0.37 0.46
4 9 0.88 0.91
4 10 0.11 0.55
4 13 0.08 0.9
4 14 0.89 0.5
5 7 0.36 0.04
5 15 0.29 0.48
6 7 0.69 0.92
6 10 0.72 0.18
6 11 0.96 1
6 12 0.49 0.59
6 15 0.18 0.22
7 15 0.56 0.04
9 13 0.16 0.47
10 11 0.08 0.45
