0 1 0.23 0.23
0 2 0.6 0.31
0 3 0.49 0.03
0 4 0.79 0.71
0 6 0.17 0.82
0 8 0.27 0.69
0 10 0.12 0.81
0 11 0.76 0.25
0 12 0.05 0.91
0 14 0.06 0.86
0 15 0.62 0.9
1 2 0.12 0.56
1 3 0.05 0.39
1 4 0.63 0.47
1 5 0.28 0.57
1 6 0.05 0.08
1 9 0.32 0.51
1 14 0.16 0.89
2 3 0.65 0.19
2 4 1 0.55
2 5 0.64 0.74
2 6 0.61 0.43
2 7 0.3 0.15
2 8 0.07 0.19
2 10 0.19 0.82
2 14 0.44 0.26
3 4 0.68 0.69
3 5 0.28 0.94
3 6 0.6 0.41
3 7 0.56 0.06
3 8 0.52 0.12
3 9 0.19 0.89
3 10 0.91 0.77
4 5 0.45 0.04
4 7 0.94 0.4
4 10 0.57 0.68
4 12 0.74 0.44
4 13 0.17 0.26
5 11 0.6 0.52
5 13 0.67 0.56
6 7 0.5 0.65
6 8 0.99 0.62
6 9 0.61 0.92
7 9 0.04 0.65
7 13 0.93 0.55
7 14 0.21 0.81
7 15 0.64 0.43
8 11 0.54 0.08
8 12 0.82 0.28
8 13 0.54 0.73
9 11 0.22 0.48
10 12 0.09 0.66
11 15 1 0.56
13 15 0.05 0.14
