0 1 0.71 0.16
0 2 0.63 0.21
0 3 0.84 0.03
0 4 0.92 0.84
0 5 0.13 0.71
0 6 0.69 0.5
0 8 0.58 0.34
0 10 0.54 1
0 12 0.08 0.88
0 15 0.62 0.63
1 2 0.61 0.99
1 3 0.47 0.28
1 4 0.12 0.85
1 6 0.34 0.24
1 7 0.06 0.17
1 9 0.92 0.49
2 3 0.47 0.83
2 5 0.55 0.16
3 4 0.14 0.07
3 5 0.05 0.37
3 6 0.5 0.63
3 7 0.61 0.71
3 8 0.76 0.44
3 10 0.93 0.05
3 11 0.12 0.12
3 12 0.02 0.5
4 10 0.9 0.61
4 11 0.57 0.2
4 13 0.96 0.33
4 15 0.94 0.82
5 9 0.02 0.67
5 13 0.95 0.33
5 14 0.89 0.35
6 7 0.73 0.92
6 12 0.35 0.53
6 13 0.62 0.78
6 14 0.84 0.41
6 15 0.16 0.41
7 8 0.46 1
7 9 0.98 0.75
10 11 0.51 0.66
11 14 0.28 0.28
