0 1 0.96 0.68
0 2 0.21 0.35
0 3 0.83 0.18
0 4 0.16 0.7
0 5 0.23 0.86
0 6 0.17 0.15
0 7 0.93 0.79
0 8 0.61 0.68
0 10 0.7 0.52
0 12 0.3 0.05
0 14 0.06 0.72
1 2 0.95 0.5
1 3 0.54 0.77
1 4 0.32 0.06
1 10 0.37 0.75
1 11 0.82 0.53
2 3 0.08 0.63
2 4 0.81 0.7
2 5 0.8 0.83
2 6 0.03 0.74
2 7 0.94 0.76
2 8 0.49 0.74
2 10 0.96 0.81
2 11 0.29 0.09
2 13 0.43 0.74
2 14 0.14 0.67
3 4 0.69 0.54
3 5 0.08 0.76
3 6 0.01 0.14
3 7 0.28 0.75
3 9 0.58 0.3
3 13 0.02 0.47
3 15 0.21 0.41
4 5 0.4 0.07
4 6 0.38 0.49
4 8 0.58 0.02
4 9 0.99 0.19
4 10 0.61 0.46
4 14 0.04 0.17
5 7 0.28 0.08
6 9 0.39 0.37
6 11 0.6 0.33
7 8 0.39 0.39
7 9 0.89 0.42
8 11 0.33 0.05
8 12 0.32 0.27
8 13 0.96 0.39
8 15 0.69 0.13
9 12 0.38 0.54
9 15 0.97 0.38
10 13 0.46 0.77
11 12 0.58 0.49
12 15 0.65 0.99
13 14 0.04 0.37
