0 1 0.97 0.77
0 2 0.56 0.93
0 3 0.33 0.29
0 4 0.1 0.46
0 6 0.53 0.27
0 7 0.32 0.28
0 9 0.83 0.31
0 11 0.85 0.34
0 12 0.14 0.66
0 13 0.02 0.81
0 14 0.92 0.41
1 2 0.93 0.11
1 3 0.68 0.7
1 4 0.37 0.99
1 5 0.87 0.9
1 8 0.13 0.9
1 9 0.21 0.36
2 3 0.25 0.35
2 4 0.38 0.11
2 10 0.65 0.49
2 14 0.43 0.85
3 5 0.84 0.37
3 6 0.59 0.62
3 7 0.09 0.79
3 10 0.13 0.08
3 11 0.35 0.72
3 13 0.73 0.31
4 5 0.3 0.08
4 10 0.68 0.31
4 15 0.46 0.38
5 6 0.35 0.32
5 12 0.34 0.86
6 7 0.46 0.5
6 8 0.41 0.06
6 11 0.71 0.28
7 8 0.27 0.65
7 9 0.48 0.79
7 12 0.65 0.72
7 13 0.74 0.53
7 14 0.79 0.09
8 15 0.56 0.08
11 15 0.57 0.54
