0 1 0.4 0.27
0 2 0.81 0.29
0 3 0.63 0.31
0 4 0.77 0.73
0 6 0.8 0.1
0 9 0.44 0.37
0 10 0.09 0.2
0 11 0.51 0.69
0 13 0.88 0.75
1 2 0.67 0.24
1 3 0.11 0.72
1 4 0.78 0.25
1 5 0.71 0.06
1 12 0.49 0.15
2 3 0.78 0.4
2 4 0.92 0.77
2 6 0.23 0.38
2 7 0.92 0.43
2 8 0.84 0.73
2 9 0.86 0.16
2 10 1 0.63
2 11 0.53 0.35
2 13 0.15 0.37
3 5 0.29 0.79
3 8 0.6 0.87
3 15 0.72 0.13
4 5 0.94 0.79
5 6 0.28 0.79
5 7 0.81 0.22
5 8 0.76 0.6
5 9 0.69 0.15
5 11 0.41 0.95
5 15 0.29 0.09
6 7 0.16 0.11
6 10 0.52 0.89
6 12 0.63 0.38
6 13 0.81 0.24
8 12 0.62 0.35
8 14 0.13 0.87
11 15 0.02 0.87
12 14 0.08 0.08
13 14 0.13 0.66
