0 1 0.2 0.44
0 2 0.96 0.04
0 3 0.13 0.81
0 4 0.71 0.87
0 6 0.62 0.7
0 7 0.12 0.91
0 9 0.98 0.73
0 11 0.91 0.99
0 12 0.43 0.28
0 13 0.27 0.17
0 14 0.68 0.51
1 2 0.92 0.92
1 3 0.13 0.69
1 4 0.15 0.24
1 5 0.56 0.17
1 8 0.35 0.4
1 9 0.24 0.8
2 3 0.24 0.19
2 4 0.91 0.01
2 10 0.93 0.74
2 14 0.22 0.92
3 5 0.69 0.47
3 6 0.58 0.52
3 7 0.33 0.31
3 10 0.85 0.82
3 11 0.11 0.82
3 13 0.57 0.57
4 5 0.77 0.92
4 10 0.93 0.21
4 15 0.59 0.76
5 6 0.01 0.57
5 12 0.67 0.8
6 7 0.71 0.68
6 8 0.7 0.52
6 11 0.95 0.18
7 8 0.39 0.53
7 9 0.99 0.77
7 12 0.02 0.16
7 13 0.95 0.94
7 14 0.58 0.25
8 15 0.2 0.06
11 15 0.68 0.29
