0 1 0.37 0.75
0 2 0.19 0.53
0 3 0.2 0.49
0 4 0.27 0.24
0 5 0.66 0.3
0 7 0.9 0.19
0 8 0.67 0.58
0 10 1 0.51
0 12 0.61 0.43
0 14 0.35 0.75
1 2 0.86 0.56
1 3 0.91 0.93
1 4 0.47 0.6
1 5 0.4 0.19
1 6 0.5 0.4
1 10 0.78 0.78
2 3 0.54 0.32
2 4 0.12 0.59
2 5 0.48 0.12
2 6 0.55 0.88
2 7 0.75 0.06
2 8 0.22 0.46
2 9 0.24 0.13
2 10 0.3 0.07
2 11 0.21 0.98
2 13 0.98 0.08
2 14 0.73 0.84
2 15 0.52 0.49
3 4 0.52 0.25
3 5 0.42 0.63
3 6 0.33 0.82
3 7 0.82 0.73
3 8 0.14 0.54
3 9 0.39 0.31
3 11 0.22 0.32
3 12 0.19 0.31
4 9 0.7 0.39
4 15 0.05 0.3
5 6 0.3 0.55
5 11 0.02 0.55
5 13 0.76 0.78
6 7 0.46 0.81
6 8 0.26 0.74
6 9 0.69 0.55
6 14 0.32 0.28
7 12 0.91 0.35
8 10 0.58 0.94
8 13 0.97 0.55
9 11 0.11 0.82
9 13 0.38 0.35
9 15 0.48 0.41
10 14 0.96 0.55
10 15 0.93 0.23
11 12 0.47 0.24
