0 1 0.91 0.18
0 2 0.6 0.67
0 3 0.06 0.68
0 4 0.32 0.9
0 5 0.39 0.91
0 6 0.94 0.03
0 7 0.9 0.04
0 8 0.26 0.95
0 9 0.59 0.92
0 11 0.81 0.09
0 13 0.42 0.38
0 15 0.06 0.91
1 2 0.08 0.1
1 3 0.82 0.23
1 4 0.82 0.49
1 5 0.39 0.5
1 6 0.19 0.82
1 10 0.3 0.06
1 14 0.52 0.92
1 15 0.27 0.28
2 3 0.3 0.55
2 4 0.95 0.98
2 5 0.28 0.57
2 7 0.93 0.97
2 8 0.78 0.01
2 9 0.31 0.85
2 11 0.99 0.32
2 12 0.33 0.77
2 15 0.93 0.52
3 4 0.08 0.71
3 5 0.95 0.08
3 6 0.04 0.07
3 9 0.14 0.89
3 13 0.81 0.89
4 5 0.4 0.39
4 6 0.68 0.67
4 7 0.65 0.7
4 8 0.23 0.54
4 9 0.59 0.7
4 10 0.21 0.56
4 11 0.34 0.97
4 12 0.65 0.4
4 15 0.13 0.28
5 6 0.52 0.32
5 7 0.48 0.46
5 8 0.1 0.32
5 12 0.64 0.19
5 14 0.17 0.63
6 7 0.5 0.87
6 10 0.22 0.14
6 11 0.31 0.07
6 12 1 0.52
6 13 0.73 0.51
7 8 0.98 0.1
7 9 0.18 0.27
7 10 0.5 0.07
7 11 0.88 0.48
7 14 0.22 0.66
8 10 0.68 0.73
10 14 0.42 0.63
10 15 0.04 0.91
11 12 0.27 0.86
11 13 0.24 0.62
11 14 0.93 0.6
12 13 0.87 0.65
