0 1 0.95 0.17
0 2 0.53 0.04
0 3 0.05 0.8
0 4 0.54 0.54
0 5 0.82 0.26
0 7 0.24 0.62
0 8 0.38 0.62
0 9 0.75 0.5
0 10 0.73 0.46
0 11 0.96 0.27
1 2 0.82 0.92
1 3 0.03 0.13
1 4 0.4 0.76
1 5 0.77 0.35
1 6 0.58 0.91
1 8 0.76 0.19
1 11 0.63 0.66
1 12 0.91 0.2
1 13 0.19 0.83
1 14 0.14 0.44
2 3 0.82 0.58
2 5 0.39 0.55
2 6 0.73 0.49
2 7 0.7 0.41
2 9 0.69 0.09
2 10 0.17 0.5
2 11 0.86 0.54
2 13 0.96 0.78
3 4 0.9 1
3 12 0.6 0.27
4 7 0.36 0.18
4 8 0.11 0.42
4 12 0.26 0.44
4 15 0.83 0.07
5 6 0.69 0.82
5 10 0.6 0.61
5 14 0.37 0.66
5 15 0.44 0.53
8 9 0.8 0.77
8 13 0.63 0.36
8 14 0.31 0.05
14 15 0.64 0.42
