0 1 0.46 0.94
0 2 0.75 0.28
0 3 0.83 0.12
0 4 0.23 0.35
0 5 0.25 0.82
0 6 0.03 0.41
0 7 0.09 0.23
0 8 0.64 0.57
0 9 0.54 0.39
0 11 0.66 0.91
0 13 0.64 0.11
0 14 0.8 0.58
0 15 0.09 0.98
1 2 0.17 0.37
1 3 0.32 0.14
1 4 0.42 0.04
1 5 0.15 0.61
1 11 0.63 0.17
1 12 0.25 0.48
1 14 0.96 0.14
1 15 0.87 0.44
2 3 0.4 0.34
2 4 0.22 0.27
2 6 0.45 0.37
2 7 0.09 0.29
2 13 0.43 0.43
2 14 0.69 0.34
3 4 0.85 0.99
3 5 0.11 0.41
3 6 0.88 0.43
3 8 0.03 0.62
3 9 0.18 0.21
3 15 0.03 0.39
4 5 0.57 0.49
4 6 0.96 0.3
4 7 0.09 0.78
4 10 0.58 0.21
4 12 0.75 0.79
5 7 0.51 0.98
5 8 0.56 0.7
5 9 0.92 0.34
5 10 0.54 0.14
5 11 0.14 0.77
5 12 0.95 0.23
5 13 0.03 0.89
6 9 0.55 0.09
6 10 0.08 0.55
6 11 0.36 0.97
6 13 0.57 0.22
6 14 0.96 0.55
7 8 0.05 0.74
7 12 0.39 0.98
8 10 0.02 0.6
13 15 0.9 0.37
