0 1 0.44 0.12
0 2 0.32 0.31
0 3 0.78 0.9
0 4 0.68 0.93
0 7 0.84 0.18
1 2 0.94 0.81
1 3 0.94 0.1
1 4 0.33 0.06
1 5 0.13 0.96
1 6 0.03 0.47
1 10 0.01 0.96
1 12 0.19 0.56
2 3 0.54 0.06
2 4 0.08 0.65
2 7 0.76 0.28
2 9 0.82 0.61
2 10 0.5 0.36
2 11 0.51 0.99
2 12 0.17 0.42
3 5 0.57 0.42
3 6 0.64 0.53
3 8 0.07 0.77
3 11 0.11 0.77
3 12 0.61 0.96
3 15 0.41 0.42
4 5 0.41 0.04
4 6 0.17 0.23
4 8 0.31 0.1
4 11 0.46 0.01
4 14 0.82 0.63
5 14 0.92 0.47
6 7 0.88 0.37
6 8 0.64 0.12
6 9 0.87 0.02
6 10 0.14 0.91
6 13 0.88 0.35
6 15 0.38 0.77
7 9 0.73 0.5
7 14 0.1 0.18
11 13 0.09 0.7
12 13 0.18 0.03
12 15 0.63 0.9
