0 1 0.14 1
0 2 0.74 0.73
0 3 0.62 0.94
0 4 1 0.59
0 5 0.02 0.59
0 6 0.82 0.58
0 7 0.14 0.28
0 11 0.76 0.1
1 2 0.08 0.48
1 3 0.29 0.79
1 4 0.41 0.03
1 5 0.64 0.8
1 6 0.96 0.2
1 7 0.3 1
1 8 0.45 0.67
1 9 0.34 0.88
1 11 0.84 0.45
1 12 0.33 0.71
2 3 0.79 0.56
2 4 0.78 0.95
2 5 0.47 0.01
2 6 0.48 0.64
2 7 0.94 0.43
2 9 0.63 0.97
2 10 0.26 0.14
2 15 0.45 0.25
3 4 0.36 0.41
3 5 0.16 0.45
3 6 0.14 0.33
3 8 0.26 0.27
3 10 0.2 0.27
3 11 0.06 0.77
3 12 0.72 0.61
3 14 0.43 0.47
4 12 0.3 0.48
5 7 0.26 0.61
5 8 0.45 0.83
5 9 0.06 0.08
5 10 0.02 0.37
6 12 0.54 0.31
6 14 1 0.23
7 8 0.41 0.32
7 9 0.73 0.1
7 10 0.13 0.95
7 11 0.24 0.8
7 15 0.08 0.48
8 13 0.11 0.37
8 14 0.77 0.07
8 15 0.82 0.35
10 13 0.94 0.14
11 13 0.51 1
11 15 0.68 0.1
12 13 0.5 0.84
13 14 0.88 0.13
