0 1 0.64 0.51
0 2 0.51 0.3
0 3 0.48 0.98
0 4 0.44 0.11
0 5 0.52 0.8
0 7 0.06 0.85
0 15 0.23 0.86
1 2 0.08 0.04
1 3 0.16 0.32
1 4 0.76 0.51
1 5 0.56 0.28
1 12 0.05 0.18
2 3 0.76 0.32
2 6 0.31 0.11
2 8 0.71 0.85
2 9 0.76 0.04
2 13 0.39 0.28
3 4 0.79 0.57
3 6 0.21 0.23
3 7 0.26 0.93
3 8 0.9 0.47
3 9 0.31 0.25
3 10 0.36 0.88
3 11 0.41 0.29
3 12 0.22 0.83
3 13 0.06 0.03
4 5 0.29 0.56
4 6 0.99 0.98
4 11 0.95 0.5
6 7 0.58 0.85
6 8 0.52 0.43
6 9 0.89 0.22
6 10 0.08 0.06
6 11 0.28 0.18
7 13 0.52 0.98
7 14 0.37 0.44
7 15 0.07 0.66
8 14 0.57 0.02
9 10 0.57 0.59
9 14 0.76 0.52
10 12 0.08 0.56
14 15 0.68 0.7
