0 1 0.28 0.06
0 2 0.84 0.16
0 3 0.64 0.74
0 4 0.48 0.54
0 5 0.93 0.57
0 6 0.04 0.95
0 7 0.97 0.51
0 8 0.56 0.66
0 9 0.29 0.91
0 11 0.33 0.61
0 13 0.68 0.99
0 15 1 0.29
1 2 0.92 0.37
1 3 0.86 0.79
1 4 1 0.65
1 5 0.23 0.18
1 6 0.78 0.35
1 10 0.02 0.79
1 14 0.57 0.21
1 15 0.37 0.62
2 3 0.28 0.06
2 4 0.4 0.89
2 5 0.91 0.6
2 7 0.96 0.54
2 8 0.41 0.74
2 9 0.86 0.01
2 11 0.77 0.8
2 12 0.58 0.21
2 15 0.82 0.26
3 4 0.73 0.77
3 5 0.64 0.13
3 6 0.3 0.94
3 9 0.53 0.48
3 13 0.59 0.86
4 5 0.31 0.59
4 6 0.93 0.52
4 7 0.26 0.47
4 8 0.08 0.19
4 9 0.79 0.57
4 10 0.37 0.8
4 11 0.86 0.87
4 12 0.84 0.62
4 15 0.3 0.63
5 6 0.43 0.63
5 7 0.2 0.65
5 8 0.05 0.15
5 12 0.48 0.09
5 14 0.55 0.33
6 7 0.49 0.48
6 10 0.95 0.61
6 11 0.82 0.83
6 12 0.25 0.95
6 13 0.06 0.82
7 8 0.24 0.18
7 9 0.69 1
7 10 0.33 0.23
7 11 0.89 0.1
7 14 0.83 0.97
8 10 0.45 0.5
10 14 0.61 0.39
10 15 0.03 0.29
11 12 0.6 0.02
11 13 0.62 0.6
11 14 0.03 0.21
12 13 0.34 0.77
