0 1 0.01 0.89
0 2 0.5 0.04
0 3 0.29 0.85
0 4 0.7 0.12
0 5 0.15 0.94
0 6 0.67 0.63
0 8 0.17 0.67
0 9 0.63 0.15
0 10 0.98 0.84
1 2 0.46 0.22
1 3 0.73 0.63
1 4 0.35 0.23
1 7 0.45 0.9
1 8 0.79 0.89
1 9 0.74 0.88
1 10 0.05 0.88
1 11 0.54 0.58
1 13 0.58 0.78
2 3 0.62 0.87
2 4 0.58 0.14
2 5 0.83 0.2
2 6 0.87 0.9
2 7 0.63 0.69
2 11 0.68 0.23
3 4 0.06 0.22
3 5 0.54 0.78
3 6 0.23 0.18
4 5 0.18 0.36
4 7 0.4 0.22
4 8 0.84 0.62
4 9 0.68 0.79
4 11 0.37 0.39
4 12 0.09 0.09
4 14 0.85 0.83
5 6 0.16 0.29
5 7 0.65 0.8
5 10 0.26 0.74
5 15 0.18 0.8
6 11 0.7 0.23
6 12 0.97 1
6 15 0.15 0.73
7 8 0.15 0.12
7 12 0.19 0.66
7 13 0.68 0.49
7 14 0.66 0.18
7 15 0.96 0.97
8 9 0.1 0.94
8 10 0.38 0.59
9 12 0.41 0.09
9 13 0.9 0.67
10 15 0.28 0.2
11 13 0.12 0.76
12 14 0.81 0.41
13 14 0.17 0.71
