0 1 0.17 0.47
0 2 0.16 0.51
0 3 0.9 0.97
0 4 0.88 0.17
0 5 0.99 0.4
0 6 0.39 0.89
1 2 0.21 0.25
1 3 0.23 0.52
1 4 0.29 0.49
1 5 0.2 0.73
1 6 0.44 0.89
1 9 0.76 0.1
1 11 0.54 0.5
1 12 0.75 0.68
2 3 0.11 0.23
2 7 0.52 0.48
2 10 0.6 0.38
2 11 0.11 0.76
2 12 0.91 0.53
3 4 0.74 0.77
3 5 0.18 0.68
3 8 0.51 0.52
3 10 0.78 0.05
3 13 0.18 0.18
4 6 0.9 0.39
4 8 0.04 0.53
5 7 0.31 0.18
5 9 0.64 0.32
5 10 0.64 0.93
5 13 0.46 0.07
5 14 0.62 0.28
5 15 0.39 0.92
6 7 0.98 0.85
6 8 0.59 0.77
6 11 0.48 0.11
6 14 0.48 0.6
8 9 0.86 0.47
8 12 0.01 0.88
8 14 0.91 0.9
8 15 0.55 0.21
9 13 0.73 0.11
9 15 0.45 0.14
