0 1 0.38 0.78
0 2 0.55 0.94
0 3 0.99 0.58
0 4 0.94 0.84
0 5 0.02 0.25
0 6 0.29 0.14
0 7 0.98 0.15
0 8 0.92 0.49
0 10 0.96 0.64
0 12 0.81 0.47
0 13 0.19 0.07
0 15 0.67 0.37
1 2 0.72 0.63
1 3 0.56 0.9
1 4 0.33 0.99
1 5 0.13 0.06
1 7 0.22 0.35
1 11 0.38 0.21
1 12 0.49 0.43
1 13 0.28 0.59
1 14 0.14 0.39
2 3 0.41 0.36
2 4 0.83 0.72
2 5 0.22 0.56
2 6 0.93 0.63
2 9 0.58 0.13
2 11 0.13 0.12
2 12 0.56 0.56
3 4 0.07 0.68
3 5 0.91 0.66
3 6 0.38 0.26
3 8 0.79 0.64
3 9 0.73 0.06
3 11 0.77 0.78
3 13 0.91 0.75
3 14 0.35 0.98
4 6 0.99 0.76
4 7 0.82 0.77
4 8 0.01 0.22
4 9 0.2 0.15
4 10 0.53 0.54
6 7 0.74 0.67
6 10 0.3 0.57
6 14 0.91 0.8
6 15 0.51 0.14
7 8 0.21 0.96
7 11 0.61 0.86
7 15 0.84 0.91
8 9 0.01 0.94
8 10 0.48 0.53
8 12 0.21 0.82
8 15 0.81 0.66
12 13 0.53 0.9
12 14 0.25 0.46
