0 1 0.72 0.64
0 2 0.59 0.38
0 3 0.46 0.62
0 4 0.51 0.92
0 6 0.63 0.22
0 7 0.69 0.93
0 9 0.36 0.55
0 11 0.26 0.83
0 12 0.7 0.94
0 13 0.77 0.17
0 14 0.63 0.6
1 2 0.46 0.48
1 3 0.94 0.04
1 4 0.1 0.05
1 5 0.34 0.97
1 8 0.03 0.99
1 9 0.62 0.29
2 3 0.26 0.56
2 4 0.71 0.67
2 10 0.37 0.05
2 14 0.96 0.13
3 5 0.75 0.64
3 6 0.39 0.6
3 7 0.98 0.86
3 10 0.42 0.79
3 11 0.46 0.63
3 13 0.29 0.6
4 5 0.86 0.19
4 10 0.06 1
4 15 0.03 0.52
5 6 0.38 0.64
5 12 0.36 0.77
6 7 0.95 0.14
6 8 0.58 0.2
6 11 0.59 0.19
7 8 0.73 0.79
7 9 0.45 0.21
7 12 0.19 0.68
7 13 0.4 0.75
7 14 0.81 0.33
8 15 0.02 0.87
11 15 0.64 0.6
