0 1 0.11 0.19
0 2 0.65 0.02
0 3 0.01 0.68
0 4 0.89 0.93
0 5 0.27 0.92
0 7 0.19 0.66
0 8 0.14 0.8
0 9 0.24 0.35
0 10 0.6 0.61
0 12 0.6 0.65
0 15 0.48 0.41
1 2 0.09 0.64
1 3 0.08 0.5
1 4 0.36 0.04
1 5 0.71 0.1
1 6 0.86 0.13
1 8 0.94 0.96
1 11 0.38 0.85
1 12 0.42 0.97
2 3 0.22 0.85
2 4 0.34 0.37
2 5 0.49 0.28
2 6 0.39 0.27
2 7 0.68 0.02
3 4 0.97 0.55
3 7 0.49 0.18
3 9 0.26 0.37
3 10 0.73 0.46
3 12 0.1 0.6
3 13 0.34 0.68
3 14 0.4 0.67
4 5 0.01 0.29
4 6 0.12 0.2
4 8 0.24 0.67
4 9 0.63 0.04
4 14 0.45 0.79
4 15 0.25 0.3
5 6 0.28 0.49
5 12 0.63 0.12
6 7 1 0.64
6 8 0.5 0.42
6 11 0.01 0.95
6 13 0.41 0.5
6 14 0.08 0.13
6 15 0.82 0.27
7 9 0.26 0.99
7 10 0.35 0.18
7 11 0.1 0.38
7 15 0.73 0.44
9 10 0.06 0.69
9 11 0.44 0.12
10 13 0.28 0.83
12 13 0.45 0.31
12 14 0.09 0.97
