0 1 0.79 0.43
0 2 0.82 0.26
0 3 0.19 0.11
0 4 0.09 0.85
0 5 0.68 0.85
0 6 0.52 0.55
0 7 0.26 0.45
0 11 0.92 0.56
1 2 0.31 0.15
1 3 0.7 0.94
1 4 1 0.22
1 5 0.76 0.96
1 6 0.53 0.2
1 7 0.6 0.82
1 8 0.08 0.83
1 9 0.82 0.63
1 11 0.78 0.33
1 12 0.87 0.84
2 3 0.48 0.17
2 4 0.06 0.41
2 5 0.76 0.93
2 6 0.88 0.56
2 7 0.54 0.9
2 9 0.22 0.79
2 10 0.81 0.33
2 15 0.5 0.93
3 4 0.67 0.74
3 5 0.25 0.06
3 6 0.83 0.79
3 8 0.84 0.89
3 10 0.65 0.86
3 11 0.59 0.48
3 12 0.26 0.77
3 14 0.88 0.81
4 12 0.86 0.34
5 7 0.81 0.95
5 8 0.2 0.17
5 9 0.81 0.79
5 10 0.03 0.99
6 12 0.89 0.95
6 14 0.53 1
7 8 0.13 0.96
7 9 0.88 0.28
7 10 0.79 0.73
7 11 0.26 0.1
7 15 0.36 0.4
8 13 0.06 0.39
8 14 0.56 0.26
8 15 0.18 0.62
10 13 0.35 0.57
11 13 0.15 0.54
11 15 0.06 0.85
12 13 0.68 0.09
13 14 0.62 0.5
