0 1 0.95 0.86
0 2 0.91 0.37
0 3 0.27 0.46
0 4 0.27 0.73
0 5 0.21 0.86
0 6 0.45 0.54
0 7 0.05 0.84
0 9 0.22 0.81
0 10 0.55 0.02
0 11 0.76 0.66
0 12 0.69 0.27
0 13 0.08 0.03
1 2 0.67 0.64
1 3 0.7 0.2
1 4 0.68 0.85
1 6 0.52 0.04
1 7 0.1 0.44
1 8 0.34 0.72
1 12 0.32 0.87
1 13 0.98 0.6
2 3 0.47 0.79
2 4 0.91 0.59
2 5 0.88 0.74
2 6 0.15 0.3
2 7 1 0.51
2 8 0.39 0.88
2 9 0.85 0.15
2 10 0.65 0.38
2 13 0.78 0.65
2 14 0.75 0.97
3 4 0.56 0.35
3 5 0.92 0.59
3 10 0.51 0.7
3 11 0.84 0.56
3 12 0.7 0.19
3 14 0.45 0.51
3 15 0.17 0.69
4 5 0.84 0.66
4 6 0.03 0.5
4 7 0.93 0.22
4 9 0.54 0.1
4 12 0.56 0.12
4 14 0.01 0.48
4 15 0.13 0.98
5 8 0.69 0.24
5 9 0.85 0.2
5 13 0.21 0.42
6 8 0.2 0.87
6 15 0.56 0.53
7 11 0.18 0.8
7 14 0.17 0.61
9 10 0.79 0.28
9 15 0.33 0.85
10 11 0.26 0.97
