0 1 0.03 0.19
0 2 0.55 0.88
0 3 0.5 0.47
0 4 0.36 0.95
0 7 0.88 0.59
1 2 0.29 0.29
1 3 0.5 0.6
1 4 0.26 0.85
1 5 0.34 0.82
1 6 0.19 0.5
1 10 0.36 0.9
1 12 0.6 0.39
2 3 0.98 0.56
2 4 0.82 0.3
2 7 0.38 0.85
2 9 0.62 0.91
2 10 0.03 0.11
2 11 0.27 0.84
2 12 0.99 0.39
3 5 0.7 0.31
3 6 0.26 0.52
3 8 0.58 0.43
3 11 0.3 0.42
3 12 0.07 0.58
3 15 0.94 0.46
4 5 0.76 0.85
4 6 0.92 0.21
4 8 0.74 0.45
4 11 0.48 0.78
4 14 0.38 0.44
5 14 0.82 0.49
6 7 0.34 0.09
6 8 0.49 0.88
6 9 0.09 0.59
6 10 0.06 0.53
6 13 0.29 0.11
6 15 0.69 0.69
7 9 0.92 0.93
7 14 0.79 0.1
11 13 0.18 0.8
12 13 0.13 0.65
12 15 0.02 0.45
