0 1 0.6 0.66
0 2 0.78 0.53
0 3 0.68 0.04
0 4 0.85 0.52
0 5 0.78 0.65
0 6 0.31 0.46
0 8 0.38 0.83
0 10 0.93 0.69
0 12 0.23 0.22
0 15 0.31 0.82
1 2 0.17 0.36
1 3 0.13 0.11
1 4 0.27 0.1
1 6 0.12 0.02
1 7 0.93 0.08
1 9 0.18 0.15
2 3 0.58 0.66
2 5 0.14 0.8
3 4 0.49 0.63
3 5 0.17 0.15
3 6 0.13 0.88
3 7 0.02 0.98
3 8 0.73 0.8
3 10 0.41 0.88
3 11 0.34 0.27
3 12 0.26 0.38
4 10 0.02 0.2
4 11 0.54 0.4
4 13 0.97 0.68
4 15 0.89 0.7
5 9 0.26 0.11
5 13 0.79 0.22
5 14 0.43 0.19
6 7 0.5 0.04
6 12 0.43 0.58
6 13 0.06 0.17
6 14 0.63 0.08
6 15 0.04 0.83
7 8 0.7 0.42
7 9 0.41 0.67
10 11 0.52 0.82
11 14 0.19 0.92
