0 1 0.13 0.51
0 2 0.99 0.19
0 3 0.51 0.6
0 4 0.46 0.73
0 7 0.42 0.15
1 2 0.01 0.32
1 3 0.23 0.04
1 4 0.05 0.32
1 5 0.47 0.32
1 6 0.88 0.72
1 10 0.89 0.4
1 12 0.68 0.3
2 3 0.5 0.2
2 4 0.01 0.3
2 7 0.74 0.52
2 9 0.9 0.92
2 10 0.71 1
2 11 0.4 0.01
2 12 0.35 0.94
3 5 0.47 0.8
3 6 0.61 0.33
3 8 0.8 0.85
3 11 0.58 0.19
3 12 0.93 0.5
3 15 0.91 0.98
4 5 0.95 0.2
4 6 0.59 0.78
4 8 0.35 0.4
4 11 0.26 0.15
4 14 0.43 0.1
5 14 0.14 0.58
6 7 0.29 0.88
6 8 0.9 0.35
6 9 0.63 0.92
6 10 0.22 0.68
6 13 0.62 0.57
6 15 0.9 0.09
7 9 0.89 0.68
7 14 0.17 0.64
11 13 0.93 0.03
12 13 0.42 0.3
12 15 0.81 0.07
