0 1 0.44 0.58
0 2 0.3 0.11
0 3 0.82 0.09
0 4 0.15 0.71
0 5 0.52 0.53
0 8 0.99 0.04
0 9 0.3 0.24
0 10 0.72 0.74
0 12 0.29 0.74
0 13 0.84 0.63
0 15 0.37 0.55
1 2 0.96 0.78
1 3 0.46 0.33
1 4 0.64 0.66
1 5 0.1 0.89
1 6 0.99 0.9
1 7 0.2 0.97
1 10 0.76 0.19
1 12 0.53 0.58
2 3 0.38 0.83
2 4 0.25 0.13
2 5 0.44 0.66
2 6 0.32 0.81
2 7 0.68 0.23
2 8 0.06 0.42
2 13 0.44 0.79
2 14 0.81 0.93
3 4 0.03 0.36
3 11 0.82 0.31
3 13 0.77 0.87
3 14 0.7 0.61
3 15 0.31 0.12
4 5 0.32 0.23
4 6 0.67 0.4
4 7 0.5 1
4 9 0.31 0.76
4 11 0.69 0.25
5 6 0.21 0.12
5 7 0.83 1
5 9 1 0.03
6 8 0.9 0.24
6 10 0.27 0.92
6 13 0.48 0.93
7 8 0.42 0.61
7 9 0.09 0.76
7 10 0.21 0.69
7 14 0.33 0.49
8 11 0.26 0.47
8 12 0.05 0.54
9 11 0.41 0.22
10 15 0.3 0.03
11 12 1 0.28
11 15 0.22 0.09
13 14 0.39 0.38
