0 1 0.66 0.46
0 2 0.76 0.69
0 3 0.77 0.06
0 4 0.79 0.8
0 5 0.21 0.18
0 7 0.99 0.24
0 8 0.31 0.63
0 10 0.18 0.66
0 12 0.76 0.79
0 14 0.18 0.18
1 2 0.49 0.27
1 3 0.71 0.34
1 4 0.26 0.77
1 5 0.72 0.27
1 6 0.87 0.37
1 10 0.38 0.64
2 3 0.35 0.68
2 4 0.59 0.14
2 5 0.35 0.32
2 6 0.79 0.61
2 7 0.5 0.62
2 8 0.41 0.06
2 9 0.67 0.49
2 10 0.61 0.46
2 11 0.05 0.1
2 13 0.58 0.84
2 14 0.41 0.86
2 15 0.49 0.75
3 4 0.63 0.6
3 5 0.27 1
3 6 0.9 0.82
3 7 0.37 0.88
3 8 0.15 0.43
3 9 1 0.31
3 11 0.25 0.76
3 12 0.5 0.86
4 9 0.15 0.38
4 15 0.59 0.16
5 6 0.09 0.17
5 11 0.75 0.45
5 13 0.88 0.47
6 7 0.8 0.5
6 8 0.34 0.92
6 9 0.2 0.74
6 14 0.8 0.79
7 12 0.11 0.65
8 10 0.68 0.97
8 13 0.04 0.31
9 11 0.98 0.24
9 13 0.41 0.33
9 15 0.41 0.71
10 14 0.89 0.62
10 15 0.2 0.39
11 12 0.89 0.17
