0 1 0.03 0.55
0 2 0.6 0.67
0 3 0.89 0.84
0 4 0.68 0.89
0 6 0.09 0.64
0 9 0.83 0.92
0 10 0.68 0.13
0 11 0.87 0.4
0 13 1 0.89
1 2 0.9 0.54
1 3 0.87 0.96
1 4 0.43 0.84
1 5 0.65 0.76
1 12 0.49 0.46
2 3 0.9 0.28
2 4 0.73 0.68
2 6 0.94 0.46
2 7 0.52 0.86
2 8 0.66 0.09
2 9 0.73 0.69
2 10 0.39 0.87
2 11 0.85 0.46
2 13 0.78 0.55
3 5 0.86 0.81
3 8 0.48 0.4
3 15 0.45 0.85
4 5 0.98 0.87
5 6 0.03 0.1
5 7 0.85 0.16
5 8 0.81 0.27
5 9 0.08 0.4
5 11 0.76 0.86
5 15 0.19 0.75
6 7 0.36 0.32
6 10 0.72 0.9
6 12 0.92 0.12
6 13 0.52 0.59
8 12 0.71 0.63
8 14 0.29 0.98
11 15 0.39 0.16
12 14 0.66 0.65
13 14 0.59 0.16
