0 1 0.98 0.38
0 2 0.11 0.07
0 3 0.73 0.57
0 4 0.35 0.1
0 6 0.52 0.01
0 8 0.11 0.93
0 10 0.81 0.91
0 11 0.52 0.47
0 12 0.9 0.77
0 14 0.93 0.05
0 15 0.28 0.48
1 2 0.17 0.46
1 3 0.74 0.78
1 4 0.59 0.78
1 5 0.98 0.15
1 6 0.22 0.32
1 9 0.37 0.96
1 14 0.69 0.56
2 3 0.73 0.88
2 4 0.25 0.99
2 5 0.11 0.88
2 6 0.96 0.92
2 7 0.86 0.09
2 8 0.98 0.01
2 10 0.57 0.87
2 14 0.04 0.02
3 4 0.4 0.43
3 5 0.67 0.15
3 6 0.52 0.93
3 7 0.94 0.84
3 8 0.5 0.51
3 9 0.96 0.79
3 10 0.3 0.26
4 5 0.69 0.5
4 7 0.09 0.83
4 10 0.6 0.39
4 12 0.09 0.97
4 13 0.02 0.57
5 11 0.19 0.18
5 13 0.79 0.92
6 7 0.36 0.42
6 8 0.52 0.68
6 9 0.94 0.43
7 9 0.42 0.41
7 13 0.04 0.51
7 14 0.85 0.61
7 15 0.48 0.2
8 11 0.87 0.85
8 12 0.42 0.58
8 13 0.02 0.09
9 11 0.59 0.7
10 12 0.09 0.53
11 15 0.72 0.5
13 15 0.36 0.8
