0 1 0.62 0.35
0 2 0.04 0.4
0 3 0.96 0.85
0 4 0.93 0.7
0 5 0.48 0.86
0 9 0.49 0.71
0 14 0.24 0.73
1 2 0.27 0.34
1 3 0.06 0.24
1 4 0.02 0.77
1 5 0.02 0.07
1 6 0.18 0.46
1 7 0.15 0.83
1 9 0.87 0.91
1 14 0.49 0.27
2 3 0.87 0.52
2 4 0.89 0.26
2 6 0.22 0.15
2 13 0.86 0.6
3 4 0.73 0.06
3 5 0.14 0.48
3 6 0.19 0.55
3 7 0.51 0.14
3 8 0.89 0.13
3 9 0.01 0.02
3 10 0.29 0.9
3 12 0.02 0.63
3 13 0.68 0.75
3 14 0.73 0.8
3 15 0.79 0.11
4 5 0.16 0.84
4 6 0.3 1
4 7 0.62 0.16
4 8 0.94 0.81
4 10 0.7 0.73
5 8 0.26 0.29
5 10 0.78 0.21
5 11 0.83 0.37
5 12 0.51 0.03
6 7 0.89 0.69
6 11 0.69 0.65
7 8 0.2 0.91
7 9 0.61 0.54
7 13 0.7 0.65
8 10 0.26 0.78
8 11 0.87 0.38
9 11 0.26 0.13
9 15 0.28 0.22
10 12 0.37 0.76
10 15 0.77 0.53
11 12 0.91 0.05
11 13 0.87 0.84
11 15 0.96 0.25
12 14 0.81 0.13
