0 1 0.6 0.14
0 2 0.84 0.11
0 3 0.86 0.42
0 4 0.77 0.19
0 5 0.43 0.83
0 8 0.94 0.99
0 9 0.78 0.44
0 10 0.55 0.98
0 12 0.3 0.23
0 13 0.45 0.4
0 15 0.98 0.66
1 2 0.56 0.67
1 3 0.87 0.06
1 4 0.57 0.74
1 5 0.33 0.84
1 6 0.07 0.27
1 7 0.59 0.23
1 10 0.05 0.62
1 12 0.83 0.61
2 3 0.32 0.08
2 4 0.49 0.08
2 5 0.92 0.86
2 6 0.49 0.95
2 7 0.43 0.58
2 8 0.51 0.65
2 13 0.49 0.25
2 14 0.37 0.44
3 4 0.91 0.51
3 11 0.91 0.71
3 13 0.06 0.97
3 14 0.59 0.92
3 15 0.3 0.8
4 5 0.08 0.52
4 6 0.33 0.35
4 7 0.54 0.96
4 9 0.19 0.96
4 11 0.02 0.75
5 6 0.16 0.17
5 7 0.65 0.57
5 9 0.88 0.6
6 8 0.8 0.69
6 10 0.54 0.4
6 13 0.73 0.86
7 8 0.01 0.73
7 9 0.51 0.29
7 10 0.41 0.96
7 14 0.67 0.28
8 11 0.98 0.32
8 12 0.08 0.32
9 11 0.78 1
10 15 0.81 0.03
11 12 0.44 0.83
11 15 0.97 0.13
13 14 0.37 0.94
