0 1 0.61 0.61
0 2 0.49 0.23
0 3 0.36 0.17
0 4 0.51 0.75
0 5 0.42 0.84
0 6 0.75 1
1 2 0.94 0.95
1 3 0.61 0.53
1 4 0.15 0.8
1 5 0.65 0.33
1 6 0.41 0.64
1 9 0.74 0.48
1 11 0.92 0.45
1 12 0.82 0.05
2 3 0.21 0.39
2 7 0.1 0.49
2 10 0.31 0.74
2 11 0.37 0.29
2 12 0.82 0.4
3 4 0.12 0.75
3 5 0.81 0.86
3 8 0.25 0.23
3 10 0.27 0.32
3 13 0.46 0.78
4 6 0.15 0.07
4 8 0.28 0.44
5 7 0.88 0.89
5 9 0.37 0.59
5 10 0.6 0.75
5 13 0.86 0.34
5 14 0.02 0.6
5 15 0.9 0.81
6 7 0.86 0.92
6 8 0.21 0.45
6 11 0.87 0.03
6 14 0.19 0.47
8 9 0.13 0.78
8 12 0.07 0.14
8 14 0.8 0.78
8 15 0.72 0.41
9 13 0.88 0.4
9 15 0.82 0.27
