0 1 0.44 0.81
0 2 0.58 0.99
0 3 0.8 0.75
0 4 0.42 0.31
0 6 0.62 0.01
0 8 0.88 0.2
0 10 0.98 0.81
0 11 0.4 0.73
0 12 0.15 0.78
0 14 0.34 0.9
0 15 0.22 0.44
1 2 0.81 0.47
1 3 0.15 0.19
1 4 0.61 0.13
1 5 0.34 0.01
1 6 0.26 0.52
1 9 0.02 0.25
1 14 0.6 0.62
2 3 0.99 0.84
2 4 0.81 0.64
2 5 0.88 0.1
2 6 0.1 0.05
2 7 0.11 0.22
2 8 0.22 0.75
2 10 0.51 0.35
2 14 0.46 0.52
3 4 0.31 0.66
3 5 0.28 0.76
3 6 0.85 0.08
3 7 0.64 0.77
3 8 0.29 0.92
3 9 0.32 0.64
3 10 1 0.22
4 5 0.24 0.98
4 7 0.29 0.94
4 10 0.54 0.05
4 12 0.58 0.81
4 13 0.6 0.45
5 11 0.52 0.75
5 13 0.62 0.52
6 7 0.63 0.02
6 8 0.25 0.84
6 9 0.6 0.78
7 9 0.66 0.33
7 13 0.69 0.57
7 14 0.81 0.06
7 15 0.7 0.71
8 11 0.82 0.03
8 12 0.98 0.91
8 13 0.61 0.22
9 11 0.24 0.67
10 12 0.57 0.52
11 15 0.69 0.02
13 15 0.24 0.41
