0 1 0.63 0.58
0 2 0.39 0.1
0 3 0.09 0.64
0 4 0.6 0.93
0 6 0.34 0.87
0 7 0.74 0.07
0 8 0.27 0.5
0 9 0.31 0.69
0 10 0.52 0.54
0 13 0.86 0.25
0 15 0.6 0.62
1 2 0.15 0.15
1 3 0.18 0.8
1 4 0.71 0.77
1 5 0.07 0.21
1 7 0.92 0.73
1 8 0.19 0.98
1 9 0.54 0.29
1 12 0.54 0.18
1 14 0.25 0.31
1 15 0.48 1
2 3 0.53 0.75
2 5 0.25 0.46
2 6 0.63 0.65
2 8 0.63 0.97
3 4 0.3 0.73
3 5 0.14 0.81
3 9 0.86 0.4
3 12 0.1 0.38
3 13 0.8 0.51
4 6 0.82 0.58
4 11 0.61 0.63
4 14 0.39 0.32
6 7 0.78 0.49
6 10 0.85 0.27
6 11 0.69 0.91
6 12 0.63 0.43
6 13 0.32 0.66
7 10 0.65 0.54
8 11 0.65 0.26
9 15 0.99 0.6
10 14 0.53 0.42
