0 1 0.87 0.07
0 2 0.69 0.79
0 3 0.23 0.8
0 4 0.55 0.82
0 5 0.21 0.86
0 6 0.52 0.33
0 7 0.59 0.61
0 8 0.5 0.09
0 9 0.16 0.45
0 10 0.23 0.16
0 12 0.11 0.86
0 13 0.04 0.15
0 14 0.78 0.44
0 15 0.88 0.44
1 2 0.18 0.76
1 3 0.79 0.38
1 4 0.22 0.51
1 5 0.55 0.56
1 6 0.16 0.97
1 9 0.5 0.59
1 10 0.37 0.21
1 11 0.61 0.16
1 13 0.09 0.05
1 15 0.32 0.75
2 3 0.38 0.69
2 4 0.73 0.72
2 5 0.33 0.64
2 6 0.46 0.61
2 7 0.02 0.83
2 11 0.07 0.51
2 14 0.03 0.98
3 4 0.72 0.79
3 5 0.81 0.05
3 6 0.13 0.02
3 7 0.14 0.71
3 8 0.05 0.29
3 11 0.45 0.72
3 12 0.76 0.83
3 13 0.72 0.1
5 8 0.4 0.8
6 7 0.57 0.78
6 8 0.46 0.76
6 9 0.05 0.58
8 9 0.23 0.13
8 10 0.49 0.18
9 10 0.29 0.97
9 11 0.62 0.54
9 14 0.43 0.73
10 12 0.2 0.16
10 15 0.51 0.77
11 12 0.32 0.47
12 13 0.96 0.11
13 14 0.28 0.63
13 15 0.59 0.9
