0 1 0.85 0.55
0 2 0.95 0.64
0 3 0.19 0.53
0 4 0.66 0.44
0 5 0.76 0.32
0 6 0.21 0.59
0 7 0.96 0.46
0 8 0.92 0.62
0 9 0.42 0.53
0 11 0.74 0.24
0 13 0.85 0.19
0 15 0.81 0.93
1 2 0.66 0.36
1 3 0.44 0.03
1 4 0.43 0.58
1 5 0.6 0.19
1 6 0.04 0.53
1 10 0.98 0.08
1 14 0.58 0.3
1 15 0.4 0.88
2 3 0.48 0.8
2 4 0.3 0.2
2 5 0.59 0.54
2 7 0.31 0.83
2 8 0.61 0.39
2 9 0.77 0.21
2 11 0.28 0.84
2 12 0.64 0.65
2 15 0.36 0.22
3 4 0.53 0.56
3 5 0.51 0.02
3 6 0.33 0.32
3 9 0.15 0.46
3 13 0.52 0.09
4 5 0.7 0.46
4 6 0.01 0.08
4 7 0.22 0.33
4 8 0.45 0.28
4 9 0.98 0.79
4 10 0.29 0.83
4 11 0.3 0.99
4 12 0.76 0.86
4 15 0.72 0.31
5 6 0.13 0.6
5 7 0.89 0.89
5 8 0.57 0.75
5 12 0.71 0.57
5 14 0.77 0.6
6 7 0.98 0.51
6 10 0.22 0.87
6 11 0.23 0.38
6 12 0.85 0.52
6 13 0.99 0.91
7 8 0.07 0.37
7 9 1 0.1
7 10 0.24 0.62
7 11 0.57 0.51
7 14 0.18 0.82
8 10 0.53 0.49
10 14 0.39 0.01
10 15 0.11 0.08
11 12 0.25 0.22
11 13 0.33 0.08
11 14 0.53 0.14
12 13 0.16 0.32
