0 1 0.5 0.41
0 2 0.1 0.12
0 3 0.04 0.02
0 4 0.99 0.07
0 5 0.36 0.76
0 6 0.73 0.23
0 8 0.66 0.63
0 9 0.74 0.26
0 10 0.81 0.56
1 2 0.08 0.88
1 3 0.01 0.61
1 4 0.83 0.39
1 7 0.39 0.64
1 8 0.29 0.71
1 9 0.66 0.91
1 10 0.64 0.14
1 11 0.07 0.42
1 13 0.36 0.45
2 3 0.74 0.77
2 4 0.96 0.32
2 5 0.75 0.2
2 6 0.46 0.57
2 7 0.72 0.94
2 11 0.23 0.58
3 4 0.51 0.4
3 5 0.42 0.12
3 6 0.62 0.78
4 5 0.43 0.55
4 7 0.4 0.58
4 8 0.69 0.71
4 9 0.96 0.94
4 11 0.45 0.62
4 12 0.34 0.69
4 14 0.69 0.83
5 6 0.13 0.85
5 7 0.37 0.41
5 10 0.62 0.58
5 15 0.35 0.16
6 11 0.43 0.33
6 12 0.22 0.21
6 15 0.36 0.12
7 8 0.27 0.8
7 12 0.51 0.86
7 13 0.51 0.17
7 14 0.12 0.7
7 15 0.91 0.75
8 9 0.94 0.54
8 10 0.92 0.43
9 12 0.4 0.65
9 13 0.45 0.47
10 15 0.52 0.13
11 13 0.12 0.18
12 14 0.45 0.3
13 14 0.05 0.86
