0 1 0.51 0.58
0 2 0.21 0.85
0 3 0.26 0.43
0 4 0.99 0.69
0 5 0.55 0.12
0 7 0.03 0.35
0 8 0.68 0.29
0 10 0.41 0.64
0 12 0.67 0.44
0 14 0.4 0.66
1 2 0.23 0.37
1 3 0.15 0.59
1 4 0.33 0.64
1 5 0.73 0.31
1 6 0.58 0.36
1 10 0.38 0.18
2 3 0.62 0.2
2 4 0.1 0.87
2 5 0.68 0.09
2 6 0.93 0.62
2 7 0.73 0.5
2 8 0.59 0.72
2 9 0.59 0.78
2 10 0.03 0.83
2 11 0.46 0.69
2 13 0.9 0.44
2 14 0.51 0.15
2 15 1 0.4
3 4 0.83 0.69
3 5 0.28 0.76
3 6 0.54 0.89
3 7 0.16 0.21
3 8 0.61 0.51
3 9 0.84 0.66
3 11 0.19 0.79
3 12 0.5 0.81
4 9 0.44 0.19
4 15 0.25 0.18
5 6 0.31 0.06
5 11 0.07 0.24
5 13 0.7 0.55
6 7 0.37 0.58
6 8 0.97 0.71
6 9 0.21 0.37
6 14 0.77 0.8
7 12 0.82 0.04
8 10 0.99 0.4
8 13 0.98 0.6
9 11 0.12 0.08
9 13 0.25 0.03
9 15 0.22 0.46
10 14 0.95 0.89
10 15 0.13 0.66
11 12 0.64 0.58
