0 1 0.86 0.34
0 2 0.27 0.62
0 3 0.32 0.61
0 4 0.04 0.23
0 10 0.39 0.22
0 11 0.39 0.88
0 12 0.63 0.56
0 13 0.51 0.92
0 14 0.87 0.15
0 15 0.06 0.04
1 2 0.51 0.13
1 3 0.04 0.18
1 5 0.08 0.18
1 6 0.05 0.31
1 8 0.48 0.88
1 9 0.81 0.61
1 11 0.8 0.2
1 13 0.03 0.04
2 3 0.61 0.97
2 4 0.51 0.92
2 7 0.68 0.59
2 8 0.21 0.51
2 15 0.13 0.31
3 4 0.32 0.9
3 5 0.03 0.78
3 6 0.85 0.68
3 7 0.81 0.71
3 10 0.46 0.49
3 12 0.15 0.16
3 14 0.28 0.47
3 15 0.57 0.35
4 5 0.05 0.62
4 6 0.55 0.81
4 7 0.75 0.24
4 11 0.89 0.63
4 13 0.92 0.77
6 9 0.45 0.37
6 12 0.68 0.48
6 14 0.83 0.68
7 8 0.87 0.01
7 9 1 0.6
7 10 0.28 0.53
