0 1 1 0.69
0 2 0.27 0.79
0 3 0.83 0.13
0 4 0.94 0.23
0 7 0.2 0.34
1 2 0.92 0.73
1 3 0.87 0.92
1 4 0.91 0.06
1 5 0.03 0.41
1 6 0.16 0.46
1 10 0.45 0.48
1 12 0.1 0.03
2 3 0.07 0.71
2 4 0.87 0.71
2 7 0.39 0.03
2 9 0.7 0.8
2 10 0.27 0.57
2 11 0.04 0.51
2 12 0.8 0.47
3 5 0.18 0.28
3 6 0.58 0.95
3 8 0.95 0.2
3 11 0.3 0.97
3 12 0.35 0.09
3 15 0.83 0.23
4 5 0.71 0.21
4 6 0.96 0.85
4 8 0.59 0.14
4 11 0.98 0.55
4 14 0.81 0.71
5 14 0.9 0.13
6 7 0.31 0.32
6 8 0.47 0.56
6 9 0.52 0.43
6 10 0.22 0.69
6 13 0.05 0.91
6 15 0.66 0.63
7 9 0.76 0.9
7 14 0.81 0.38
11 13 0.39 0.5
12 13 0.18 0.01
12 15 0.18 0.8
