0 1 0.42 0.11
0 2 0.41 0.72
0 3 0.42 0.75
0 4 0.74 0.85
0 5 0.26 0.85
0 6 0.3 0.03
0 7 0.58 0.87
0 9 0.84 0.62
0 12 0.7 0.49
0 13 0.03 0.05
0 14 0.03 0.16
0 15 0.97 0.77
1 2 0.95 0.92
1 3 0.01 0.95
1 4 0.02 0.66
1 5 0.76 0.82
1 6 0.73 0.16
1 8 0.25 0.81
1 9 0.32 0.92
1 11 0.28 0.91
1 14 0.83 0.34
2 3 0.89 0.27
2 4 0.58 0.65
2 5 0.92 0.6
2 6 0.94 0.72
2 7 0.1 0.42
2 10 0.41 0.56
2 11 0.77 0.11
2 12 0.84 0.7
3 4 0.44 0.29
3 6 0.9 0.29
3 12 0.28 0.65
3 13 0.71 0.59
3 14 0.58 0.23
4 5 0.42 0.57
4 7 0.81 0.55
4 9 0.51 0.52
4 11 0.53 0.4
4 12 0.01 0.98
5 7 0.28 0.7
5 8 0.49 0.88
5 10 0.68 0.52
5 11 0.22 0.22
6 8 0.02 0.74
7 8 0.64 0.76
7 10 0.28 0.68
8 9 0.35 0.29
8 10 0.22 0.32
8 14 0.76 0.83
8 15 0.32 0.76
9 13 0.95 0.97
10 15 0.89 0.07
11 13 0.71 0.64
12 15 0.62 0.6
