0 1 0.9 0.22
0 2 0.64 0.48
0 3 0.76 0.05
0 4 0.67 0.56
0 5 0.88 0.42
0 6 0.43 0.1
1 2 0.45 0.1
1 3 0.86 0.21
1 4 0.66 0.35
1 5 0.24 0.76
1 7 0.32 0.12
1 11 0.21 0.01
1 13 0.28 0.87
2 3 0.76 0.26
2 6 0.59 0.04
2 7 0.04 0.97
2 8 0.84 0.69
3 4 0.55 0.76
3 7 0.83 0.74
3 8 0.2 0.96
3 9 0.46 0.84
3 10 0.9 0.11
3 11 0.79 0.47
3 12 0.48 0.33
3 13 0.02 0.55
3 15 0.84 0.06
4 5 0.71 0.69
4 6 0.94 0.05
4 14 0.26 0.53
4 15 0.53 0.27
5 10 0.33 0.44
6 8 0.01 0.73
6 9 0.37 1
6 13 0.66 0.67
6 15 0.72 0.3
7 9 0.53 0.14
7 14 0.34 0.72
8 10 0.29 0.91
8 11 0.97 0.37
8 12 0.63 0.34
9 12 0.17 0.39
9 14 0.03 0.69
