0 1 0.52 0.29
0 2 0.72 0.43
0 3 0.64 0.82
0 4 0.98 0.98
0 7 0.02 0.37
0 8 0.98 0.69
0 9 0.12 0.47
0 10 0.17 0.66
0 13 0.42 0.62
0 14 0.6 0.36
1 2 0.11 0.83
1 3 0.44 0.57
1 4 0.19 0.75
1 5 0.92 0.42
1 6 0.41 0.01
1 7 0.81 0.09
1 8 0.09 0.52
1 9 0.4 0.15
1 10 0.36 0.75
1 11 0.07 0.23
1 12 0.88 0.07
2 3 0.09 0.36
2 4 0.48 0.36
2 5 0.21 0.83
2 6 0.79 0.03
2 14 0.07 0.3
3 4 0.5 0.67
3 5 0.07 0.82
3 6 0.03 1
3 12 0.62 0.22
3 13 0.92 0.19
3 15 0.19 0.23
4 5 0.58 0.97
4 7 0.06 0.06
4 8 0.48 0.31
4 9 0.52 0.78
4 12 0.89 0.42
4 14 0.23 0.19
5 6 0.28 0.65
5 9 0.77 0.84
5 10 0.5 0.35
5 13 0.82 0.77
5 14 0.2 0.27
5 15 0.08 0.26
6 7 0.25 0.09
6 8 0.11 0.69
6 10 0.28 0.51
6 11 0.54 0.96
6 15 0.86 0.22
7 15 0.73 0.56
8 11 0.72 0.85
9 11 0.09 0.95
11 12 0.85 0.94
11 13 0.52 0.7
