0 1 0.62 0.17
0 2 0.9 0.42
0 3 0.54 0.59
0 4 0.27 0.02
0 5 0.88 0.33
0 7 0.21 0.93
0 8 0.75 0.21
0 9 0.07 0.47
0 10 0.16 0.77
0 11 0.12 0.83
0 13 0.68 0.24
1 2 0.67 0.42
1 3 0.49 0.04
1 4 0.82 0.58
1 5 0.23 0.53
1 6 0.22 0.15
1 7 0.42 0.6
1 9 0.4 0.99
1 14 0.9 0.14
2 3 0.32 0.22
2 4 0.46 0.34
2 6 0.57 0.42
2 9 0.08 0.18
2 14 0.44 0.51
3 4 0.94 0.09
3 5 0.45 0.93
3 6 0.78 0.18
3 10 0.45 0.37
3 11 0.46 0.79
3 12 0.78 0.58
3 13 0.47 0.55
3 15 0.31 0.08
4 5 0.54 0.86
4 9 0.24 0.33
4 12 0.29 0.29
4 13 0.35 0.43
5 6 0.42 0.99
5 7 0.37 0.41
5 8 0.63 0.92
5 11 0.1 0.6
6 7 0.4 0.07
6 8 0.37 0.35
6 10 0.47 0.64
6 14 0.55 0.7
7 8 0.86 0.62
7 10 0.25 0.98
9 12 0.42 0.1
10 11 0.35 0.38
10 12 0.9 0.07
10 15 0.46 0.85
12 13 0.89 0.37
12 14 0.36 0.79
12 15 0.36 0.04
13 15 0.91 0.54
