0 1 0.13 0.97
0 2 0.16 0.12
0 3 0.5 0.27
0 4 0.99 0.85
0 5 0.27 0.07
0 6 0.75 0.97
0 8 0.45 0.4
0 11 0.35 0.31
0 12 0.1 0.08
0 14 0.41 0.04
0 15 0.86 0.3
1 2 0.95 0.04
1 3 0.64 0.57
1 4 0.12 0.57
1 5 0.9 0.16
1 6 0.24 0.83
1 11 0.46 0.47
1 13 0.74 0.09
2 3 0.77 0.24
2 4 0.04 0.43
2 7 0.97 0.25
2 10 0.56 0.4
2 11 0.26 0.36
2 14 0.2 0.68
3 4 0.42 0.34
3 5 0.01 0.04
3 6 0.73 0.66
3 7 0.29 0.84
3 8 0.56 0.14
3 9 0.34 0.14
3 10 0.2 0.95
3 11 0.25 0.12
3 14 0.87 0.41
4 5 0.29 0.99
4 6 0.11 0.01
4 7 0.52 0.67
4 9 0.57 0.61
4 10 0.46 0.34
4 13 0.46 0.84
5 7 0.36 0.61
5 8 0.48 0.2
5 9 0.66 0.85
5 12 0.74 0.64
5 13 0.98 0.44
5 15 0.42 0.27
6 9 0.55 0.44
6 10 0.28 0.22
6 12 0.2 0.08
6 15 0.92 0.12
7 8 0.04 0.17
10 12 0.72 0.21
10 15 0.14 0.8
11 13 0.21 0.04
12 14 0.46 1
