0 1 0.7 0.3
0 2 0.12 0.16
0 3 0.51 0.06
0 4 0.75 0.95
0 7 0.8 0.22
0 9 0.14 0.19
1 2 0.2 0.48
1 3 0.64 0.99
1 5 0.53 0.26
1 6 0.35 0.77
1 7 0.61 0.36
1 8 0.76 0.68
1 10 0.29 0.78
1 12 0.47 0.72
1 14 0.71 0.68
2 3 0.77 0.49
2 4 0.19 0.22
2 5 0.34 0.79
2 6 0.33 0.67
2 9 0.22 0.05
2 11 0.4 0.08
2 12 0.96 0.17
3 4 0.02 0.3
3 7 0.22 0.72
3 8 0.38 0.93
3 14 0.02 0.28
4 5 0.14 0.09
4 11 0.87 0.99
4 15 0.14 0.26
5 6 0.58 0.62
5 8 0.46 0.35
5 11 0.12 0.91
5 15 0.65 0.54
6 9 0.95 0.54
7 10 0.14 0.71
7 15 0.63 0.59
8 13 0.07 0.61
9 10 0.81 0.23
9 12 0.79 0.56
9 14 0.76 0.01
10 13 0.84 0.58
12 13 0.94 0.38
