0 1 0.58 0.82
0 2 0.45 0.51
0 3 0.35 0.01
0 4 0.94 0.79
0 5 0.15 0.65
0 6 0.82 0.22
0 8 0.8 0.46
0 10 0.62 0.45
0 11 0.85 0.46
1 2 0.46 0.09
1 3 0.5 0.97
1 4 0.88 0.84
1 5 0.28 0.6
1 6 0.54 0.59
1 7 0.59 0.4
1 11 0.59 0.05
1 14 0.23 0.02
1 15 0.58 0.57
2 3 1 0.6
2 4 0.34 0.88
2 5 0.19 0.33
2 6 0.7 0.84
2 7 0.79 0.23
2 9 0.74 0.9
2 10 0.48 0.24
2 11 0.27 0.27
2 12 0.18 0.62
2 13 0.94 0.7
2 14 0.75 0.79
3 4 0.55 0.9
3 5 0.53 0.83
3 6 0.72 0.61
3 10 0.96 0.24
3 12 0.74 0.67
4 7 0.65 0.76
4 9 0.34 0.74
4 14 0.83 0.62
5 8 0.87 0.77
5 12 0.88 0.35
5 13 0.79 0.31
5 14 0.45 0.13
6 7 0.8 0.53
6 8 0.7 0.88
6 9 0.67 0.47
6 15 0.68 0.42
7 8 0.21 0.11
7 9 0.55 0.26
7 12 0.35 0.7
7 15 0.71 0.59
8 10 0.2 0.69
9 13 0.86 0.3
9 15 0.01 0.59
10 11 0.11 0.7
12 13 0.13 0.87
