0 1 0.06 0.08
0 2 0.82 0.22
0 3 0.54 0.1
0 4 0.82 0.45
0 5 0.47 0.57
0 6 0.93 0.7
0 7 0.63 0.17
0 9 0.94 0.55
0 12 0.53 0.79
0 13 0.25 0.61
0 14 0.83 0.43
0 15 0.43 0.96
1 2 0.05 0.41
1 3 0.99 0.25
1 4 0.1 0.96
1 5 0.74 0.57
1 6 0.81 0.3
1 8 0.89 0.62
1 9 0.52 0.1
1 11 0.89 0.57
1 14 0.16 0.72
2 3 0.33 0.81
2 4 0.43 0.13
2 5 0.22 0.06
2 6 0.38 0.17
2 7 0.95 0.97
2 10 0.19 0.94
2 11 0.74 0.02
2 12 0.59 0.72
3 4 0.18 0.24
3 6 0.73 0.78
3 12 0.41 0.33
3 13 0.3 0.33
3 14 0.65 0.83
4 5 0.5 0.51
4 7 0.22 0.77
4 9 0.48 0.39
4 11 0.13 0.37
4 12 0.73 0.12
5 7 0.96 0.45
5 8 0.25 0.72
5 10 0.75 0.31
5 11 0.62 0.26
6 8 0.65 0.4
7 8 0.82 0.7
7 10 0.59 0.46
8 9 0.22 0.14
8 10 0.77 0.97
8 14 0.59 0.81
8 15 0.63 0.07
9 13 0.75 0.77
10 15 0.92 0.27
11 13 0.73 0.37
12 15 0.01 0.1
