0 1 0.63 0.98
0 2 0.88 0.42
0 3 0.58 0.81
0 4 0.22 0.94
0 5 0.77 0.21
0 6 0.64 0.66
0 7 0.24 0.96
0 8 0.08 0.16
0 11 0.44 0.65
0 15 0.07 1
1 2 0.79 0.71
1 3 0.66 0.27
1 4 0.5 0.3
1 6 0.89 0.19
1 7 0.61 0.55
1 12 1 0.48
1 13 0.4 0.74
2 3 0.66 0.82
2 5 0.78 0.92
2 6 0.54 0.98
2 8 0.23 0.25
2 9 0.28 0.06
2 10 0.62 0.99
3 4 0.5 0.11
4 5 0.51 0.79
4 9 0.02 0.87
4 10 0.67 0.75
4 12 0.54 0.65
5 7 1 0.51
5 9 0.31 0.52
5 11 0.19 0.04
5 14 0.91 0.19
7 8 0.57 0.16
8 10 0.34 0.37
9 11 0.5 0.59
9 13 0.47 0.07
9 14 0.11 0.48
9 15 0.29 0.23
10 12 0.19 0.38
10 15 0.93 1
11 13 0.81 0.02
13 14 0.04 0.67
