0 1 0.48 0.39
0 2 0.64 0.41
0 3 0.53 0.69
0 4 0.41 0.08
0 5 0.96 0.54
0 6 0.98 0.35
0 8 0.33 0.19
0 10 0.32 0.65
0 11 0.02 0.08
1 2 0.41 0.56
1 3 0.87 0.5
1 4 0.39 0.53
1 5 0.49 0.78
1 6 0.63 0.79
1 7 0.48 0.79
1 11 1 0.86
1 14 0.77 0.35
1 15 0.07 0.94
2 3 0.25 0.51
2 4 1 0.37
2 5 0.04 0.57
2 6 0.03 0.78
2 7 0.92 0.41
2 9 0.11 0.12
2 10 0.57 0.38
2 11 0.98 0.27
2 12 0.18 0.06
2 13 0.6 0.92
2 14 0.85 1
3 4 0.13 0.24
3 5 0.73 0.23
3 6 0.19 0.79
3 10 0.43 0.01
3 12 0.56 0.49
4 7 0.81 0.68
4 9 0.34 0.53
4 14 0.6 0.93
5 8 0.42 0.32
5 12 0.18 0.23
5 13 0.43 0.31
5 14 0.83 0.7
6 7 0.26 0.72
6 8 0.65 0.34
6 9 0.77 0.88
6 15 0.26 0.29
7 8 0.74 0.07
7 9 0.08 0.97
7 12 0.24 0.39
7 15 0.15 0.91
8 10 0.97 0.67
9 13 0.86 0.59
9 15 0.3 0.89
10 11 0.2 0.11
12 13 0.18 0.77
