0 1 0.2 0.16
0 2 0.69 0.33
0 3 0.05 0.07
0 4 0.31 0.34
0 5 0.31 0.73
0 7 0.91 0.51
0 8 0.47 0.44
0 10 0.96 0.27
0 11 0.3 0.71
0 12 0.44 0.91
1 2 0.32 0.26
1 3 0.17 0.32
1 4 0.75 0.3
1 6 0.28 0.73
1 11 0.88 0.23
1 12 0.32 0.51
1 13 0.7 0.45
1 15 0.43 0.95
2 3 0.76 0.3
2 5 0.08 0.73
2 7 0.62 0.67
2 11 0.16 0.74
2 12 0.91 0.24
2 13 0.27 0.86
2 15 0.96 0.03
3 4 0.53 0.31
3 5 0.96 0.01
3 6 0.16 0.58
3 7 0.45 0.86
3 9 0.84 0.72
4 6 0.31 0.1
4 8 0.66 0.72
4 9 0.23 0.06
5 10 0.81 0.17
5 15 0.39 0.5
6 14 0.57 0.64
7 8 0.19 0.46
8 9 0.61 0.38
8 10 0.59 0.5
9 14 0.7 0.13
11 14 0.04 0.29
12 13 0.95 0.47
