0 1 0.74 0.79
0 2 0.69 0.92
0 3 0.18 0.53
0 4 0.95 0.59
0 5 0.06 0.51
0 7 0.6 0.56
0 9 0.18 0.79
0 15 0.35 0.97
1 2 0.43 0.44
1 3 0.97 0.12
1 4 0.42 0.02
1 5 0.92 0.84
1 6 0.13 0.89
1 7 0.25 0.75
1 8 0.73 0.7
1 9 0.79 0.5
1 10 0.38 0.71
1 11 0.45 0.53
1 13 0.23 0.98
1 14 0.48 0.96
2 3 0.35 0.43
2 4 0.32 0.3
2 5 0.64 0.49
2 6 0.12 0.6
2 7 0.54 0.61
2 8 0.68 0.2
2 10 0.24 0.27
2 11 0.41 0.71
2 13 0.54 0.28
2 14 0.35 0.21
2 15 0.35 0.86
3 4 0.03 0.51
3 5 0.75 0.01
3 6 0.24 0.51
3 7 0.98 0.79
3 8 0.5 0.04
3 10 0.77 0.99
3 12 0.3 0.35
4 5 0.93 0.12
4 6 0.17 0.03
4 8 0.63 0.61
4 9 0.59 0.55
4 12 0.4 0.79
4 13 0.94 0.84
4 14 0.76 0.58
5 6 0.08 0.3
5 10 0.91 0.2
6 7 0.22 0.63
6 9 0.79 0.25
6 11 0.26 0.21
6 12 0.02 0.66
7 8 0.99 0.21
7 10 0.77 0.89
7 11 0.14 0.96
7 15 0.66 0.88
8 9 0.7 0.31
8 14 0.37 0.94
9 13 0.81 0.12
9 14 0.9 0.83
10 11 0.13 0.61
10 12 0.75 0.04
10 13 0.56 0.47
11 12 0.84 0.36
12 15 0.88 0.83
14 15 0.22 0.48
