0 1 0.54 0.74
0 2 0.98 0.57
0 3 0.31 0.97
0 4 0.92 0.2
0 5 0.01 0.4
0 8 0.63 0.76
0 12 0.05 0.79
0 13 0.2 0.88
0 15 0.19 0.22
1 2 0.68 0.19
1 3 0.89 0.98
1 4 0.83 0.93
1 6 0.12 0.92
1 7 0.46 0.08
1 13 0.38 0.91
1 14 0.19 0.06
2 3 0.99 0.05
2 4 0.22 0.66
2 5 0.83 0.1
2 7 0.33 0.31
2 10 0.6 0.35
2 11 0.18 0.49
2 15 0.35 0.05
3 4 0.37 0.35
3 5 0.71 0.96
3 6 0.57 0.28
3 7 0.46 0.17
3 9 0.62 0.94
4 5 0.28 0.47
4 6 0.56 0.91
4 8 0.17 0.74
4 10 1 0.36
4 11 0.06 0.21
5 6 0.35 0.29
5 7 1 0.4
5 8 0.5 0.56
5 9 0.27 0.06
5 12 0.55 0.42
5 13 0.43 0.08
6 8 0.07 0.96
6 9 0.84 0.44
6 14 0.7 0.79
7 10 0.56 0.36
7 12 0.45 0.34
7 13 0.94 0.2
8 9 0.26 0.18
8 11 0.59 0.66
8 14 0.53 0.14
8 15 0.59 0.78
9 10 0.75 0.88
9 11 0.23 0.41
9 12 0.51 0.38
11 14 0.28 0.79
11 15 0.85 0.91
