0 1 0.01 0.84
0 2 0.69 0.36
0 3 0.84 0.13
0 4 0.64 0.32
0 6 0.54 0.74
0 7 0.13 0.12
0 10 0.17 0.41
0 12 0.24 0.57
0 13 0.83 0.32
0 14 0.73 0.59
1 2 0.15 0.62
1 3 0.51 0.31
1 4 0.93 0.06
1 5 0.61 0.03
1 6 0.87 0.14
1 7 0.59 0.2
1 8 0.09 0.15
1 9 0.76 0.38
1 11 0.7 0.82
1 13 0.15 0.1
1 14 0.78 0.26
1 15 0.26 0.3
2 3 0.83 0.52
2 5 0.87 0.16
2 9 0.11 0.23
2 11 0.07 0.27
2 12 0.25 0.51
2 13 0.47 0.71
3 4 0.28 0.81
3 8 0.67 0.45
4 5 0.19 0.18
4 6 0.16 0.16
4 7 0.33 0.14
4 8 0.45 0.62
4 11 0.17 0.93
5 15 0.24 0.67
6 10 0.94 0.4
7 12 0.91 0.6
8 9 0.32 0.61
8 10 0.7 0.67
8 14 0.72 0.45
11 15 0.08 0.39
