0 1 0.7 0.04
0 2 0.87 0.78
0 3 0.06 0.65
0 4 0.32 0.13
0 7 0.45 0.95
0 8 0.1 0.65
0 9 0.49 0.57
0 12 0.24 0.01
0 13 0.09 0.13
0 14 0.39 0.31
1 2 0.8 0.58
1 3 0.73 0.83
1 4 0.87 0.49
1 5 0.04 0.31
1 6 0.17 0.57
1 8 0.54 0.59
1 9 0.95 0.86
1 10 0.72 0.07
1 12 0.9 0.15
1 13 0.61 0.74
1 15 0.87 0.47
2 3 0.6 0.89
2 4 0.57 0.19
2 5 0.73 0.56
2 14 0.1 0.21
3 4 0.68 0.59
3 5 0.94 0.52
3 6 0.57 0.67
3 8 0.26 0.51
3 12 0.03 0.53
3 14 0.29 0.3
3 15 0.05 0.51
4 5 0.2 0.75
4 6 0.59 0.27
4 7 0.82 0.63
4 15 0.1 0.3
5 6 0.99 0.92
5 7 0.96 0.41
5 8 0.88 0.48
5 10 0.79 0.97
5 11 0.76 0.59
5 12 0.54 0.14
5 13 0.01 0.23
6 7 0.97 0.65
6 15 0.99 0.94
7 9 0.94 0.82
7 10 0.57 0.46
7 11 0.72 0.55
8 9 0.57 0.52
8 14 0.25 0.34
9 10 0.46 0.66
9 11 0.2 0.4
9 13 0.26 0.15
10 11 0.66 0.18
