0 1 0.45 0.91
0 2 0.4 0.79
0 3 0.1 0.38
0 4 0.67 0.13
0 5 0.8 0.43
0 6 0.93 0.6
0 7 0.65 0.17
0 8 0.94 0.77
0 11 0.37 0.7
1 2 0.74 0.03
1 3 0.54 0.5
1 4 0.28 0.35
1 5 0.45 0.88
1 9 0.32 0.72
1 10 0.92 0.62
1 12 0.68 0.18
1 13 0.14 0.27
1 15 0.21 0.88
2 3 0.83 0.39
2 4 0.45 0.7
2 5 0.28 0.18
2 7 0.91 0.23
2 8 0.87 0.95
2 9 0.15 0.45
2 11 0.18 0.83
2 13 0.91 0.68
3 4 0.41 0.4
3 6 0.34 0.87
3 7 0.42 0.19
3 8 0.41 0.87
3 9 0.19 0.53
3 10 0.24 0.6
3 11 0.33 1
3 14 0.63 0.93
4 5 0.63 0.23
4 6 0.77 0.78
5 6 0.83 0.47
5 7 0.34 0.91
5 9 0.16 0.84
5 10 0.75 0.41
5 11 0.84 0.97
6 10 0.39 0.01
6 13 0.18 0.27
7 8 0.88 0.23
7 12 0.23 0.98
7 14 0.99 0.47
7 15 0.52 0.15
8 12 0.54 0.68
8 14 0.78 0.86
9 12 0.84 0.03
9 15 0.56 0.51
10 15 0.17 0.2
11 14 0.94 0.53
12 13 0.94 0.77
