0 1 0.31 0.79
0 2 0.03 0.9
0 3 0.96 0.4
0 4 0.42 0.91
0 6 0.68 0.64
0 9 0.75 0.91
0 11 0.54 0.91
0 12 0.05 0.96
0 13 0.82 0.72
0 14 0.95 0.97
0 15 0.95 0.48
1 2 0.18 0.76
1 3 0.16 0.03
1 4 0.85 0.72
1 5 0.76 0.52
1 6 0.02 0.59
1 7 0.11 0.58
1 9 0.46 0.63
1 10 0.01 0.88
1 11 0.21 0.51
2 3 0.18 0.95
2 4 0.39 0.74
2 5 0.47 0.15
2 6 0.49 0.52
2 7 0.27 0.34
2 8 0.77 0.37
3 5 0.81 0.07
3 8 0.18 0.82
3 9 0.51 0.86
3 10 0.84 0.07
3 12 0.99 0.48
4 8 0.21 0.12
4 12 0.31 0.84
4 13 0.73 0.63
4 14 0.66 0.24
5 11 0.31 0.83
6 7 0.96 0.49
6 10 0.58 0.89
9 13 0.06 0.36
12 14 0.21 0.81
12 15 0.21 0.8
13 15 0.22 0.59
