0 1 0.15 0.84
0 2 0.4 0.61
0 3 0.13 0.91
0 4 0.43 0.85
0 5 0.02 0.37
0 6 0.6 0.88
0 8 0.12 0.15
0 10 0.3 0.28
0 11 0.58 0.34
1 2 0.12 0.08
1 3 0.44 0.37
1 4 0.8 0.31
1 5 0.36 0.52
1 6 0.11 0.89
1 7 0.98 0.47
1 11 0.23 0.35
1 14 0.29 0.54
1 15 0.11 0.56
2 3 0.15 0.58
2 4 0.07 0.97
2 5 0.09 0.85
2 6 0.14 0.42
2 7 0.15 0.67
2 9 0.47 1
2 10 0.56 0.69
2 11 0.9 0.14
2 12 0.4 0.01
2 13 0.35 0.24
2 14 0.46 0.09
3 4 0.35 0.36
3 5 0.43 0.22
3 6 0.73 0.98
3 10 0.37 0.31
3 12 0.93 0.08
4 7 0.78 0.54
4 9 0.79 0.7
4 14 0.21 0.55
5 8 0.82 0.22
5 12 0.43 0.14
5 13 0.75 0.57
5 14 0.01 0.7
6 7 0.58 0.39
6 8 0.97 0.17
6 9 0.22 0.66
6 15 0.99 0.04
7 8 0.54 0.92
7 9 0.64 0.86
7 12 0.16 0.54
7 15 0.29 0.94
8 10 0.49 0.65
9 13 0.86 0.47
9 15 0.14 0.89
10 11 0.74 0.36
12 13 0.24 0.65
