0 1 0.53 0.75
0 2 0.35 0.85
0 3 0.38 0.33
0 4 0.5 0.39
0 5 0.07 0.69
0 6 0.58 0.03
0 7 0.7 0.56
0 8 0.41 0.38
0 11 0.84 0.57
1 2 0.75 0.76
1 3 0.24 0.49
1 4 0.6 0.6
1 5 0.5 0.18
1 9 0.82 0.74
1 10 0.5 0.93
1 12 0.2 0.16
1 13 0.82 0.44
1 15 0.69 0.64
2 3 0.07 0.49
2 4 0.91 0.7
2 5 0.77 0.99
2 7 0.45 0.07
2 8 0.82 0.84
2 9 0.51 0.83
2 11 0.43 0.05
2 13 0.28 0.53
3 4 0.64 0.48
3 6 0.71 0.1
3 7 0.24 0.94
3 8 0.74 0.81
3 9 0.93 0.2
3 10 0.58 0.99
3 11 0.28 0.13
3 14 0.19 0.64
4 5 0.04 0.66
4 6 0.1 0.6
5 6 0.9 0.39
5 7 0.29 0.91
5 9 0.68 0.98
5 10 0.31 0.21
5 11 0.89 0.74
6 10 0.39 0.19
6 13 0.95 0.65
7 8 0.57 0.44
7 12 0.38 0.05
7 14 1 0.83
7 15 0.49 0.27
8 12 0.71 0.07
8 14 0.45 0.59
9 12 0.03 0.16
9 15 0.93 0.43
10 15 0.87 0.91
11 14 0.74 0.95
12 13 0.85 0.04
