0 1 0.74 0.36
0 2 0.76 0.31
0 3 0.28 0.35
0 4 0.29 0.63
0 7 0.33 0.12
0 9 0.35 0.61
1 2 0.85 0.04
1 3 0.81 0.38
1 5 0.42 0.87
1 6 0.14 0.11
1 7 0.02 0.49
1 8 0.85 0.94
1 10 0.47 0.86
1 12 0.66 0.19
1 14 0.56 0.41
2 3 0.3 0.34
2 4 0.47 0.73
2 5 0.97 0.47
2 6 0.71 0.56
2 9 0.39 0.15
2 11 0.69 0.1
2 12 0.22 0.95
3 4 0.86 0.16
3 7 0.58 0.36
3 8 0.6 0.71
3 14 0.54 0.98
4 5 0.46 0.91
4 11 0.82 0.25
4 15 0.6 0.87
5 6 0.16 0.61
5 8 0.37 0.97
5 11 0.99 0.62
5 15 0.91 0.17
6 9 0.87 0.29
7 10 0.31 0.36
7 15 0.96 0.36
8 13 0.62 0.45
9 10 0.29 0.51
9 12 0.5 0.98
9 14 0.81 0.43
10 13 0.4 0.78
12 13 0.99 0.99
