0 1 0.72 0.69
0 2 0.61 0.97
0 3 0.04 0.38
0 4 0.79 0.73
0 5 0.75 0.37
0 6 0.8 0.38
0 10 0.71 0.91
0 12 0.81 0.1
1 2 0.11 0.73
1 3 0.67 0.5
1 4 0.75 0.18
1 5 0.66 0.23
1 6 0.61 0.11
1 7 0.3 0.67
1 10 0.32 0.64
1 14 0.51 0.74
2 3 0.34 0.44
2 4 0.95 0.3
2 6 0.93 0.35
2 11 0.52 0.27
2 12 0.86 0.81
2 13 0.27 0.23
2 15 0.74 0.77
3 4 0.11 0.71
3 5 0.42 0.3
3 9 0.56 0.29
3 11 0.37 0.71
4 5 0.58 0.38
4 7 0.39 0.53
4 8 0.79 0.49
4 9 0.26 0.18
4 13 0.16 1
4 14 0.86 0.4
5 6 0.24 0.84
5 7 0.33 0.48
5 8 0.66 0.56
5 9 0.44 0.76
5 12 0.06 0.54
5 14 0.53 0.73
5 15 0.36 0.89
6 7 0.53 0.76
6 8 0.17 0.71
6 9 0.85 0.85
6 13 0.61 0.62
6 14 0.83 0.01
7 8 0.51 0.03
7 11 0.7 0.64
8 10 0.94 0.76
8 11 0.35 0.92
8 12 0.54 0.3
8 13 0.53 0.62
8 15 0.95 0.89
9 10 0.64 0.64
11 15 0.07 0.65
