0 1 0.09 0.01
0 2 0.01 0.17
0 3 0.27 0.3
0 4 0.73 0.29
0 6 0.88 0.6
0 9 0.87 0.05
0 11 0.56 0.14
0 12 0.71 0.29
0 13 0.25 0.5
0 14 0.43 0.47
0 15 0.19 0.61
1 2 0.63 0.69
1 3 0.84 0.17
1 4 0.99 0.25
1 5 0.43 0.46
1 6 0.59 0.49
1 7 0.51 0.03
1 9 0.27 0.09
1 10 0.96 0.9
1 11 0.54 0.31
2 3 0.31 0.24
2 4 0.83 0.73
2 5 0.92 0.87
2 6 0.82 0.74
2 7 0.26 0.93
2 8 0.35 0.59
3 5 0.51 0.31
3 8 0.43 0.17
3 9 0.84 1
3 10 0.22 0.63
3 12 0.17 0.05
4 8 0.86 0.63
4 12 0.85 0.04
4 13 0.45 0.99
4 14 0.88 0.4
5 11 0.92 0.02
6 7 0.91 0.44
6 10 0.29 0.86
9 13 0.54 0.2
12 14 0.05 0.46
12 15 0.68 0.24
13 15 0.34 0.62
