0 1 0.19 0.83
0 2 0.57 0.35
0 3 0.54 0.39
0 4 0.3 0.77
0 7 0.08 0.13
0 8 0.94 0.12
0 9 0.46 0.88
0 12 0.02 0.23
0 13 0.83 0.75
0 14 0.42 0.85
1 2 0.06 0.46
1 3 0.54 0.91
1 4 0.53 0.59
1 5 0.28 0.97
1 6 0.53 0.83
1 8 0.98 0.57
1 9 0.08 0.37
1 10 0.8 0.04
1 12 0.92 0.59
1 13 0.44 0.6
1 15 0.96 0.53
2 3 0.65 0.73
2 4 0.05 0.73
2 5 0.34 0.82
2 14 0.11 0.38
3 4 0.28 0.53
3 5 0.32 0.58
3 6 0.85 0.89
3 8 0.08 0.04
3 12 0.63 0.14
3 14 0.26 0.32
3 15 0.43 0.97
4 5 0.47 0.03
4 6 0.6 0.21
4 7 0.29 0.63
4 15 0.36 0.55
5 6 0.46 0.08
5 7 0.39 0.99
5 8 0.72 1
5 10 0.77 0.71
5 11 0.36 0.83
5 12 0.33 0.01
5 13 0.25 0.64
6 7 0.25 0.33
6 15 0.26 0.25
7 9 0.92 0.26
7 10 0.74 1
7 11 0.18 0.49
8 9 0.46 0.39
8 14 0.08 0.84
9 10 0.24 0.12
9 11 0.18 0.78
9 13 0.82 0.75
10 11 0.31 0.52
