0 1 0.36 0.39
0 2 0.45 0.06
0 3 0.42 0.96
0 4 0.72 0.87
0 5 0.15 0.04
0 6 0.73 0.81
0 8 0.03 0.11
0 11 0.03 0.73
0 12 0.93 0.5
0 14 0.72 0.81
0 15 0.19 0.72
1 2 0.19 0.92
1 3 0.28 0.47
1 4 0.84 0.82
1 5 0.25 0.9
1 6 0.08 0.46
1 11 0.49 0.2
1 13 0.76 0.72
2 3 0.05 0.57
2 4 0.87 0.5
2 7 0.08 0.6
2 10 0.56 0.39
2 11 0.07 0.58
2 14 0.55 0.51
3 4 0.64 0.24
3 5 0.11 0.9
3 6 0.87 0.61
3 7 0.25 0.51
3 8 0.87 0.87
3 9 0.03 0.77
3 10 0.4 0.3
3 11 0.45 0.08
3 14 0.32 0.71
4 5 0.98 0.15
4 6 0.24 0.82
4 7 0.46 0.59
4 9 0.83 0.03
4 10 0.43 0.53
4 13 0.08 0.68
5 7 0.56 0.16
5 8 0.76 0.06
5 9 0.78 0.16
5 12 0.96 0.88
5 13 0.24 0.3
5 15 1 0.04
6 9 0.58 0.02
6 10 0.8 0.3
6 12 0.11 0.67
6 15 0.33 0.75
7 8 0.52 0.31
10 12 0.85 0.31
10 15 0.52 0.27
11 13 0.56 0.53
12 14 0.42 0.91
