0 1 0.59 0.13
0 2 0.21 0.92
0 3 0.34 0.06
0 4 0.62 0.88
0 5 0.32 0.87
0 6 0.97 0.85
0 9 0.04 0.69
0 10 0.45 0.73
0 14 0.13 0.2
1 2 0.16 0.37
1 3 0.29 0.57
1 4 0.97 0.73
1 9 0.07 0.41
1 11 0.88 0.46
1 12 0.87 0.71
2 3 0.27 0.45
2 7 0.41 0.22
2 15 0.6 0.21
3 4 0.14 0.59
3 5 0.59 0.05
3 6 0.5 0.35
3 11 0.41 0.61
3 13 0.78 0.63
4 5 0.63 0.01
4 6 0.07 0.28
4 7 0.85 0.45
4 8 0.36 0.35
4 9 0.16 0.55
4 12 0.59 0.92
4 15 0.21 0.34
5 8 0.8 0.18
5 12 0.59 0.96
6 7 0.93 0.17
6 8 0.86 0.03
6 10 0.85 0.51
6 11 0.76 0.1
6 13 0.7 0.55
8 13 0.83 0.7
8 14 0.38 0.09
9 10 0.05 0.5
9 14 0.95 0.1
13 15 0.4 0.83
