0 1 0.8 0.86
0 2 0.68 0.49
0 3 0.95 0.88
0 4 0.98 0.34
0 5 0.51 0.47
0 7 0.27 0.53
0 8 0.82 0.19
0 9 0.01 0.01
0 10 0.86 0.24
0 11 0.77 0.79
0 13 0.15 0.09
1 2 0.93 0.9
1 3 0.19 0.24
1 4 0.74 0.17
1 5 0.41 0.76
1 6 0.69 0.66
1 7 0.71 0.13
1 9 0.1 0.08
1 14 0.76 0.81
2 3 0.06 0.64
2 4 0.98 0.52
2 6 0.68 0.51
2 9 1 0.95
2 14 0.45 0.03
3 4 0.34 0.43
3 5 0.82 0.55
3 6 0.87 0.15
3 10 0.2 0.92
3 11 0.39 0.36
3 12 0.36 0.37
3 13 0.59 0.66
3 15 0.3 0.52
4 5 0.71 0.8
4 9 0.11 0.54
4 12 0.82 0.61
4 13 0.12 0.86
5 6 0.19 0.76
5 7 0.36 0.3
5 8 0.27 0.91
5 11 0.8 0.48
6 7 0.28 0.15
6 8 0.08 0.35
6 10 0.49 0.54
6 14 0.71 0.64
7 8 0.51 0.22
7 10 0.07 0.49
9 12 0.4 0.42
10 11 0.92 0.34
10 12 0.75 0.16
10 15 0.01 0.04
12 13 0.73 0.78
12 14 0.85 0.69
12 15 0.98 0.2
13 15 0.06 0.09
