0 1 0.4 0.08
0 2 0.04 0.49
0 3 0.16 0.46
0 4 0.62 0.69
0 6 0.47 0.06
0 7 0.45 0.48
0 10 1 0.96
0 12 0.39 0.34
0 13 0.31 0.48
0 14 0.96 0.38
1 2 0.88 0.11
1 3 0.92 0.06
1 4 0.12 0.92
1 5 0.06 0.83
1 6 0.62 0.29
1 7 0.24 0.21
1 8 0.99 0.6
1 9 0.65 0.55
1 11 0.13 0.39
1 13 0.81 0.78
1 14 0.68 0.7
1 15 0.22 0.89
2 3 0.24 0.94
2 5 0.5 0.71
2 9 0.47 0.55
2 11 0.76 0.28
2 12 0.26 0.03
2 13 0.45 0.91
3 4 0.07 0.72
3 8 0.53 0.73
4 5 0.45 0.89
4 6 0.67 0.84
4 7 0.53 0.58
4 8 0.07 0.94
4 11 0.59 0.35
5 15 0.14 0.21
6 10 0.09 0.33
7 12 0.98 0.91
8 9 0.23 0.43
8 10 0.27 0.85
8 14 0.42 0.22
11 15 0.87 0.23
