0 1 0.4 0.24
0 2 0.1 0.14
0 3 0.87 0.15
0 4 0.72 0.43
0 5 0.27 0.18
0 7 0.27 0.45
0 8 0.91 0.18
0 9 0.15 0.98
0 10 0.94 0.84
0 11 0.15 0.51
0 13 0.02 0.88
1 2 0.89 0.65
1 3 0.45 0.13
1 4 0.51 0.93
1 5 0.62 0.89
1 6 0.28 0.15
1 7 0.62 0.2
1 9 0.06 0.55
1 14 0.48 0.55
2 3 0.74 0.67
2 4 0.19 0.28
2 6 0.14 0.09
2 9 0.06 0.96
2 14 0.32 0.44
3 4 0.56 0.19
3 5 0.74 0.2
3 6 0.63 0.92
3 10 0.33 0.93
3 11 0.46 0.33
3 12 0.37 0.55
3 13 0.39 0.3
3 15 0.65 0.89
4 5 0.58 0.37
4 9 0.35 0.44
4 12 0.27 0.04
4 13 0.27 0.64
5 6 0.49 0.36
5 7 0.08 0.79
5 8 0.32 0.43
5 11 0.65 0.95
6 7 0.51 0.93
6 8 0.02 0.23
6 10 0.42 0.38
6 14 0.24 0.58
7 8 0.57 0.38
7 10 0.03 0.44
9 12 0.44 0.09
10 11 0.3 0.44
10 12 0.76 0.42
10 15 0.5 0.9
12 13 0.78 0.03
12 14 0.2 0.03
12 15 0.35 0.07
13 15 0.1 0.45
