0 1 0.87 0.17
0 2 0.35 0.77
0 3 0.45 0.59
0 4 0.78 0.85
0 5 1 0.78
0 7 0.52 0.08
0 8 0.22 0.31
0 10 0.03 0.85
0 11 0.24 0.65
0 12 0.3 0.34
1 2 0.19 0.91
1 3 0.75 0.67
1 4 0.96 0.24
1 6 0.66 0.89
1 11 0.3 0.57
1 12 0.97 0.36
1 13 0.75 0.42
1 15 0.22 0.92
2 3 0.95 0.01
2 5 0.78 0.53
2 7 0.63 0.63
2 11 0.92 0.88
2 12 0.81 0.47
2 13 0.12 0.58
2 15 0.67 0.38
3 4 0.16 0.01
3 5 0.7 0.88
3 6 0.25 0.24
3 7 0.43 0.54
3 9 0.33 0.61
4 6 0.64 0.37
4 8 0.59 0.85
4 9 0.76 0.12
5 10 0.31 0.25
5 15 0.49 0.45
6 14 0.83 0.98
7 8 0.51 0.78
8 9 0.61 0.21
8 10 0.54 0.02
9 14 0.29 0.67
11 14 0.07 0.23
12 13 0.01 0.63
