0 1 0.16 0.51
0 2 0.97 0.96
0 3 0.17 0.83
0 4 0.16 0.07
0 7 0.47 0.49
0 8 0.14 0.67
0 9 0.09 0.57
0 10 0.03 0.03
0 13 0.75 0.13
0 14 0.3 0.71
1 2 0.41 0.48
1 3 0.45 0.33
1 4 0.95 0.28
1 5 0.72 0.6
1 6 0.74 0.89
1 7 0.14 0.74
1 8 0.77 0.57
1 9 0.91 0.25
1 10 0.19 0.53
1 11 0.96 0.22
1 12 0.36 0.77
2 3 0.24 0.59
2 4 0.58 0.3
2 5 0.77 0.13
2 6 0.42 0.98
2 14 0.33 0.36
3 4 0.3 0.27
3 5 0.92 0.86
3 6 0.69 0.11
3 12 0.55 0.33
3 13 0.4 0.51
3 15 0.35 0.23
4 5 0.23 0.57
4 7 0.53 0.11
4 8 0.29 0.7
4 9 0.4 0.99
4 12 0.76 0.75
4 14 0.68 0.84
5 6 0.91 0.78
5 9 0.71 0.21
5 10 0.96 0.37
5 13 0.39 0.52
5 14 0.6 0.31
5 15 0.68 0.81
6 7 0.72 0.16
6 8 0.38 0.23
6 10 0.53 0.68
6 11 0.91 0.33
6 15 0.65 0.95
7 15 0.08 0.12
8 11 0.26 0.58
9 11 0.93 0.1
11 12 0.44 0.64
11 13 0.98 0.52
