0 1 0.16 0.97
0 2 0.35 0.14
0 3 0.16 0.7
0 4 0.78 0.46
0 5 0.96 0.63
0 8 0.86 0.73
0 12 0.64 0.98
0 13 0.49 0.6
0 15 0.62 0.67
1 2 0.05 0.64
1 3 0.44 0.61
1 4 0.41 0.47
1 6 0.06 0.02
1 7 0.35 0.68
1 13 0.69 0.76
1 14 0.4 0.84
2 3 0.52 0.69
2 4 0.51 0.41
2 5 0.55 0.65
2 7 0.41 0.92
2 10 0.95 0.42
2 11 0.71 0.74
2 15 0.16 0.03
3 4 0.54 0.25
3 5 0.8 0.59
3 6 0.19 0.6
3 7 0.31 0.06
3 9 0.12 0.8
4 5 0.92 0.46
4 6 0.89 0.84
4 8 0.85 0.2
4 10 0.81 0.68
4 11 0.27 0.78
5 6 0.08 0.12
5 7 0.43 0.84
5 8 0.78 0.28
5 9 0.51 0.98
5 12 0.11 0.5
5 13 0.04 0.52
6 8 0.51 0.9
6 9 0.23 0.01
6 14 0.21 0.32
7 10 0.67 0.09
7 12 0.48 0.41
7 13 0.76 0.29
8 9 0.35 0.07
8 11 0.24 0.09
8 14 0.69 0.69
8 15 0.4 0.38
9 10 0.59 0.99
9 11 1 0.53
9 12 0.37 0.53
11 14 0.58 0.39
11 15 0.69 0.63
