0 1 0.11 0.09
0 2 0.41 0.78
0 3 0.62 0.4
0 10 0.08 0.95
0 13 0.07 0.02
0 15 0.06 0.13
1 2 0.76 0.33
1 3 0.03 0.78
1 4 0.93 0.88
1 5 0.37 0.66
1 6 0.79 0.31
1 7 0.39 0.13
1 10 0.22 0.7
2 3 0.98 0.41
2 4 0.76 0.68
2 5 0.88 0.09
2 6 0.4 0.8
2 7 0.7 0.08
2 8 0.92 0.88
2 9 0.08 0.3
2 11 0.27 0.73
2 13 0.03 0.32
3 4 0.41 0.44
3 5 0.3 0.48
3 11 0.7 0.1
4 6 0.87 0.8
4 14 1 0.11
5 8 0.53 0.41
5 9 0.42 0.66
5 11 0.32 0.07
5 13 0.83 0.33
5 14 0.61 0.82
5 15 0.63 1
6 7 0.56 0.97
6 8 0.8 0.46
6 9 0.92 0.36
6 10 0.21 0.38
6 12 1 0.62
8 12 0.54 0.28
9 15 0.31 0.08
11 12 0.79 0.57
13 14 0.43 0.42
