0 1 0.94 0.63
0 2 0.87 0.57
0 3 0.09 0.43
0 4 0.28 0.67
0 5 0.13 0.12
0 6 0.39 0.24
1 2 0.04 0.29
1 3 0.99 0.53
1 4 0.12 0.62
1 5 0.69 0.44
1 7 0.89 0.9
1 11 0.66 0.18
1 13 0.47 0.55
2 3 0.07 0.59
2 6 0.51 0.86
2 7 0.36 0.58
2 8 0.9 0.85
3 4 0.11 0.92
3 7 0.22 0.07
3 8 0.95 0.07
3 9 0.38 0.94
3 10 0.92 0.09
3 11 0.81 0.34
3 12 0.9 0.26
3 13 0.44 0.55
3 15 0.74 0.18
4 5 0.68 0.72
4 6 0.9 0.26
4 14 0.82 0.71
4 15 0.41 0.05
5 10 0.59 0.44
6 8 0.78 0.51
6 9 0.89 0.79
6 13 0.15 0.8
6 15 0.58 0.59
7 9 0.36 0.71
7 14 0.26 0.93
8 10 0.81 0.49
8 11 0.57 0.78
8 12 0.59 0.13
9 12 0.91 0.16
9 14 0.57 0.48
