0 1 0.31 0.97
0 2 0.68 0.4
0 3 0.52 0.03
0 4 0.03 0.48
0 5 0.28 0.49
0 6 0.22 0.24
1 2 0.97 0.42
1 3 0.53 0.59
1 4 0.69 0.24
1 5 0.84 0.89
1 7 1 0.13
1 11 0.85 0.95
1 13 0.5 0.81
2 3 0.68 0.55
2 6 0.35 0.93
2 7 0.57 0.46
2 8 0.89 0.69
3 4 0.59 0.08
3 7 0.75 0.55
3 8 0.52 0.68
3 9 0.27 0.48
3 10 0.31 0.04
3 11 0.08 0.3
3 12 0.13 0.62
3 13 0.87 0.52
3 15 0.8 0.42
4 5 0.57 0.62
4 6 0.22 0.31
4 14 0.62 0.5
4 15 0.68 0.3
5 10 0.04 0.5
6 8 0.65 0.79
6 9 0.09 0.55
6 13 0.01 0.64
6 15 0.17 0.41
7 9 0.48 0.68
7 14 0.04 0.15
8 10 0.8 0.11
8 11 0.86 0.87
8 12 0.6 0.05
9 12 0.89 0.98
9 14 0.26 0.04
