0 1 0.43 0.85
0 2 0.12 0.72
0 3 0.17 0.17
0 4 0.96 0.42
0 7 0.54 0.7
0 9 0.95 0.06
1 2 0.9 0.41
1 3 0.09 0.42
1 5 0.75 0.76
1 6 0.5 0.92
1 7 0.52 0.29
1 8 0.46 0.55
1 10 0.56 0.76
1 12 0.99 0.69
1 14 0.14 0.7
2 3 0.26 0.46
2 4 0.7 0.09
2 5 0.69 0.08
2 6 0.9 0.42
2 9 0.01 0.99
2 11 0.18 0.01
2 12 0.41 0.19
3 4 0.36 0.41
3 7 0.8 0.96
3 8 0.8 0.37
3 14 0.75 0.91
4 5 0.99 0.45
4 11 0.03 0.85
4 15 0.89 0.67
5 6 0.48 0.61
5 8 0.65 0.99
5 11 0.99 0.61
5 15 0.03 0.69
6 9 0.54 0.37
7 10 0.33 0.74
7 15 0.4 0.89
8 13 0.43 0.22
9 10 0.53 0.68
9 12 0.07 0.18
9 14 0.17 0.04
10 13 0.01 0.62
12 13 0.55 0.91
