0 1 0.48 0.46
0 2 0.45 0.9
0 3 0.05 0.27
0 4 0.23 0.27
0 5 0.4 0.78
0 7 0.61 0.39
0 8 0.98 0.8
0 10 0.69 0.82
0 11 0.89 0.48
0 12 0.74 0.39
1 2 0.55 0.5
1 3 0.48 0.97
1 4 0.89 0.06
1 6 0.38 0.47
1 11 0.46 0.05
1 12 0.44 0.6
1 13 0.2 0.95
1 15 0.24 0.64
2 3 0.7 0.07
2 5 0.6 0.33
2 7 0.29 0.07
2 11 0.66 0.6
2 12 0.96 0.04
2 13 0.45 0.84
2 15 0.59 0.41
3 4 0.75 0.3
3 5 0.11 0.53
3 6 0.92 0.15
3 7 0.09 0.17
3 9 0.65 0.9
4 6 0.72 0.18
4 8 0.38 0.76
4 9 0.49 0.05
5 10 0.37 0.08
5 15 1 0.67
6 14 0.46 0.65
7 8 0.39 0.6
8 9 0.46 0.26
8 10 0.42 0.65
9 14 0.77 0.35
11 14 0.35 0.55
12 13 0.88 0.73
