0 1 0.75 0.83
0 2 0.25 0.11
0 3 0.24 0.31
0 4 0.55 0.11
0 5 0.96 0.36
0 7 0.87 0.79
0 9 0.41 0.83
0 15 0.92 0.41
1 2 0.38 0.37
1 3 0.13 0.49
1 4 0.89 0.04
1 5 0.97 0.4
1 6 0.17 0.35
1 7 0.5 0.73
1 8 0.19 0.73
1 9 0.24 0.84
1 10 0.81 0.54
1 11 0.79 0.35
1 13 0.66 0.98
1 14 0.14 0.55
2 3 0.77 0.76
2 4 0.39 0.35
2 5 0.09 0.21
2 6 0.58 0.07
2 7 0.52 0.71
2 8 0.64 0.23
2 10 0.24 0.1
2 11 0.42 0.96
2 13 0.98 0.68
2 14 0.72 0.01
2 15 0.96 0.63
3 4 0.41 0.41
3 5 0.17 0.85
3 6 0.88 0.83
3 7 0.42 0.47
3 8 0.88 0.84
3 10 0.87 0.72
3 12 0.47 0.05
4 5 0.93 0.12
4 6 0.42 0.48
4 8 0.94 0.73
4 9 0.15 0.73
4 12 0.83 0.28
4 13 0.04 0.9
4 14 0.61 0.41
5 6 0.56 0.73
5 10 0.88 0.36
6 7 0.19 0.69
6 9 0.39 0.71
6 11 0.74 0.61
6 12 0.26 0.98
7 8 0.68 0.42
7 10 0.97 0.84
7 11 0.78 0.57
7 15 0.85 0.61
8 9 0.16 0.89
8 14 0.26 0.81
9 13 0.21 0.2
9 14 0.52 0.58
10 11 1 0.42
10 12 0.04 0.13
10 13 0.97 0.08
11 12 0.72 0.29
12 15 0.93 0.55
14 15 0.41 0.24
