0 1 0.53 0.71
0 2 0.67 0.01
0 3 0.3 0.03
0 4 0.25 0.46
0 5 0.91 0.88
0 6 0.79 0.63
0 9 0.03 0.72
0 10 0.6 0.49
0 14 0.75 0.51
1 2 0.17 0.57
1 3 0.82 0.21
1 4 0.27 0.5
1 9 0.08 0.5
1 11 0.74 0.24
1 12 0.69 0.66
2 3 0.43 0.34
2 7 0.83 0.22
2 15 0.78 0.26
3 4 0.14 0.71
3 5 0.91 0.53
3 6 0.26 0.79
3 11 0.38 0.55
3 13 0.16 0.85
4 5 0.66 0.1
4 6 0.15 0.49
4 7 0.85 0.88
4 8 0.82 0.45
4 9 0.4 0.03
4 12 0.92 0.33
4 15 0.87 0.32
5 8 0.08 0.61
5 12 0.97 0.47
6 7 0.09 0.92
6 8 0.18 0.93
6 10 0.43 0.84
6 11 0.37 0.75
6 13 0.53 0.45
8 13 0.87 0.67
8 14 0.17 0.4
9 10 0.64 0.62
9 14 0.13 0.91
13 15 0.37 0.69
