0 1 0.96 0.15
0 2 0.38 0.02
0 3 0.12 0.8
0 4 0.08 0.4
0 5 0.04 0.17
0 8 0.8 0.67
0 12 0.9 0.09
0 13 0.93 0.77
0 15 0.43 0.06
1 2 0.76 0.45
1 3 0.22 0.38
1 4 0.25 0.93
1 6 0.67 0.27
1 7 0.56 0.1
1 13 0.07 0.19
1 14 0.36 0.28
2 3 0.6 0.81
2 4 0.88 0.59
2 5 0.02 0.2
2 7 0.88 0.78
2 10 0.53 0.08
2 11 0.43 0.17
2 15 0.34 0.89
3 4 0.19 0.56
3 5 0.36 0.59
3 6 0.82 0.62
3 7 0.05 0.98
3 9 0.46 0.19
4 5 0.68 0.22
4 6 0.14 0.29
4 8 1 0.12
4 10 0.89 0.47
4 11 0.19 0.03
5 6 0.77 0.35
5 7 0.91 0.52
5 8 0.05 0.37
5 9 0.05 0.15
5 12 0.81 0.99
5 13 0.27 0.5
6 8 0.19 0.12
6 9 0.19 0.21
6 14 0.32 0.46
7 10 0.46 0.09
7 12 0.18 0.42
7 13 0.2 0.34
8 9 0.45 0.97
8 11 0.83 0.57
8 14 0.39 0.08
8 15 0.36 0.59
9 10 0.32 0.05
9 11 0.63 1
9 12 0.59 0.15
11 14 0.4 0.59
11 15 0.68 0.73
