0 1 0.68 0.49
0 2 0.86 0.65
0 3 0.43 0.58
0 4 0.12 0.34
0 5 0.25 0.38
0 7 0.99 0.35
0 9 0.66 0.05
0 12 0.62 0.2
0 14 0.09 0.94
0 15 0.63 0.05
1 2 0.4 0.34
1 3 0.8 0.87
1 4 0.32 0.4
1 5 0.36 0.15
1 6 0.74 0.96
1 7 0.73 0.19
1 11 0.21 0.79
1 13 0.85 0.9
1 14 1 0.08
2 3 0.39 0.28
2 4 0.56 0.05
2 5 0.78 0.25
2 8 0.63 0.85
2 10 0.12 0.16
2 14 0.11 0.62
3 4 0.12 0.83
3 6 0.73 0.19
3 7 0.69 0.79
3 8 0.93 0.31
3 9 0.04 0.95
3 10 0.76 0.95
3 14 0.23 0.24
4 5 0.14 0.91
4 6 0.01 0.68
4 8 0.15 0.85
5 6 0.92 0.28
5 7 0.48 0.39
5 8 0.03 0.33
5 9 0.29 0.61
5 10 0.59 0.78
5 11 0.55 0.79
5 12 0.41 0.25
5 13 0.08 0.74
7 10 0.96 0.69
7 11 0.49 0.68
7 13 0.67 0.96
8 9 0.78 0.68
8 11 0.49 0.19
9 13 0.77 0.27
10 12 0.19 0.96
11 12 0.44 0.54
11 15 0.76 0.86
13 15 0.3 0.5
14 15 0.89 0.28
