0 1 0.33 0.18
0 2 0.55 0.31
0 3 0.37 0.35
0 4 0.31 0.08
0 5 0.67 0.45
0 6 0.51 0.46
0 9 0.32 0.79
0 10 0.8 0.17
0 14 0.27 0.01
1 2 0.55 0.42
1 3 0.23 0.24
1 4 0.16 0.57
1 9 0.03 0.63
1 11 0.4 0.14
1 12 0.83 0.71
2 3 0.27 0.08
2 7 0.41 0.82
2 15 0.24 0.87
3 4 0.96 0.37
3 5 0.83 0.1
3 6 0.06 0.61
3 11 0.3 0.99
3 13 0.03 0.73
4 5 0.73 0.92
4 6 0.38 0.07
4 7 0.42 0.73
4 8 0.35 0.18
4 9 0.15 0.56
4 12 0.3 0.23
4 15 0.89 0.22
5 8 0.37 0.85
5 12 0.45 0.01
6 7 0.52 0.03
6 8 1 0.33
6 10 0.51 0.93
6 11 0.03 0.2
6 13 0.27 0.31
8 13 0.22 0.21
8 14 0.5 0.41
9 10 0.65 0.05
9 14 0.43 0.41
13 15 0.15 0.02
