0 1 0.55 0.06
0 2 0.48 0.52
0 3 0.43 0.53
0 4 0.62 0.9
0 5 0.98 0.72
0 7 0.69 0.04
0 9 0.92 0.04
0 12 0.76 0.35
0 14 0.68 0.57
0 15 0.43 0.44
1 2 0.16 0.36
1 3 0.54 0.38
1 4 0.4 0.33
1 5 0.36 0.67
1 6 0.47 0.13
1 7 0.1 0.91
1 11 0.76 0.21
1 13 0.82 0.4
1 14 0.03 0.6
2 3 0.58 0.24
2 4 0.78 0.34
2 5 0.92 0.74
2 8 0.82 0.59
2 10 0.17 0.94
2 14 0.02 0.62
3 4 0.23 0.52
3 6 0.43 0.39
3 7 0.39 0.55
3 8 0.61 0.34
3 9 0.27 0.09
3 10 0.53 0.53
3 14 0.95 0.56
4 5 0.06 0.55
4 6 0.93 0.77
4 8 0.24 0.55
5 6 1 0.3
5 7 0.21 0.41
5 8 0.64 0.66
5 9 0.26 0.04
5 10 0.64 0.19
5 11 0.11 0.2
5 12 0.93 0.72
5 13 0.48 0.28
7 10 0.79 0.69
7 11 0.63 0.8
7 13 0.32 0.65
8 9 0.13 0.9
8 11 0.03 0.17
9 13 0.64 0.07
10 12 0.19 0.79
11 12 0.02 0.15
11 15 0.95 0.65
13 15 0.91 0.34
14 15 0.83 0.18
