0 1 0.97 0.88
0 2 0.93 0.06
0 3 0.23 0.78
0 4 0.18 0.54
0 5 0.41 0.44
0 7 0.25 0.36
0 9 0.11 0.63
0 15 0.98 0.59
1 2 0.29 0.43
1 3 0.97 0.59
1 4 0.52 0.22
1 5 0.76 0.08
1 6 0.11 0.56
1 7 0.54 0.54
1 8 0.06 0.27
1 9 0.75 0.73
1 10 0.2 0.17
1 11 0.34 0.86
1 13 0.75 0.73
1 14 0.09 0.33
2 3 0.57 0.59
2 4 0.08 0.24
2 5 0.5 0.68
2 6 0.78 0.44
2 7 0.73 0.89
2 8 0.97 0.69
2 10 1 0.38
2 11 0.03 0.66
2 13 0.17 0.57
2 14 0.96 0.64
2 15 0.91 0.64
3 4 0.48 0.35
3 5 0.68 0.96
3 6 0.56 0.17
3 7 0.34 0.92
3 8 0.32 0.65
3 10 0.29 0.09
3 12 0.49 0.4
4 5 0.59 0.62
4 6 0.91 0.31
4 8 0.01 0.78
4 9 0.8 0.12
4 12 0.78 0.87
4 13 0.15 0.49
4 14 0.55 0.52
5 6 0.19 0.77
5 10 0.77 0.13
6 7 0.24 0.59
6 9 0.57 1
6 11 0.29 0.84
6 12 0.29 0.32
7 8 0.86 0.69
7 10 0.85 0.04
7 11 0.87 0.48
7 15 0.67 0.45
8 9 0.97 0.59
8 14 0.23 0.61
9 13 0.02 0.42
9 14 0.91 0.29
10 11 0.56 0.71
10 12 0.2 0.81
10 13 0.88 0.94
11 12 0.28 0.27
12 15 0.69 0.2
14 15 0.38 0.32
