0 1 0.2 0.33
0 2 0.12 0.18
0 3 0.45 0.92
0 10 0.35 0.33
0 13 0.9 0.61
0 15 0.71 0.68
1 2 0.56 0.79
1 3 0.96 0.97
1 4 0.48 0.55
1 5 0.2 0.98
1 6 0.9 0.5
1 7 0.62 0.69
1 10 0.97 0.87
2 3 0.9 0.1
2 4 0.8 0.52
2 5 0.83 0.35
2 6 0.72 0.12
2 7 0.31 0.06
2 8 0.89 0.95
2 9 0.52 0.47
2 11 0.72 0.17
2 13 0.89 0.98
3 4 0.45 0.13
3 5 0.31 0.71
3 11 0.8 0.66
4 6 0.82 0.84
4 14 0.34 0.05
5 8 0.31 0.95
5 9 0.64 0.49
5 11 0.59 0.76
5 13 0.91 0.32
5 14 0.82 0.99
5 15 0.69 0.76
6 7 0.63 0.64
6 8 0.84 0.94
6 9 0.3 0.55
6 10 0.23 0.15
6 12 0.39 0.62
8 12 0.25 0.64
9 15 0.82 0.78
11 12 0.4 0.08
13 14 0.85 0.32
