0 1 0.53 0.93
0 2 0.84 0.21
0 3 0.36 0.77
0 4 0.29 0.62
0 5 0.11 0.4
0 8 0.61 0.89
0 12 0.28 0.59
0 13 0.73 0.49
0 15 0.52 0.9
1 2 0.06 0.02
1 3 0.14 1
1 4 0.78 0.47
1 6 0.3 0.92
1 7 0.94 0.1
1 13 0.72 0.26
1 14 0.08 0.53
2 3 0.8 0.38
2 4 0.06 0.17
2 5 0.79 0.91
2 7 0.21 0.67
2 10 0.66 0.94
2 11 0.63 0.49
2 15 0.21 0.56
3 4 0.97 0.6
3 5 0.72 0.35
3 6 0.93 0.95
3 7 0.18 0.54
3 9 0.99 0.32
4 5 0.63 0.29
4 6 0.89 0.62
4 8 0.88 0.07
4 10 0.31 0.02
4 11 0.9 0.16
5 6 0.99 0.04
5 7 0.42 0.86
5 8 0.21 0.16
5 9 0.44 0.23
5 12 0.11 0.16
5 13 0.03 0.19
6 8 0.81 0.67
6 9 0.4 0.4
6 14 0.71 0.26
7 10 0.2 0.85
7 12 0.74 0.56
7 13 0.96 0.98
8 9 0.42 0.99
8 11 0.93 0.06
8 14 0.5 0.74
8 15 0.23 0.89
9 10 0.09 0.65
9 11 0.93 0.4
9 12 0.21 0.02
11 14 0.33 0.33
11 15 0.53 0.72
