0 1 0.48 0.33
0 2 0.81 0.91
0 3 0.9 0.54
0 4 0.38 0.46
0 5 0.98 0.62
0 7 0.92 0.47
0 8 0.92 0.82
0 9 0.2 0.87
0 10 0.36 0.23
0 11 0.4 0.75
0 13 0.14 0.13
1 2 0.13 0.22
1 3 0.98 0.48
1 4 0.88 0.91
1 5 0.13 0.91
1 6 0.01 0.27
1 7 0.62 0.83
1 9 0.6 0.62
1 14 0.81 0.14
2 3 0.04 0.39
2 4 0.28 0.67
2 6 0.93 0.03
2 9 0.45 0.73
2 14 0.5 0.89
3 4 0.87 0.79
3 5 0.39 0.06
3 6 0.72 0.3
3 10 0.48 0.36
3 11 0.92 0.26
3 12 0.74 0.99
3 13 0.82 0.04
3 15 0.44 0.5
4 5 0.75 0.87
4 9 0.49 0.35
4 12 0.11 0.03
4 13 0.29 0.69
5 6 0.03 0.42
5 7 0.61 0.28
5 8 0.75 0.2
5 11 0.98 0.16
6 7 0.61 0.07
6 8 0.15 0.16
6 10 0.23 0.07
6 14 0.31 0.54
7 8 0.64 0.97
7 10 0.22 0.06
9 12 0.1 0.38
10 11 0.06 0.5
10 12 0.78 0.19
10 15 0.31 0.39
12 13 0.68 0.67
12 14 0.52 0.26
12 15 0.73 0.87
13 15 0.4 0.35
