0 1 0.23 0.67
0 2 0.79 0.43
0 3 0.4 0.9
0 4 0.68 0.9
0 5 0.55 0.9
0 7 0.32 0.18
0 9 0.94 0.07
0 12 0.04 0.56
0 14 0.97 0.22
0 15 0.46 0.66
1 2 0.83 0.3
1 3 0.88 0.56
1 4 0.27 0.46
1 5 0.12 0.41
1 6 0.12 0.24
1 7 0.98 0.3
1 11 0.85 0.22
1 13 0.9 0.9
1 14 0.55 0.48
2 3 0.96 0.34
2 4 0.08 0.68
2 5 0.91 0.42
2 8 0.68 0.34
2 10 0.24 0.48
2 14 0.85 0.48
3 4 0.01 0.59
3 6 0.04 0.69
3 7 0.83 0.38
3 8 0.79 0.03
3 9 0.21 0.13
3 10 0.01 0.49
3 14 0.17 0.74
4 5 0.49 0.16
4 6 0.51 0.13
4 8 0.53 0.45
5 6 0.19 0.75
5 7 0.82 0.45
5 8 0.1 0.78
5 9 0.41 0.45
5 10 0.36 0.88
5 11 0.15 0.69
5 12 0.98 0.24
5 13 0.34 0.19
7 10 0.13 0.02
7 11 0.73 0.17
7 13 0.02 0.17
8 9 0.35 0.15
8 11 0.93 0.05
9 13 0.7 0.55
10 12 0.76 0.08
11 12 0.88 0.8
11 15 0.23 0.09
13 15 0.76 0.65
14 15 0.36 0.54
