0 1 0.04 0.12
0 2 0.61 0.01
0 3 0.96 0.99
0 4 0.07 0.68
0 7 0.3 0.38
0 9 0.69 0.65
1 2 0.23 0.02
1 3 0.08 0.35
1 5 0.6 0.07
1 6 0.99 0.69
1 7 0.14 0.73
1 8 0.52 0.63
1 10 0.49 0.7
1 12 0.35 0.19
1 14 0.74 0.14
2 3 1 0.88
2 4 0.34 0.5
2 5 0.96 0.54
2 6 0.97 0.25
2 9 0.29 0.8
2 11 0.26 0.83
2 12 0.24 0.03
3 4 0.84 0.57
3 7 0.44 0.95
3 8 0.77 0.68
3 14 0.21 0.11
4 5 0.92 0.54
4 11 0.62 0.98
4 15 0.58 0.88
5 6 0.87 0.59
5 8 0.57 0.47
5 11 0.46 0.3
5 15 0.02 0.85
6 9 0.83 0.51
7 10 0.87 0.35
7 15 0.1 0.72
8 13 0.53 0.5
9 10 0.08 0.17
9 12 0.66 0.95
9 14 0.44 0.24
10 13 0.8 0.83
12 13 0.17 0.08
