0 1 0.53 0.78
0 2 0.78 0.37
0 3 0.06 0.3
0 4 0.68 0.61
0 5 0.88 0.46
0 6 0.47 0.82
0 10 0.85 0.62
0 12 0.65 0.57
1 2 0.44 0.37
1 3 1 0.77
1 4 0.28 0.6
1 5 0.68 0.82
1 6 0.35 0.66
1 7 0.97 0.75
1 10 0.9 0.02
1 14 0.45 0.37
2 3 0.01 0.63
2 4 0.85 0.56
2 6 0.88 0.57
2 11 0.79 1
2 12 0.8 0.05
2 13 0.09 0.46
2 15 0.79 0.45
3 4 0.47 0.65
3 5 0.93 0.72
3 9 0.55 0.12
3 11 0.11 0.86
4 5 0.16 0.81
4 7 0.18 0.56
4 8 0.53 0.91
4 9 0.44 0.73
4 13 0.45 0.12
4 14 0.63 0.85
5 6 0.46 0.18
5 7 0.65 0.7
5 8 0.58 0.5
5 9 0.71 0.4
5 12 0.48 0.75
5 14 0.91 0.76
5 15 1 0.13
6 7 0.17 0.55
6 8 0.23 0.61
6 9 0.97 0.85
6 13 0.11 0.1
6 14 0.89 0.05
7 8 0.7 0.16
7 11 0.03 0.58
8 10 0.63 0.25
8 11 0.62 0.99
8 12 0.61 0.93
8 13 0.85 0.29
8 15 0.62 1
9 10 0.59 0.14
11 15 0.74 0.27
