0 1 0.2 0.51
0 2 0.02 0.97
0 3 0.2 0.32
0 4 0.15 0.44
0 5 0.94 0.74
0 7 0.44 0.7
0 8 0.03 0.64
0 10 0.21 0.77
0 11 0.92 0.87
0 12 0.19 0.55
1 2 0.26 0.58
1 3 0.06 0.95
1 4 0.25 0.96
1 6 0.43 0.38
1 11 0.91 0.53
1 12 0.87 0.02
1 13 0.92 0.68
1 15 0.73 0.71
2 3 0.74 0.07
2 5 0.48 0.48
2 7 0.41 0.96
2 11 0.96 0.08
2 12 0.53 0.88
2 13 0.37 0.16
2 15 0.06 0.19
3 4 0.94 0.95
3 5 0.88 0.7
3 6 0.35 0.66
3 7 0.35 0.59
3 9 0.09 0.99
4 6 0.96 0.93
4 8 0.13 0.25
4 9 0.03 0.35
5 10 0.63 0.65
5 15 0.9 0.22
6 14 0.45 0.06
7 8 0.97 0.98
8 9 0.55 0.89
8 10 0.71 0.79
9 14 0.85 0.25
11 14 0.12 0.7
12 13 0.21 0.95
