0 1 0.69 0.55
0 2 0.29 0.38
0 3 0.16 0.15
0 4 0.31 0.98
0 5 0.7 0.13
0 6 0.21 0.2
0 8 0.16 0.15
0 10 0.76 0.79
0 11 0.75 0.32
1 2 0.52 0.92
1 3 0.47 0.56
1 4 0.93 0.01
1 5 0.81 0.67
1 6 0.49 0.19
1 7 0.89 0.41
1 11 0.65 0.94
1 14 0.11 0.45
1 15 0.58 0.17
2 3 0.54 0.51
2 4 0.63 0.74
2 5 0.57 0.97
2 6 0.14 0.13
2 7 0.7 0.67
2 9 0.56 0.43
2 10 0.9 0.79
2 11 0.43 0.98
2 12 0.6 0.6
2 13 0.82 0.22
2 14 0.94 0.09
3 4 0.48 0.57
3 5 0.35 0.08
3 6 0.98 0.14
3 10 0.46 0.27
3 12 0.21 0.47
4 7 0.66 0.73
4 9 0.32 0.2
4 14 0.99 0.27
5 8 0.37 0.84
5 12 0.41 0.5
5 13 0.75 0.71
5 14 0.56 0.86
6 7 0.14 0.66
6 8 0.68 0.65
6 9 0.6 0.89
6 15 0.02 0.16
7 8 0.77 0.3
7 9 0.09 0.53
7 12 0.18 0.04
7 15 0.02 0.48
8 10 0.74 0.91
9 13 0.09 0.22
9 15 0.5 0.24
10 11 0.81 0.55
12 13 0.87 0.85
