0 1 0.23 0.46
0 2 0.76 0.34
0 3 0.64 0.38
0 4 0.87 0.69
0 5 0.72 0.33
0 7 0.64 0.18
0 9 0.71 0.26
0 15 1 0.82
1 2 0.1 0.13
1 3 0.44 0.77
1 4 0.81 0.08
1 5 0.84 0.77
1 6 0.06 0.27
1 7 0.83 0.16
1 8 0.11 0.73
1 9 0.44 0.16
1 10 0.81 0.64
1 11 0.5 0.44
1 13 0.31 0.95
1 14 0.2 0.09
2 3 0.82 0.57
2 4 0.95 0.85
2 5 0.25 0.45
2 6 0.37 0.86
2 7 0.22 0.2
2 8 0.14 0.95
2 10 0.16 0.45
2 11 0.79 0.52
2 13 0.63 0.51
2 14 0.05 0.09
2 15 0.52 0.42
3 4 0.55 0.99
3 5 0.67 0.57
3 6 0.35 0.98
3 7 0.91 0.47
3 8 0.54 1
3 10 0.71 0.34
3 12 0.36 0.42
4 5 0.43 0.68
4 6 0.28 0.55
4 8 0.89 0.48
4 9 0.13 0.78
4 12 0.94 0.3
4 13 0.94 0.34
4 14 0.21 0.7
5 6 0.36 0.54
5 10 0.47 0.06
6 7 0.11 0.13
6 9 0.44 0.24
6 11 0.73 0.38
6 12 0.38 0.38
7 8 0.82 0.22
7 10 0.68 0.03
7 11 0.12 0.32
7 15 0.65 0.95
8 9 0.83 0.1
8 14 0.56 0.21
9 13 0.65 0.89
9 14 0.04 0.71
10 11 0.31 0.28
10 12 0.53 0.11
10 13 0.94 0.12
11 12 0.01 0.93
12 15 0.17 0.23
14 15 0.81 0.76
