0 1 0.2 0.73
0 2 0.48 0.98
0 3 0.32 0.25
0 4 0.08 0.64
0 6 0.53 0.43
0 9 0.16 0.42
0 11 0.65 0.65
0 12 0.41 0.18
0 13 0.3 0.39
0 14 0.85 0.37
0 15 0.53 0.34
1 2 0.38 0.08
1 3 0.92 0.17
1 4 0.47 0.29
1 5 0.34 0.61
1 6 0.07 0.39
1 7 0.05 0.77
1 9 0.38 0.25
1 10 0.3 0.6
1 11 0.63 0.42
2 3 0.7 0.16
2 4 0.57 0.67
2 5 0.65 0.61
2 6 0.17 0.5
2 7 0.23 0.6
2 8 0.45 0.96
3 5 0.2 0.03
3 8 0.34 0.07
3 9 0.12 0.7
3 10 0.82 0.96
3 12 0.37 0.48
4 8 0.29 0.5
4 12 0.19 0.51
4 13 0.02 0.79
4 14 0.51 0.35
5 11 0.38 0.29
6 7 0.1 0.4
6 10 0.64 0.81
9 13 0.68 0.06
12 14 0.96 0.73
12 15 0.9 0.35
13 15 0.95 0.94
