0 1 0.76 0.07
0 2 0.56 0.51
0 3 0.12 0.65
0 4 0.62 0.86
0 7 0.25 0.32
0 8 0.19 0.33
0 9 0.59 0.97
0 10 0.51 0.92
0 13 0.74 0.28
0 14 0.52 0.61
1 2 0.05 0.92
1 3 0.17 0.87
1 4 0.3 0.71
1 5 0.78 0.47
1 6 0.83 0.1
1 7 0.4 0.62
1 8 0.33 0.14
1 9 0.55 0.09
1 10 0.11 0.71
1 11 0.85 0.2
1 12 0.7 0.45
2 3 0.12 0.61
2 4 0.36 0.86
2 5 0.54 0.93
2 6 0.89 0.85
2 14 0.18 0.88
3 4 0.42 0.81
3 5 0.93 0.6
3 6 0.55 0.49
3 12 0.21 0.51
3 13 0.22 0.93
3 15 0.82 0.38
4 5 0.41 0.65
4 7 0.08 0.51
4 8 0.4 0.69
4 9 0.94 0.02
4 12 0.03 0.02
4 14 0.76 0.61
5 6 0.22 0.4
5 9 0.25 0.71
5 10 0.02 0.76
5 13 0.84 0.94
5 14 0.8 0.36
5 15 0.57 0.68
6 7 0.27 0.31
6 8 0.53 0.97
6 10 0.77 0.26
6 11 0.73 0.32
6 15 0.29 0.38
7 15 0.38 0.7
8 11 0.13 0.55
9 11 0.93 0.53
11 12 0.8 0.04
11 13 0.74 0.36
