0 1 0.53 0.22
0 2 0.02 0.68
0 3 0.41 0.81
0 4 0.29 0.23
0 5 0.76 0.06
0 6 0.26 0.87
0 7 0.99 0.53
0 8 0.78 0.96
0 11 0.97 0.09
0 15 0.57 0.19
1 2 0.73 0.57
1 3 0.56 0.65
1 4 0.88 0.39
1 6 0.56 0.17
1 7 0.52 0.17
1 12 0.79 0.41
1 13 0.25 0.16
2 3 0.09 0.85
2 5 0.04 0.3
2 6 1 0.83
2 8 0.58 0.87
2 9 0.49 0.45
2 10 0.61 0.82
3 4 0.35 0.36
4 5 0.5 0.77
4 9 0.13 0.9
4 10 0.49 0.19
4 12 0.51 0.28
5 7 0.43 0.67
5 9 0.89 0.85
5 11 0.98 0.43
5 14 0.53 0.43
7 8 0.1 0.34
8 10 0.74 0.47
9 11 0.47 0.16
9 13 0.54 0.84
9 14 0.1 0.42
9 15 0.54 0.81
10 12 0.46 0.58
10 15 0.84 0.25
11 13 0.43 0.62
13 14 0.35 0.23
