0 1 0.38 0.76
0 2 0.82 0.12
0 3 0.28 0.97
0 4 0.62 0.2
0 5 0.34 0.43
0 7 0.56 0.73
0 8 0.01 0.8
0 9 0.3 0.81
0 10 1 0.77
0 11 0.56 0.75
0 13 0.41 0.01
1 2 0.8 0.45
1 3 0.32 0.12
1 4 0.89 0.77
1 5 0.72 0.91
1 6 0.71 0.82
1 7 0.68 0.75
1 9 0.93 0.77
1 14 0.83 0.21
2 3 0.05 0.02
2 4 0.35 0.23
2 6 0.82 0.88
2 9 0.02 0.71
2 14 0.18 0.25
3 4 0.67 0.15
3 5 0.65 0.33
3 6 0.14 0.98
3 10 0.93 0.37
3 11 0.76 0.25
3 12 0.79 0.73
3 13 0.46 0.46
3 15 0.27 0.62
4 5 0.46 0.09
4 9 0.49 0.43
4 12 0.49 0.07
4 13 0.65 0.85
5 6 0.8 0.01
5 7 0.88 0.86
5 8 0.35 0.69
5 11 0.22 0.35
6 7 0.35 0.2
6 8 0.57 0.87
6 10 0.54 0.54
6 14 0.36 0.95
7 8 0.51 0.36
7 10 0.4 0.13
9 12 0.51 0.25
10 11 0.83 0.6
10 12 0.87 0.6
10 15 0.73 0.83
12 13 0.46 0.39
12 14 0.33 0.43
12 15 0.56 0.86
13 15 0.28 0.44
