0 1 0.69 0.64
0 2 0.31 0.78
0 3 0.79 0.08
0 4 0.67 0.1
0 5 0.01 0.13
0 7 0.36 0.64
0 9 0.1 0.77
0 12 0.59 0.82
0 14 0.69 0.02
0 15 0.31 0.32
1 2 0.06 0.58
1 3 0.67 0.52
1 4 0.64 0.94
1 5 0.1 0.72
1 6 0.82 0.81
1 7 0.44 0.28
1 11 0.58 0.39
1 13 0.25 0.83
1 14 0.59 0.2
2 3 0.57 0.1
2 4 0.74 0.95
2 5 0.27 0.29
2 8 0.11 0.99
2 10 0.66 0.77
2 14 0.89 0.97
3 4 0.56 0.58
3 6 0.09 0.36
3 7 0.58 0.11
3 8 0.58 0.57
3 9 0.85 0.7
3 10 0.46 0.74
3 14 0.31 0.93
4 5 0.08 0.32
4 6 0.93 0.91
4 8 0.02 0.12
5 6 0.12 0.88
5 7 0.23 0.1
5 8 0.76 0.29
5 9 0.86 0.32
5 10 0.48 0.2
5 11 0.5 0.83
5 12 0.83 0.22
5 13 0.11 0.08
7 10 0.63 0.29
7 11 0.17 0.27
7 13 0.04 0.73
8 9 0.92 0.9
8 11 0.53 0.59
9 13 0.64 0.73
10 12 0.64 0.32
11 12 0.17 0.43
11 15 0.55 0.06
13 15 0.54 0.81
14 15 0.22 0.11
