0 1 0.27 0.61
0 2 0.82 0.51
0 3 0.17 0.62
0 4 0.42 0.68
0 6 0.63 0.25
0 9 0.38 0.85
0 11 0.03 0.6
0 12 0.83 0.74
0 13 0.03 0.29
0 14 0.34 0.78
0 15 0.46 0.96
1 2 0.13 0.09
1 3 0.33 0.69
1 4 0.53 0.21
1 5 0.92 0.19
1 6 0.32 0.01
1 7 1 0.21
1 9 0.86 0.17
1 10 0.9 0.58
1 11 0.94 0.33
2 3 0.02 0.99
2 4 0.26 0.84
2 5 0.61 0.99
2 6 0.46 0.55
2 7 0.47 0.12
2 8 0.33 0.75
3 5 0.65 0.64
3 8 0.98 0.25
3 9 0.44 0.14
3 10 0.26 0.89
3 12 0.43 0.9
4 8 0.24 0.6
4 12 0.45 0.63
4 13 0.77 0.37
4 14 0.14 0.34
5 11 0.31 0.44
6 7 0.24 0.8
6 10 0.77 0.48
9 13 0.98 0.92
12 14 0.81 0.36
12 15 0.91 0.84
13 15 0.95 0.59
