0 1 0.67 0.47
0 2 0.85 0.15
0 3 0.59 0.58
0 4 0.24 0.13
0 7 0.27 0.13
0 8 0.06 0.16
0 9 0.58 0.76
0 12 0.51 0.94
0 13 0.32 0.31
0 14 0.21 0.82
1 2 0.83 0.49
1 3 0.94 0.9
1 4 0.65 0.2
1 5 0.83 0.07
1 6 0.57 0.97
1 8 0.01 0.69
1 9 0.56 0.26
1 10 0.1 0.39
1 12 0.74 0.51
1 13 0.08 0.72
1 15 0.01 0.53
2 3 0.91 0.51
2 4 0.38 0.18
2 5 0.55 0.94
2 14 0.75 0.53
3 4 0.08 0.79
3 5 0.37 0.45
3 6 0.51 0.06
3 8 0.58 0.2
3 12 0.77 0.43
3 14 0.26 0.17
3 15 0.19 0.84
4 5 0.23 0.93
4 6 0.06 0.26
4 7 0.47 0.52
4 15 0.27 0.9
5 6 0.99 0.23
5 7 0.34 0.26
5 8 0.04 0.22
5 10 0.95 0.74
5 11 0.82 0.53
5 12 0.15 0.74
5 13 0.29 0.54
6 7 0.7 0.95
6 15 0.79 0.14
7 9 0.91 0.84
7 10 0.76 0.33
7 11 0.02 0.54
8 9 0.39 0.42
8 14 0.83 0.87
9 10 0.16 0.57
9 11 0.26 0.2
9 13 0.27 0.73
10 11 0.28 0.75
