0 1 0.71 1
0 2 0.59 0.7
0 3 0.91 0.78
0 10 0.45 0.86
0 13 0.56 0.57
0 15 0.48 0.85
1 2 0.91 0.95
1 3 0.96 0.18
1 4 0.58 0.14
1 5 0.39 0.94
1 6 0.08 0.41
1 7 0.65 0.1
1 10 0.31 0.32
2 3 0.84 1
2 4 0.26 0.38
2 5 0.23 0.79
2 6 0.04 0.31
2 7 0.74 0.52
2 8 0.61 0.8
2 9 0.58 0.19
2 11 0.25 0.24
2 13 0.24 0.01
3 4 0.33 0.36
3 5 0.87 0.3
3 11 0.23 0.88
4 6 0.71 0.9
4 14 0.07 0.03
5 8 0.01 0.04
5 9 0.57 0.68
5 11 0.75 0.77
5 13 0.37 0.52
5 14 0.31 0.42
5 15 0.88 0.64
6 7 0.9 0.56
6 8 0.45 0.06
6 9 1 0.44
6 10 0.54 0.94
6 12 0.62 0.24
8 12 0.11 0.73
9 15 0.42 0.27
11 12 0.97 0.62
13 14 0.25 0.16
