0 1 0.9 0.42
0 2 0.73 0.15
0 3 0.02 0.07
0 4 0.92 0.26
0 6 0.87 0.36
0 9 0.83 0.32
0 11 0.92 0.34
0 12 0.56 0.52
0 13 0.44 0.62
0 14 0.69 0.6
0 15 0.02 0.61
1 2 0.22 0.04
1 3 0.85 0.87
1 4 0.37 0.72
1 5 0.31 0.86
1 6 0.12 0.01
1 7 0.57 0.83
1 9 0.82 0.14
1 10 0.05 0.86
1 11 0.81 0.24
2 3 0.57 0.17
2 4 0.34 0.44
2 5 0.45 0.07
2 6 0.41 0.12
2 7 0.97 0.9
2 8 0.01 0.76
3 5 0.24 0.02
3 8 0.35 0.18
3 9 0.57 0.42
3 10 0.62 0.93
3 12 0.34 0.13
4 8 0.37 0.9
4 12 0.7 0.05
4 13 0.89 0.13
4 14 0.43 0.39
5 11 0.7 0.25
6 7 0.33 0.14
6 10 0.22 0.05
9 13 0.69 0.16
12 14 0.36 0.32
12 15 0.02 0.11
13 15 0.67 0.03
