0 1 0.22 0.54
0 2 0.26 0.35
0 3 0.92 0.75
0 4 0.56 0.17
0 5 0.55 0.44
0 7 0.01 0.83
0 8 0.79 0.59
0 10 0.21 0.86
0 11 0.53 0.51
0 12 0.97 0.81
1 2 0.72 0.39
1 3 0.85 0.21
1 4 0.63 0.62
1 6 0.64 0.43
1 11 0.92 0.56
1 12 0.3 0.72
1 13 0.12 0.38
1 15 0.88 0.95
2 3 0.53 0.8
2 5 0.91 0.7
2 7 0.22 0.99
2 11 0.68 0.02
2 12 0.11 0.67
2 13 1 0.18
2 15 0.35 0.81
3 4 0.96 0.76
3 5 0.29 0.48
3 6 0.81 0.49
3 7 0.4 0.77
3 9 0.27 0.05
4 6 0.44 0.52
4 8 0.37 0.54
4 9 0.3 0.27
5 10 0.98 0.27
5 15 0.35 0.13
6 14 0.58 0.33
7 8 0.07 0.09
8 9 0.39 0.18
8 10 0.47 1
9 14 0.25 0.09
11 14 0.55 0.81
12 13 0.67 0.87
