0 1 0.85 0.07
0 2 0.51 0.2
0 3 0.59 0.85
0 4 0.69 0.43
0 5 0.91 0.07
0 7 0.77 0.1
0 9 0.18 0.43
0 12 0.7 0.8
0 14 0.24 0.09
0 15 1 0.61
1 2 0.49 0.51
1 3 0.18 0.4
1 4 0.34 0.32
1 5 0.39 0.74
1 6 0.76 0.3
1 7 0.59 0.52
1 11 0.54 0.41
1 13 0.2 0.74
1 14 0.47 0.96
2 3 0.18 0.29
2 4 0.47 0.81
2 5 0.91 0.81
2 8 0.04 0.33
2 10 0.61 0.99
2 14 0.95 0.29
3 4 0.95 0.3
3 6 0.36 0.19
3 7 0.01 0.22
3 8 0.2 0.27
3 9 0.21 0.35
3 10 0.5 0.27
3 14 0.13 0.43
4 5 0.38 0.07
4 6 0.08 0.49
4 8 0.39 0.54
5 6 0.58 0.2
5 7 0.83 0.5
5 8 0.26 0.97
5 9 0.35 0.27
5 10 0.79 0.04
5 11 0.83 0.23
5 12 0.21 0.91
5 13 0.5 0.59
7 10 0.07 0.86
7 11 0.04 0.19
7 13 0.15 0.59
8 9 0.99 0.68
8 11 0.75 0.9
9 13 0.66 0.83
10 12 0.09 0.65
11 12 0.88 0.23
11 15 0.84 0.3
13 15 0.94 0.92
14 15 0.39 0.73
