0 1 0.4 0.94
0 2 0.99 0.22
0 3 0.94 0.13
0 4 0.85 0.05
0 5 0.15 0.7
0 7 0.31 0.02
0 8 0.65 0.84
0 10 0.06 0.68
0 11 0.7 0.97
0 12 0.12 0.69
1 2 0.66 0.17
1 3 0.57 0.83
1 4 0.38 0.97
1 6 0.23 0.08
1 11 0.97 0.53
1 12 0.65 0.76
1 13 0.9 0.85
1 15 0.79 0.34
2 3 0.78 0.08
2 5 0.19 0.08
2 7 0.93 0.17
2 11 0.66 0.29
2 12 0.27 0.04
2 13 0.57 0.75
2 15 0.08 0.82
3 4 0.9 0.35
3 5 0.31 0.37
3 6 0.71 0.92
3 7 0.47 0.27
3 9 0.88 0.52
4 6 0.64 0.15
4 8 0.35 0.06
4 9 0.18 0.29
5 10 0.31 0.35
5 15 0.62 0.82
6 14 0.54 0.94
7 8 0.74 0.53
8 9 0.1 0.8
8 10 0.71 0.85
9 14 0.96 0.87
11 14 0.16 0.23
12 13 0.73 0.83
