0 1 0.09 0.35
0 2 0.5 0.37
0 3 0.47 0.11
0 4 0.34 0.75
0 5 0.01 0.65
0 6 0.86 0.94
0 9 0.61 0.4
0 10 0.9 0.37
0 14 0.43 0.3
1 2 0.04 0.75
1 3 0.53 0.53
1 4 0.47 0.09
1 9 0.51 0.23
1 11 0.15 0.31
1 12 0.88 0.07
2 3 0.72 0.73
2 7 0.57 0.18
2 15 0.32 0.93
3 4 0.3 0.56
3 5 0.93 0.2
3 6 0.79 0.71
3 11 0.48 0.38
3 13 0.17 0.69
4 5 0.97 0.12
4 6 0.57 0.27
4 7 0.84 0.04
4 8 0.65 1
4 9 0.92 0.44
4 12 0.35 0.07
4 15 0.31 0.23
5 8 0.62 0.95
5 12 0.9 0.64
6 7 0.47 0.98
6 8 0.67 0.26
6 10 0.9 0.18
6 11 0.82 0.98
6 13 0.66 0.23
8 13 0.95 0.23
8 14 0.7 0.43
9 10 0.62 0.34
9 14 0.64 0.67
13 15 0.26 0.41
