0 1 0.33 0.37
0 2 0.4 0.76
0 3 0.82 0.9
0 4 0.38 0.98
0 5 0.98 0.14
0 7 0.56 0.22
0 8 0.8 0.63
0 9 0.74 0.46
0 10 0.15 0.38
0 11 0.61 0.18
0 13 0.67 0.19
1 2 0.26 0.72
1 3 0.17 0.73
1 4 0.19 0.76
1 5 0.99 0.62
1 6 0.11 0.05
1 7 0.28 0.97
1 9 0.24 0.59
1 14 0.97 0.95
2 3 0.81 0.97
2 4 0.38 0.24
2 6 0.68 0.02
2 9 0.23 0.41
2 14 0.19 0.44
3 4 0.96 0.23
3 5 0.74 0.44
3 6 0.61 0.59
3 10 0.92 0.41
3 11 0.69 0.67
3 12 0.38 0.57
3 13 0.31 0.95
3 15 0.09 0.96
4 5 0.09 0.8
4 9 0.89 0.87
4 12 0.33 0.37
4 13 0.63 0.8
5 6 0.03 0.19
5 7 0.06 0.02
5 8 0.37 0.51
5 11 0.32 0.76
6 7 0.88 0.86
6 8 0.46 0.99
6 10 0.75 0.65
6 14 0.09 0.43
7 8 0.79 0.47
7 10 0.69 0.92
9 12 0.39 0.57
10 11 0.97 0.58
10 12 0.44 0.78
10 15 0.59 0.87
12 13 0.47 0.74
12 14 0.48 0.3
12 15 0.1 0.11
13 15 0.53 0.05
