0 1 0.37 0.45
0 2 0.08 0.97
0 3 0.74 0.12
0 4 0.81 0.87
0 5 0.78 0.34
0 6 0.54 0.81
0 10 0.05 0.19
0 12 0.69 0.34
1 2 0.32 0.8
1 3 0.77 0.17
1 4 0.24 0.37
1 5 0.06 0.67
1 6 0.87 0.89
1 7 0.19 0.8
1 10 0.57 0.62
1 14 0.17 0.25
2 3 0.28 0.18
2 4 0.29 0.42
2 6 0.95 0.27
2 11 0.04 0.28
2 12 0.93 0.94
2 13 0.51 0.89
2 15 0.08 0.53
3 4 0.29 0.82
3 5 0.9 0.64
3 9 0.14 0.22
3 11 0.09 0.3
4 5 0.99 0.62
4 7 0.21 0.38
4 8 0.76 0.72
4 9 0.09 0.98
4 13 0.8 0.87
4 14 0.29 0.54
5 6 0.73 0.7
5 7 0.38 0.99
5 8 0.41 0.59
5 9 0.08 0.83
5 12 0.38 0.66
5 14 0.38 0.84
5 15 0.82 0.99
6 7 0.97 0.51
6 8 0.7 0.63
6 9 0.97 0.11
6 13 0.38 0.11
6 14 0.38 1
7 8 0.71 0.2
7 11 0.65 0.23
8 10 0.07 0.43
8 11 0.25 0.05
8 12 0.43 0.92
8 13 0.28 0.17
8 15 0.64 0.94
9 10 0.48 0.28
11 15 0.67 0.2
