0 1 0.58 0.84
0 2 0.2 0.92
0 3 1 0.44
0 4 0.74 0.67
0 5 0.36 0.16
0 7 0.81 0.61
0 8 0.25 0.62
0 10 1 0.33
0 11 0.9 0.31
0 12 0.32 0.99
1 2 0.03 0.86
1 3 0.96 0.86
1 4 0.84 0.37
1 6 0.92 0.85
1 11 0.49 0.8
1 12 0.81 0.25
1 13 0.17 0.34
1 15 0.87 0.75
2 3 0.3 0.55
2 5 0.99 0.24
2 7 0.74 0.87
2 11 0.64 0.09
2 12 0.2 0.61
2 13 0.72 0.19
2 15 0.78 0.41
3 4 0.59 0.84
3 5 0.87 0.51
3 6 0.23 0.15
3 7 0.58 0.88
3 9 0.79 0.63
4 6 0.24 0.08
4 8 1 0.32
4 9 0.76 0.59
5 10 0.77 0.89
5 15 0.29 0.88
6 14 0.96 0.48
7 8 0.76 0.38
8 9 0.36 0.29
8 10 0.96 0.29
9 14 0.07 0.19
11 14 0.63 0.02
12 13 0.53 0.97
