0 1 0.43 0.76
0 2 0.2 0.32
0 3 0.82 0.75
0 4 0.61 0.16
0 5 0.94 0.51
0 6 0.21 0.74
0 7 0.62 0.12
0 15 0.56 0.52
1 2 0.84 0.29
1 3 0.47 0.42
1 5 0.76 0.2
1 9 0.6 0.84
1 10 0.81 0.01
1 11 0.01 0.88
1 14 0.4 0.72
2 3 0.67 0.27
2 4 0.13 0.61
2 6 0.97 0.7
2 7 0.79 0.54
2 10 0.56 0.23
2 12 0.15 0.23
3 4 0.88 0.55
3 5 0.8 0.62
4 6 0.54 0.77
4 8 0.46 0.48
4 9 0.32 0.66
4 11 0.16 0.16
4 13 0.21 0.81
5 8 0.51 0.14
5 10 0.72 0.08
5 11 0.1 0.8
5 12 0.53 0.16
5 14 0.16 0.51
6 7 0.07 0.42
6 8 0.65 0.32
6 9 0.19 0.14
6 13 0.51 0.6
7 15 0.48 0.45
8 13 0.73 0.21
8 14 0.65 0.47
8 15 0.44 0.47
10 12 0.77 0.77
