0 1 0.54 0.58
0 2 0.38 0.28
0 3 0.28 0.94
0 4 0.3 0.66
0 5 0.41 0.36
0 6 0.24 0.43
0 8 0.49 0.27
0 10 0.08 0.3
0 11 0.01 0.37
1 2 0.29 0.75
1 3 0.14 0.81
1 4 0.41 0.99
1 5 0.49 0.07
1 6 0.62 0.62
1 7 0.07 0.28
1 11 0.62 0.95
1 14 0.68 0.85
1 15 0.39 0.42
2 3 0.17 0.02
2 4 0.6 0.76
2 5 0.83 0.5
2 6 0.28 0.1
2 7 0.59 0.03
2 9 0.08 0.81
2 10 0.47 0.08
2 11 0.12 0.17
2 12 0.16 0.82
2 13 0.04 0.55
2 14 0.96 0.39
3 4 0.66 0.99
3 5 0.1 0.93
3 6 0.22 0.98
3 10 0.55 0.61
3 12 0.33 0.91
4 7 0.59 0.73
4 9 0.98 0.43
4 14 0.68 0.32
5 8 0.28 0.01
5 12 0.76 0.08
5 13 0.92 0.16
5 14 0.64 0.75
6 7 0.24 0.6
6 8 0.28 0.91
6 9 0.42 0.74
6 15 0.23 0.85
7 8 0.86 0.18
7 9 0.97 0.66
7 12 0.95 0.44
7 15 0.65 0.24
8 10 0.82 0.11
9 13 0.99 0.98
9 15 0.29 0.16
10 11 0.38 0.54
12 13 0.65 0.09
