0 1 0.19 0.96
0 2 0.37 0.69
0 3 0.59 0.18
0 4 0.78 0.44
0 7 0.97 0.14
0 8 0.65 0.32
0 9 0.46 0.19
0 10 0.82 0.11
0 13 0.54 0.44
0 14 0.15 0.15
1 2 0.69 0.97
1 3 0.67 0.21
1 4 0.62 0.45
1 5 0.22 0.09
1 6 0.36 0.52
1 7 0.61 0.22
1 8 0.97 0.98
1 9 0.34 0.13
1 10 0.53 0.09
1 11 0.66 0.25
1 12 0.95 0.33
2 3 0.19 0.56
2 4 0.2 0.01
2 5 0.25 0.46
2 6 0.77 0.47
2 14 0.96 0.62
3 4 0.33 0.06
3 5 0.94 1
3 6 0.41 0.74
3 12 0.05 0.13
3 13 0.85 0.81
3 15 0.16 0.04
4 5 0.54 0.07
4 7 0.6 0.69
4 8 0.72 0.22
4 9 0.19 0.12
4 12 0.17 0.2
4 14 0.96 0.2
5 6 0.58 0.25
5 9 0.64 0.25
5 10 0.81 0.64
5 13 0.22 0.08
5 14 0.18 0.85
5 15 0.61 0.51
6 7 0.89 0.89
6 8 0.71 0.04
6 10 0.75 0.81
6 11 0.1 0.19
6 15 0.73 0.11
7 15 0.57 0.13
8 11 0.21 0.24
9 11 0.65 0.42
11 12 0.48 0.71
11 13 0.94 0.22
