0 1 0.6 0.99
0 2 0.36 0.38
0 3 0.83 0.92
0 4 0.79 0.4
0 5 0.18 0.42
0 6 0.24 0.67
0 8 1 0.22
0 11 0.85 0.96
0 12 0.93 0.97
0 14 0.54 0.62
0 15 0.57 0.17
1 2 0.56 0.56
1 3 0.4 0.54
1 4 0.45 0.15
1 5 0.99 0.65
1 6 0.2 0.28
1 11 0.09 0.5
1 13 0.09 0.97
2 3 0.26 0.64
2 4 0.24 0.4
2 7 0.47 0.32
2 10 0.69 0.44
2 11 0.06 0.89
2 14 0.33 0.7
3 4 0.69 0.25
3 5 0.71 0.89
3 6 0.05 0.05
3 7 0.56 0.91
3 8 0.51 0.4
3 9 0.42 0.41
3 10 0.83 0.21
3 11 0.34 0.44
3 14 0.29 0.8
4 5 0.78 0.12
4 6 0.52 0.53
4 7 0.99 0.38
4 9 0.21 0.1
4 10 0.83 0.38
4 13 0.72 0.1
5 7 0.85 0.08
5 8 0.86 0.65
5 9 0.16 0.6
5 12 0.64 0.2
5 13 0.34 0.62
5 15 0.1 0.34
6 9 0.77 0.88
6 10 0.21 0.94
6 12 0.74 0.51
6 15 0.08 0.08
7 8 0.41 0.15
10 12 0.84 0.78
10 15 0.05 0.44
11 13 0.93 0.72
12 14 0.19 0.91
