0 1 0.45 0.82
0 2 0.23 0.51
0 3 1 0.13
0 4 0.14 0.61
0 7 0.25 0.78
0 8 0.31 0.22
0 9 0.53 0.43
0 12 0.6 0.36
0 13 0.5 0.32
0 14 0.29 0.02
1 2 0.12 0.66
1 3 0.08 0.83
1 4 0.43 0.4
1 5 0.24 0.14
1 6 0.79 0.09
1 8 0.64 0.98
1 9 0.19 0.67
1 10 0.5 0.73
1 12 0.82 0.94
1 13 0.97 0.49
1 15 0.64 0.19
2 3 0.78 0.88
2 4 0.8 0.51
2 5 0.01 0.12
2 14 0.71 0.47
3 4 0.97 0.91
3 5 0.26 0.51
3 6 0.18 0.22
3 8 0.43 0.55
3 12 0.76 0.4
3 14 0.12 0.77
3 15 0.36 0.74
4 5 0.52 0.68
4 6 0.34 0.9
4 7 0.46 0.84
4 15 0.64 0.43
5 6 0.03 0.65
5 7 0.56 0.26
5 8 0.36 0.9
5 10 0.04 0.34
5 11 0.87 0.33
5 12 0.92 0.73
5 13 0.34 1
6 7 0.09 0.73
6 15 0.96 0.67
7 9 0.15 0.11
7 10 0.18 0.06
7 11 0.8 0.75
8 9 0.93 0.32
8 14 0.78 0.96
9 10 0.91 0.09
9 11 0.91 0.44
9 13 0.24 0.51
10 11 1 0.48
