0 1 0.64 0.49
0 2 0.57 0.86
0 3 0.1 0.4
0 4 0.14 0.93
0 5 0.09 0.33
0 7 0.38 0.44
0 9 0.09 0.01
0 15 0.51 0.29
1 2 0.95 0.35
1 3 0.81 0.94
1 4 0.01 0.6
1 5 0.79 0.35
1 6 0.52 0.41
1 7 0.23 0.15
1 8 0.54 0.09
1 9 0.75 0.21
1 10 0.68 0.75
1 11 0.62 0.34
1 13 0.76 0.48
1 14 0.62 0.46
2 3 0.33 0.79
2 4 0.96 0.2
2 5 0.03 0.93
2 6 0.67 0.59
2 7 0.08 0.33
2 8 0.98 0.61
2 10 0.78 0.78
2 11 0.9 0.22
2 13 0.39 0.69
2 14 0.16 0.58
2 15 0.88 0.08
3 4 0.71 0.36
3 5 0.75 0.86
3 6 0.97 0.82
3 7 0.21 0.01
3 8 0.96 0.5
3 10 0.73 0.64
3 12 0.01 0.17
4 5 0.7 0.25
4 6 0.3 0.07
4 8 0.59 0.97
4 9 0.48 0.33
4 12 0.67 0.58
4 13 0.83 0.08
4 14 0.18 0.45
5 6 0.46 0.42
5 10 0.53 0.47
6 7 0.96 0.64
6 9 0.17 0.13
6 11 0.08 0.42
6 12 0.69 0.02
7 8 0.28 0.79
7 10 0.33 0.1
7 11 0.09 0.86
7 15 0.54 0.2
8 9 0.09 0.08
8 14 0.29 0.44
9 13 0.92 0.36
9 14 0.5 0.34
10 11 0.69 0.65
10 12 0.57 0.66
10 13 0.64 0.72
11 12 0.47 0.14
12 15 0.24 0.97
14 15 0.3 0.99
