0 1 0.93 0.15
0 2 0.54 1
0 3 0.29 0.53
0 4 0.08 0.41
0 5 0.66 0.05
0 6 0.13 0.35
0 8 0.09 0.26
0 11 0.77 0.08
1 2 0.68 0.89
1 3 0.88 0.77
1 5 0.72 0.58
1 8 0.08 0.22
1 11 0.83 0.94
1 15 0.37 0.65
2 3 0.39 0.46
2 4 0.59 0.63
2 6 0.68 0.36
2 7 0.11 0.52
2 10 0.45 0.63
2 12 0.57 0.2
2 13 0.9 0.84
2 14 0.03 0.12
3 4 0.19 0.17
3 6 0.89 0.41
3 9 0.57 0.67
3 11 0.39 0.49
3 15 0.51 0.89
4 5 0.07 0.66
4 9 0.72 0.14
4 10 0.45 0.73
4 14 0.57 0.55
5 7 0.66 0.73
5 9 0.73 0.09
6 7 0.19 0.37
6 8 0.06 0.98
6 15 0.59 0.24
7 13 0.87 0.4
8 10 0.02 0.84
8 12 0.14 0.54
9 13 0.22 0.64
10 12 0.42 0.92
11 14 0.31 0.48
