0 1 0.89 0.23
0 2 0.52 0.59
0 3 0.03 0.71
0 4 0.54 0.82
0 5 0.8 0.65
0 6 0.11 0.3
0 8 0.87 0.67
0 11 0.23 0.41
1 2 0.3 0.53
1 3 0.06 0.35
1 5 0.12 0.79
1 8 0.49 0.25
1 11 0.07 0.15
1 15 0.14 0.31
2 3 0.16 0.06
2 4 0.32 0.95
2 6 0.45 0.63
2 7 0.96 0.39
2 10 0.37 0.41
2 12 0.32 0.82
2 13 0.28 0.68
2 14 0.36 0.54
3 4 0.81 0.02
3 6 0.63 0.08
3 9 0.81 0.68
3 11 0.85 0.31
3 15 0.27 0.84
4 5 0.85 0.8
4 9 0.32 0.05
4 10 0.01 0.48
4 14 0.67 0.92
5 7 0.05 0.1
5 9 0.42 0.57
6 7 0.6 0.82
6 8 0.99 0.94
6 15 0.34 0.06
7 13 0.66 0.52
8 10 0.46 0.41
8 12 0.29 0.47
9 13 0.57 0.18
10 12 0.45 0.38
11 14 0.54 0.51
