0 1 0.68 0.39
0 2 0.36 0.07
0 3 0.5 0.97
0 4 0.46 0.84
0 5 0.59 0.33
0 6 1 0.92
0 7 0.34 0.43
0 8 0.37 0.64
0 11 0.12 0.74
0 15 0.63 0.68
1 2 0.73 0.62
1 3 0.58 0.4
1 4 0.8 0.9
1 6 0.95 0.78
1 7 0.19 0.86
1 12 0.36 0.34
1 13 0.86 0.44
2 3 0.06 0.44
2 5 0.09 0.63
2 6 0.98 0.18
2 8 0.05 0.68
2 9 0.39 0.27
2 10 0.34 0.98
3 4 0.16 0.25
4 5 0.06 0.21
4 9 0.31 0.86
4 10 0.2 0.41
4 12 0.51 0.77
5 7 0.83 0.83
5 9 0.88 0.78
5 11 0.11 0.32
5 14 0.86 0.79
7 8 0.95 0.99
8 10 0.81 0.1
9 11 1 0.48
9 13 0.8 0.45
9 14 0.97 0.23
9 15 0.95 0.2
10 12 0.04 0.96
10 15 0.46 0.22
11 13 0.14 0.79
13 14 0.18 0.58
