0 1 0.56 0.05
0 2 0.59 0.17
0 3 0.17 0.58
0 4 0.61 0.46
0 5 0.36 0.82
0 6 0.21 0.15
0 7 0.75 0.88
0 15 0.14 0.95
1 2 0.86 0.04
1 3 0.82 0.07
1 5 0.89 0.6
1 9 0.55 0.77
1 10 0.01 0.57
1 11 0.52 0.76
1 14 0.99 0.35
2 3 0.03 0.67
2 4 0.76 0.82
2 6 0.31 1
2 7 0.93 0.07
2 10 0.98 0.78
2 12 0.64 0.17
3 4 0.56 0.12
3 5 0.74 0.04
4 6 0.31 0.66
4 8 0.04 0.2
4 9 0.21 0.07
4 11 0.56 0.91
4 13 0.93 0.12
5 8 0.12 0.73
5 10 0.36 0.75
5 11 0.5 0.07
5 12 0.96 0.51
5 14 0.77 0.61
6 7 0.45 0.17
6 8 0.92 0.86
6 9 0.46 0.05
6 13 0.85 0.7
7 15 0.42 0.61
8 13 0.46 0.29
8 14 0.22 0.91
8 15 0.63 0.89
10 12 0.83 0.4
