0 1 0.06 0.43
0 2 0.17 0.69
0 3 0.54 0.12
0 4 0.24 0.3
0 5 0.58 0.99
0 6 0.42 0.1
0 8 0.31 0.46
0 10 0.05 0.32
0 11 0.98 0.14
1 2 0.64 0.94
1 3 0.14 0.85
1 4 0.09 0.5
1 5 0.23 0.59
1 6 0.96 0.06
1 7 0.89 0.83
1 11 0.72 0.72
1 14 0.53 0.6
1 15 0.05 0.81
2 3 0.34 0.2
2 4 0.43 0.64
2 5 0.23 0.18
2 6 0.5 0.1
2 7 0.32 0.07
2 9 0.08 0.78
2 10 0.45 0.09
2 11 0.75 0.42
2 12 0.07 0.12
2 13 0.17 0.63
2 14 0.78 0.37
3 4 0.88 0.3
3 5 0.51 0.28
3 6 0.92 0.88
3 10 0.69 0.6
3 12 0.54 0.4
4 7 0.56 0.98
4 9 0.37 0.82
4 14 0.92 0.95
5 8 0.6 0.7
5 12 0.91 0.62
5 13 0.12 0.52
5 14 0.38 0.54
6 7 0.87 0.16
6 8 0.14 0.58
6 9 0.45 0.11
6 15 0.58 0.84
7 8 0.98 0.79
7 9 0.28 0.21
7 12 0.43 0.16
7 15 0.68 0.57
8 10 0.55 0.12
9 13 0.51 0.17
9 15 0.91 0.87
10 11 0.29 0.7
12 13 0.55 0.06
