0 1 0.9 0.54
0 2 0.96 0.48
0 3 0.32 0.48
0 4 0.95 0.41
0 5 0.11 0.86
0 6 0.31 0.07
0 8 0.45 0.09
0 11 0.29 0.51
1 2 0.47 0.13
1 3 0.09 0.6
1 5 1 0.62
1 8 0.42 0.84
1 11 0.01 0.22
1 15 0.66 0.31
2 3 0.04 0.36
2 4 0.53 0.73
2 6 0.63 0.77
2 7 0.12 0.81
2 10 0.85 0.57
2 12 0.44 0.88
2 13 0.88 0.11
2 14 0.61 0.36
3 4 0.87 0.69
3 6 0.26 0.44
3 9 0.4 0.34
3 11 0.26 0.69
3 15 0.87 0.35
4 5 0.93 0.09
4 9 0.53 0.97
4 10 0.92 0.62
4 14 0.59 0.4
5 7 0.92 1
5 9 0.18 0.14
6 7 0.8 0.86
6 8 0.3 0.99
6 15 0.08 0.5
7 13 0.65 0.65
8 10 0.52 0.64
8 12 0.69 0.64
9 13 0.7 0.72
10 12 0.8 0.44
11 14 0.2 0.51
