0 1 0.49 0.55
0 2 0.38 0.12
0 3 0.46 0.37
0 4 0.01 0.25
0 7 0.42 0.66
0 8 0.07 0.52
0 9 0.82 0.57
0 10 0.62 0.09
0 13 0.78 0.3
0 14 0.8 0.33
1 2 0.15 0.59
1 3 0.93 0.09
1 4 0.18 0.47
1 5 0.56 0.5
1 6 0.58 0.08
1 7 1 0.72
1 8 0.9 0.75
1 9 0.46 0.5
1 10 0.36 0.56
1 11 0.39 0.37
1 12 0.94 0.39
2 3 0.7 0.77
2 4 0.72 0.36
2 5 0.23 0.14
2 6 0.88 0.87
2 14 0.83 0.53
3 4 0.1 0.11
3 5 0.65 0.46
3 6 0.38 0.61
3 12 0.93 0.9
3 13 0.07 0.28
3 15 0.77 0.19
4 5 0.85 0.42
4 7 0.28 0.93
4 8 0.67 0.9
4 9 0.8 0.21
4 12 0.21 0.08
4 14 0.29 0.15
5 6 0.26 0.28
5 9 0.13 0.69
5 10 0.63 0.4
5 13 0.07 0.97
5 14 1 0.23
5 15 0.39 0.47
6 7 0.46 0.79
6 8 0.37 0.41
6 10 0.18 1
6 11 0.26 0.42
6 15 0.09 0.2
7 15 0.2 0.14
8 11 0.5 0.45
9 11 0.66 0.3
11 12 0.15 0.35
11 13 0.56 0.62
