0 1 0.03 0.31
0 2 0.34 0.87
0 3 0.98 0.48
0 4 0.08 0.05
0 6 0.88 0.81
0 7 0.96 0.65
0 10 0.51 0.28
0 12 0.02 0.95
0 13 0.99 0.37
0 14 1 0.1
1 2 0.37 0.17
1 3 0.06 0.56
1 4 0.95 0.82
1 5 0.25 0.68
1 6 0.14 0.1
1 7 0.14 0.1
1 8 0.28 0.32
1 9 0.2 0.82
1 11 0.86 0.51
1 13 0.64 0.32
1 14 0.45 0.16
1 15 0.08 0.27
2 3 0.17 0.69
2 5 0.7 0.87
2 9 0.55 0.68
2 11 0.55 0.51
2 12 0.56 0.73
2 13 0.91 0.9
3 4 0.04 0.1
3 8 0.37 0.81
4 5 0.2 0.51
4 6 0.63 0.68
4 7 0.43 0.46
4 8 0.57 0.35
4 11 0.17 0.77
5 15 0.6 0.09
6 10 0.81 0.09
7 12 0.61 0.89
8 9 0.17 0.02
8 10 0.34 0.56
8 14 0.69 0.73
11 15 0.87 0.42
