0 1 0.37 0.95
0 2 0.88 0.4
0 3 0.15 0.17
0 4 0.12 0.85
0 5 0.43 0.18
0 6 0.76 0.93
0 7 0.98 0.65
0 8 0.31 0.37
0 11 0.38 0.76
0 15 0.41 0.52
1 2 0.76 0.64
1 3 0.68 0.69
1 4 0.41 0.28
1 6 0.55 0.67
1 7 0.08 0.89
1 12 0.41 0.97
1 13 0.25 0.97
2 3 0.44 0.67
2 5 0.71 0.22
2 6 0.84 0.95
2 8 0.14 0.58
2 9 0.36 0.06
2 10 0.64 0.52
3 4 0.67 0.35
4 5 0.71 0.12
4 9 0.33 0.68
4 10 0.93 0.5
4 12 0.87 0.86
5 7 0.63 0.34
5 9 0.8 0.98
5 11 0.01 0.51
5 14 0.29 0.19
7 8 0.57 1
8 10 0.93 0.9
9 11 0.26 0.96
9 13 0.52 0.83
9 14 0.15 1
9 15 0.65 0.57
10 12 0.69 0.64
10 15 0.25 0.02
11 13 0.56 0.7
13 14 0.37 0.34
