0 1 0.84 0.86
0 2 0.53 0.45
0 3 0.29 0.55
0 4 0.33 0.97
0 5 0.06 0.73
0 8 0.16 0.43
0 12 0.69 0.79
0 13 0.43 0.87
0 15 0.1 0.67
1 2 0.52 0.85
1 3 0.48 0.18
1 4 0.19 0.94
1 6 0.59 0.95
1 7 0.38 0.08
1 13 1 0.79
1 14 0.61 0.93
2 3 0.02 0.53
2 4 0.07 0.63
2 5 0.01 0.09
2 7 0.73 0.31
2 10 0.97 0.25
2 11 0.25 0.69
2 15 0.78 0.47
3 4 0.99 0.83
3 5 0.74 0.63
3 6 0.6 0.74
3 7 0.18 0.44
3 9 1 0.75
4 5 0.14 0.47
4 6 0.64 0.47
4 8 0.01 0.12
4 10 0.12 0.55
4 11 1 0.5
5 6 0.92 0.73
5 7 0.38 0.24
5 8 0.04 0.77
5 9 0.36 0.7
5 12 0.02 0.23
5 13 0.02 0.13
6 8 0.62 0.12
6 9 0.19 0.37
6 14 0.57 0.82
7 10 0.83 0.07
7 12 0.25 0.74
7 13 0.3 0.84
8 9 0.99 0.11
8 11 0.05 0.93
8 14 0.95 0.71
8 15 0.58 0.37
9 10 0.33 0.51
9 11 0.58 0.74
9 12 0.11 0.48
11 14 0.86 0.43
11 15 0.63 0.61
