0 1 0.79 0.03
0 2 0.77 0.36
0 3 0.47 0.4
0 4 0.38 0.25
0 5 0.84 0.53
0 7 0.37 0.89
0 9 0.13 0.44
0 12 0.3 0.67
0 14 0.83 0.94
0 15 0.46 0.17
1 2 0.08 0.16
1 3 0.4 0.43
1 4 0.04 0.15
1 5 0.49 0.84
1 6 0.39 0.39
1 7 0.91 0.62
1 11 0.52 0.97
1 13 0.71 0.69
1 14 0.27 0.96
2 3 0.71 0.2
2 4 0.08 0.61
2 5 0.04 0.64
2 8 0.98 0.13
2 10 0.94 0.2
2 14 0.22 1
3 4 0.39 0.92
3 6 0.5 0.73
3 7 0.82 0.78
3 8 0.03 0.67
3 9 0.42 0.62
3 10 0.82 0.93
3 14 0.9 0.59
4 5 0.01 0.05
4 6 0.65 0.97
4 8 0.9 0.09
5 6 0.21 0.68
5 7 0.68 0.01
5 8 0.81 0.44
5 9 0.27 0.94
5 10 0.93 0.08
5 11 0.22 0.54
5 12 0.51 0.83
5 13 0.55 0.72
7 10 0.8 0.59
7 11 0.14 0.88
7 13 0.56 0.9
8 9 0.01 0.01
8 11 0.6 1
9 13 0.24 0.4
10 12 0.94 0.92
11 12 0.63 0.2
11 15 0.06 0.98
13 15 0.85 0.18
14 15 0.27 0.57
