0 1 0.76 0.61
0 2 0.19 0.44
0 3 0.7 0.27
0 4 0.2 0.62
0 5 0.81 0.28
0 6 0.22 0.82
0 7 0.15 0.47
0 8 0.28 0.23
0 11 0.47 0.24
1 2 0.09 0.06
1 3 0.5 0.4
1 4 0.37 0.14
1 5 0.65 0.95
1 9 0.66 0.21
1 10 0.24 0.72
1 12 0.14 0.72
1 13 0.49 0.2
1 15 0.93 0.22
2 3 0.2 0.41
2 4 0.78 0.57
2 5 0.42 0.68
2 7 0.08 0.8
2 8 0.39 0.51
2 9 0.69 0.12
2 11 0.08 0.58
2 13 0.42 0.2
3 4 0.42 0.39
3 6 0.52 0.08
3 7 0.42 0.55
3 8 0.27 0.82
3 9 0.76 0.67
3 10 0.68 0.2
3 11 0.36 0.43
3 14 0.87 0.84
4 5 0.51 0.79
4 6 0.46 0.69
5 6 0.79 0.66
5 7 0.31 0.25
5 9 0.53 0.75
5 10 0.32 0.36
5 11 0.15 0.44
6 10 0.35 0.47
6 13 0.93 0.62
7 8 0.79 0.75
7 12 0.96 0.53
7 14 0.18 0.65
7 15 0.78 0.27
8 12 0.75 0.17
8 14 0.51 0.12
9 12 0.51 0.08
9 15 0.04 0.56
10 15 0.55 0.4
11 14 0.22 0.95
12 13 0.08 0.43
