0 1 0.59 0.99
0 2 0.21 0.6
0 3 0.75 0.24
0 4 0.47 0.5
0 7 0.34 0.36
0 9 0.6 0.36
1 2 0.26 0.81
1 3 0.44 0.29
1 5 0.22 0.36
1 6 0.95 0.54
1 7 0.16 0.5
1 8 0.84 0.53
1 10 0.47 0.82
1 12 0.11 0.64
1 14 0.75 0.93
2 3 0.81 0.46
2 4 0.34 0.59
2 5 0.65 0.42
2 6 0.61 0.48
2 9 0.91 0.43
2 11 0.13 0.33
2 12 0.32 0.89
3 4 0.14 0.18
3 7 0.39 0.3
3 8 0.17 0.67
3 14 0.33 0.06
4 5 0.35 0.04
4 11 0.43 0.46
4 15 0.45 0.23
5 6 0.72 0.97
5 8 0.11 0.93
5 11 0.07 0.66
5 15 0.86 0.67
6 9 0.58 0.57
7 10 0.41 0.98
7 15 0.56 0.66
8 13 0.04 0.73
9 10 0.1 0.99
9 12 0.59 0.4
9 14 0.92 0.61
10 13 0.62 0.52
12 13 0.99 0.37
