0 1 0.79 0.6
0 2 0.81 0.94
0 3 0.38 0.55
0 4 0.42 0.59
0 5 0.85 0.03
0 6 0.29 0.38
0 8 0.86 0.21
0 10 0.21 0.18
0 11 0.9 0.43
1 2 0.47 0.24
1 3 0.71 0.95
1 4 0.47 0.34
1 5 0.72 0.22
1 6 0.93 0.3
1 7 0.9 0.44
1 11 0.12 0.94
1 14 0.34 0.43
1 15 0.77 0.3
2 3 0.1 0.82
2 4 0.48 0.1
2 5 0.85 0.29
2 6 0.55 0.79
2 7 0.53 0.69
2 9 0.28 0.49
2 10 0.61 0.89
2 11 0.06 0.96
2 12 0.7 0.58
2 13 0.62 0.21
2 14 0.66 0.35
3 4 0.74 0.76
3 5 0.01 0.29
3 6 0.61 0.36
3 10 0.24 0.04
3 12 0.22 0.93
4 7 0.86 0.13
4 9 0.55 0.43
4 14 0.77 0.76
5 8 0.61 0.13
5 12 0.4 0.5
5 13 0.72 0.41
5 14 0.62 0.18
6 7 0.22 0.3
6 8 0.77 0.96
6 9 0.78 0.33
6 15 0.57 0.83
7 8 0.18 0.42
7 9 0.54 0.75
7 12 0.48 0.31
7 15 0.31 0.87
8 10 0.05 0.01
9 13 0.88 0.04
9 15 0.07 0.9
10 11 0.83 0.51
12 13 0.51 0.67
