0 1 0.04 0.38
0 2 0.54 0.53
0 3 0.08 0.39
0 4 0.69 0.43
0 5 0.6 0.79
0 8 0.15 0.93
0 12 0.16 0.67
0 13 0.04 0.44
0 15 0.28 0.87
1 2 0.55 0.72
1 3 0.03 0.3
1 4 0.63 0.35
1 6 0.89 0.01
1 7 0.32 0.98
1 13 0.42 0.77
1 14 0.26 0.31
2 3 0.17 0.39
2 4 0.55 0.08
2 5 0.45 0.53
2 7 0.25 0.01
2 10 0.33 0.06
2 11 0.54 0.34
2 15 0.12 0.63
3 4 0.96 0.82
3 5 0.4 0.53
3 6 0.31 0.95
3 7 0.13 0.84
3 9 0.82 0.68
4 5 0.05 0.76
4 6 0.65 0.97
4 8 0.95 0.39
4 10 0.8 0.85
4 11 0.84 0.8
5 6 0.84 0.21
5 7 0.22 1
5 8 0.48 0.83
5 9 0.04 0.06
5 12 0.4 0.85
5 13 0.44 0.8
6 8 0.24 0.65
6 9 0.03 0.52
6 14 0.73 0.43
7 10 0.26 0.5
7 12 0.87 0.57
7 13 0.48 0.67
8 9 0.46 0.99
8 11 0.17 0.35
8 14 0.23 0.4
8 15 0.98 0.1
9 10 0.57 0.13
9 11 0.72 0.72
9 12 0.89 0.6
11 14 0.28 0.96
11 15 0.12 0.11
