0 1 0.6 0.76
0 2 0.12 0.73
0 3 0.85 0.87
0 4 0.89 0.02
0 5 0.5 0.81
0 8 0.18 0.39
0 9 0.41 0.45
0 10 0.72 0.01
0 11 0.63 0.91
0 12 0.65 0.41
0 13 0.47 0.28
0 14 0.93 0.38
0 15 0.07 0.07
1 2 0.9 0.56
1 3 0.4 0.9
1 5 0.75 0.28
1 7 0.89 0.94
1 9 0.73 0.43
1 13 0.66 0.89
2 3 0.83 0.03
2 4 0.89 0.48
2 5 0.96 0.52
2 6 1 0.14
2 8 0.23 0.23
2 9 0.24 0.54
2 11 0.98 0.22
3 4 0.94 0.76
3 7 0.07 0.05
3 15 0.47 0.36
4 6 0.46 0.42
5 6 0.13 0.06
5 7 0.24 0.89
5 8 0.88 0.37
5 12 0.02 0.96
6 10 0.94 0.13
6 11 0.02 0.35
6 14 0.05 0.54
8 10 0.25 0.23
9 12 0.21 0.7
10 13 0.7 0.83
12 14 1 0.92
14 15 0.09 0.49
