0 1 0.87 0.7
0 2 0.44 0.68
0 3 0.26 0.51
0 4 0.36 0.62
0 5 0.62 0.26
0 6 0.02 0.21
1 2 0.51 0.34
1 3 0.54 0.47
1 5 0.41 0.19
1 9 0.27 0.32
1 10 0.76 0.06
1 11 0.25 0.58
1 13 0.46 0.62
1 14 0.52 0.92
2 3 0.59 0.39
2 4 0.05 0.01
2 6 0.4 0.99
2 7 0.62 0.5
2 8 0.82 0.65
2 12 0.53 0.65
3 4 0.09 0.3
3 5 0.19 0.28
3 6 0.62 0.27
3 7 0.86 1
3 8 0.87 0.47
3 9 0.53 0.29
3 10 0.15 0.95
3 11 0.04 0.88
3 12 0.14 0.23
3 14 0.58 0.98
5 7 0.92 0.85
5 14 0.73 0.82
6 8 0.05 0.44
6 9 0.61 0.38
6 10 0.21 0.3
6 11 0.9 0.34
6 12 0.48 0.97
6 15 0.05 0.31
7 13 0.35 0.67
7 15 0.99 0.34
10 15 0.03 0.37
11 13 0.26 0.87
