0 1 0.95 0.86
0 2 0.93 0.58
0 3 0.09 0.46
0 4 0.72 0.24
0 6 0.7 0.28
0 11 0.77 0.57
0 12 0.7 0.27
0 13 0.82 0.15
0 14 0.96 0.66
0 15 0.28 0.86
1 2 0.66 0.47
1 3 0.74 0.27
1 4 0.87 0.56
1 5 0.02 0.32
1 6 0.25 0.6
1 7 0.55 0.54
1 8 0.02 0.23
1 9 0.62 0.18
1 10 0.57 0.98
1 15 0.76 0.07
2 3 0.26 0.54
2 7 0.08 0.1
2 8 0.37 0.2
2 12 0.87 0.36
3 4 0.13 0.67
3 5 0.88 0.07
4 5 0.58 0.29
4 7 0.08 0.77
4 9 0.34 0.08
4 11 0.18 0.91
4 13 0.8 0.67
5 6 0.89 0.89
5 10 0.11 0.24
5 13 0.77 0.54
6 8 0.25 0.2
6 14 0.81 0.3
6 15 0.4 0.62
7 10 0.68 0.24
8 9 0.15 0.2
8 12 0.66 0.82
8 14 0.51 0.95
10 11 0.67 0.76
