0 1 0.64 0.5
0 2 0.15 0.98
0 3 0.38 0.57
0 4 0.91 0.46
0 6 0.69 0.2
0 11 0.12 0.56
0 12 0.49 0.2
0 14 0.96 0.75
1 2 0.48 0.98
1 3 0.65 0.76
1 5 0.03 0.83
1 7 0.21 0.1
1 8 1 0.25
1 9 0.96 0.63
1 15 0.98 0.44
2 3 0.12 0.58
2 4 0.41 0.15
2 5 0.72 0.22
2 6 0.64 0.16
2 8 0.92 0.58
2 10 0.3 0.42
3 4 0.76 0.74
3 6 0.42 0.02
3 7 0.9 0.46
3 8 0.63 0.39
3 10 0.52 0.9
3 14 0.4 0.87
4 5 0.9 0.97
4 13 0.7 0.69
5 7 0.34 0.65
5 9 0.9 0.49
5 11 0.11 0.11
5 13 0.67 0.32
6 12 0.54 0.08
8 9 0.68 0.29
8 10 0.58 0.45
8 11 0.26 0.8
8 15 0.14 0.45
9 13 0.74 0.57
10 12 0.9 0.48
12 15 0.31 0.8
13 14 0.65 0.2
