0 1 0.62 0.03
0 2 0.18 0.33
0 3 0.7 0.15
0 4 1 0.36
0 6 0.56 0.9
0 11 0.66 0.39
0 12 0.05 0.1
0 13 0.61 0.79
0 14 0.33 0.75
0 15 0.93 0.88
1 2 0.96 0.06
1 3 0.95 0.17
1 4 0.54 0.08
1 5 0.82 0.04
1 6 0.84 0.41
1 7 0.63 0.8
1 8 0.7 0.07
1 9 0.93 0.89
1 10 0.7 0.54
1 15 0.98 0.3
2 3 0.33 0.35
2 7 0.16 0.07
2 8 0.09 0.17
2 12 0.6 0.43
3 4 0.26 0.35
3 5 0.38 0.36
4 5 0.65 0.67
4 7 0.51 0.02
4 9 0.87 0.23
4 11 0.91 0.44
4 13 0.19 0.01
5 6 0.44 0.44
5 10 0.32 0.17
5 13 0.13 0.9
6 8 0.63 0.99
6 14 0.4 0.62
6 15 0.94 0.11
7 10 0.21 0.85
8 9 0.96 0.49
8 12 0.24 0.44
8 14 0.92 0.83
10 11 0.13 0.41
