0 1 0.14 0.73
0 2 0.16 0.06
0 3 0.5 0.48
0 5 0.11 0.48
0 9 0.64 0.26
1 2 0.18 0.55
1 3 0.81 0.33
1 4 0.79 0.83
1 5 0.19 0.86
1 6 0.04 0.49
1 7 0.84 0.78
1 13 0.58 0.94
2 3 0.07 0.2
2 4 0.21 0.79
2 7 0.72 0.99
2 8 0.32 0.95
2 9 0.32 0.82
2 10 0.82 0.16
2 11 0.37 0.35
2 12 0.78 0.96
3 4 0.52 0.6
3 9 0.4 0.38
3 13 0.31 0.44
4 5 0.71 0.05
4 6 0.91 0.7
4 8 0.05 0.43
4 13 0.39 0.25
4 14 0.36 0.18
5 6 0.25 0.56
5 7 0.29 0.33
5 10 0.19 0.61
5 11 0.54 0.52
5 15 0.15 0.05
7 8 0.27 0.28
7 10 0.04 0.11
7 11 0.34 0.82
7 12 0.53 0.76
7 15 0.16 0.69
8 12 0.87 0.5
8 14 0.77 0.67
8 15 0.53 0.89
9 14 0.09 0.88
