0 1 0.35 0.44
0 2 0.44 0.27
0 3 0.38 0.63
0 4 0.53 0.75
0 5 0.13 0.8
0 6 0.63 0.41
1 2 0.22 0.37
1 3 0.11 0.05
1 5 0.89 0.12
1 9 0.21 0.43
1 10 0.55 0.46
1 11 0.82 0.52
1 13 0.19 0.43
1 14 0.09 0.3
2 3 0.62 0.77
2 4 0.2 0.76
2 6 0.14 0.61
2 7 0.26 0.77
2 8 0.43 0.38
2 12 0.81 0.21
3 4 0.51 0.95
3 5 0.49 1
3 6 0.62 0.25
3 7 0.76 0.28
3 8 0.69 0.47
3 9 0.41 0.93
3 10 0.69 0.74
3 11 0.96 0.39
3 12 0.48 0.19
3 14 0.46 0.04
5 7 0.49 0.45
5 14 0.35 0.07
6 8 0.23 0.63
6 9 0.41 0.67
6 10 0.36 0.66
6 11 0.73 0.94
6 12 0.21 0.85
6 15 0.29 0.74
7 13 0.39 0.27
7 15 0.14 0.26
10 15 0.38 0.09
11 13 0.5 0.41
