0 1 0.44 0.15
0 2 0.65 0.02
0 3 0.36 0.45
0 4 0.41 0.95
0 5 0.09 0.18
0 8 0.86 0.32
0 9 0.43 0.62
0 10 0.97 0.75
0 11 0.62 0.77
0 12 0.13 0.33
0 13 0.5 0.36
0 14 0.52 0.24
0 15 0.79 0.82
1 2 0.12 0.06
1 3 0.29 0.33
1 5 0.41 0.61
1 7 0.66 0.25
1 9 0.56 0.59
1 13 0.16 0.1
2 3 0.74 0.91
2 4 0.41 0.97
2 5 0.02 1
2 6 1 0.35
2 8 0.81 0.43
2 9 0.26 0.64
2 11 0.81 0.52
3 4 0.58 0.68
3 7 0.02 0.12
3 15 0.35 0.81
4 6 0.5 0.3
5 6 0.71 0.38
5 7 0.95 0.52
5 8 0.66 0.81
5 12 0.8 0.79
6 10 0.16 0.99
6 11 0.29 0.49
6 14 0.02 0.67
8 10 0.85 0.73
9 12 0.7 0.25
10 13 0.1 0.42
12 14 0.34 0.36
14 15 0.03 0.22
