0 1 0.44 0.85
0 2 0.99 0.4
0 3 0.06 0.04
0 4 0.69 0.84
0 5 0.19 0.42
0 6 0.86 0.12
0 7 0.62 0.42
0 9 0.92 0.58
0 12 0.93 0.2
0 13 0.84 0.13
1 2 0.44 0.61
1 3 0.38 0.97
1 7 0.58 0.74
1 8 0.21 0.17
1 13 0.03 0.79
2 3 0.46 0.36
2 4 0.46 0.03
2 6 0.45 0.09
2 10 0.4 0.2
2 11 0.26 0.45
3 4 0.64 0.07
3 5 0.56 0.35
3 6 0.86 0.13
3 8 0.2 0.7
3 9 0.01 0.47
3 10 0.96 0.64
3 11 0.99 0.48
3 12 0.2 0.85
3 14 0.68 0.68
4 5 0.31 0.06
5 7 0.32 0.94
5 9 0.14 0.2
5 15 0.29 0.53
7 8 0.89 0.38
7 13 0.74 0.8
7 14 0.52 0.62
7 15 0.77 0.07
8 10 0.91 0.81
9 11 0.82 0.63
9 15 0.4 0.56
11 12 0.13 0.25
11 14 0.67 0.17
