0 1 0.58 0.14
0 2 0.94 0.28
0 3 0.1 0.98
0 4 0.89 0.33
0 5 0.45 0.25
0 8 0.05 0.1
0 9 0.41 0.82
0 10 0.07 0.86
0 11 0.69 0.07
0 12 0.22 0.98
0 13 0.07 0.08
0 14 0.64 0.27
0 15 0.15 0.36
1 2 0.09 0.88
1 3 0.8 0.08
1 5 0.55 0.36
1 7 0.23 0.45
1 9 0.45 0.07
1 13 0.5 0.94
2 3 0.32 0.57
2 4 0.8 0.67
2 5 0.55 0.7
2 6 0.62 0.05
2 8 0.76 0.36
2 9 0.83 0.19
2 11 0.54 0.9
3 4 0.29 0.66
3 7 0.34 0.49
3 15 0.01 0.92
4 6 0.7 0.89
5 6 0.38 0.37
5 7 0.94 0.24
5 8 0.47 0.68
5 12 0.78 0.71
6 10 0.57 0.18
6 11 0.63 0.99
6 14 0.75 0.82
8 10 0.62 0.7
9 12 0.94 0.67
10 13 0.23 0.29
12 14 0.59 0.88
14 15 0.11 0.43
