0 1 0.52 0.82
0 2 0.94 0.28
0 3 0.76 0.76
0 4 0.37 0.65
0 5 0.53 0.71
0 6 0.11 0.24
0 7 0.4 0.36
0 9 0.41 0.5
0 12 0.4 0.35
0 13 0.04 0.51
1 2 0.59 0.79
1 3 0.8 0.7
1 7 0.85 0.29
1 8 0.22 0.12
1 13 0.64 0.57
2 3 0.74 0.33
2 4 0.73 0.16
2 6 0.63 0.73
2 10 0.94 0.5
2 11 0.29 0.47
3 4 0.45 0.47
3 5 0.33 0.64
3 6 0.03 0.04
3 8 0.62 0.24
3 9 0.43 0.33
3 10 0.68 0.44
3 11 0.18 0.53
3 12 0.14 0.85
3 14 0.2 0.15
4 5 0.38 0.6
5 7 0.9 0.42
5 9 0.43 0.75
5 15 0.6 0.84
7 8 0.27 0.84
7 13 0.06 0.46
7 14 0.64 0.13
7 15 0.23 0.51
8 10 0.34 0.74
9 11 0.5 0.12
9 15 0.45 0.83
11 12 0.05 0.49
11 14 0.87 0.5
