0 1 0.61 0.74
0 2 0.06 0.91
0 3 0.07 0.49
0 4 0.62 0.18
0 5 0.13 0.42
0 6 0.59 0.19
0 7 0.62 0.3
0 13 0.51 0.92
1 2 0.33 0.68
1 3 0.37 0.31
1 4 0.37 0.97
1 5 0.81 0.92
1 6 0.23 0.39
1 11 0.04 0.08
1 14 0.23 0.85
1 15 0.08 0.9
2 3 0.75 0.6
2 7 0.66 0.11
2 8 0.76 0.84
2 12 0.95 1
3 4 0.68 0.33
3 6 0.51 0.6
3 10 0.65 0.32
3 13 0.6 0.89
3 14 0.32 0.85
4 5 0.65 0.7
4 11 0.22 0.87
4 12 0.25 0.39
5 7 0.4 0.32
5 8 0.49 0.27
5 9 0.35 0.62
6 9 0.86 0.42
7 8 0.63 0.65
7 9 0.17 0.93
7 10 0.71 0.74
7 12 0.52 0.29
7 14 0.59 0.54
7 15 0.28 0.89
8 11 0.12 0.59
8 13 0.98 0.37
9 10 0.75 0.94
11 15 0.24 0.08
