0 1 0.44 0.33
0 2 0.67 0.71
0 3 0.2 0.15
0 4 0.98 0.82
0 6 0.45 0.5
0 11 0.39 0.7
0 12 0.5 0.1
0 13 0.37 0.04
0 14 0.95 0.85
0 15 0.56 0.16
1 2 0.66 0.73
1 3 0.63 0.36
1 4 0.27 0.17
1 5 0.5 0.12
1 6 0.93 0.45
1 7 0.9 0.63
1 8 0.88 0.58
1 9 0.34 0.46
1 10 0.53 0.17
1 15 0.32 0.17
2 3 0.05 1
2 7 0.15 0.99
2 8 0.17 0.44
2 12 0.72 0.34
3 4 0.45 0.29
3 5 0.43 0.78
4 5 0.1 0.95
4 7 0.81 0.13
4 9 0.54 0.65
4 11 0.91 0.28
4 13 0.75 0.84
5 6 0.8 0.63
5 10 0.74 0.78
5 13 0.81 0.59
6 8 0.25 0.9
6 14 0.57 0.84
6 15 0.06 0.3
7 10 0.29 0.11
8 9 0.62 0.48
8 12 0.69 0.1
8 14 0.69 0.92
10 11 0.47 0.94
