0 1 0.17 0.07
0 2 0.19 0.05
0 3 0.48 0.32
0 4 0.31 0.29
0 6 0.01 0.98
0 11 0.29 0.61
0 12 0.37 0.98
0 13 0.13 0.04
0 14 0.67 0.88
0 15 0.33 0.1
1 2 0.07 0.94
1 3 0.13 0.81
1 4 0.93 0.08
1 5 0.26 0.25
1 6 0.34 0.9
1 7 0.54 0.99
1 8 0.07 0.09
1 9 0.87 0.91
1 10 0.83 0.49
1 15 0.48 0.16
2 3 0.65 0.15
2 7 0.1 0.79
2 8 0.01 0.51
2 12 0.78 0.04
3 4 0.55 0.63
3 5 0.59 0.89
4 5 0.65 0.35
4 7 0.91 1
4 9 0.73 0.36
4 11 0.57 0.89
4 13 0.85 0.02
5 6 0.3 0.56
5 10 0.75 0.36
5 13 0.39 0.11
6 8 0.43 0.42
6 14 0.9 0.01
6 15 0.78 0.69
7 10 0.24 0.05
8 9 0.77 0.67
8 12 0.01 0.98
8 14 1 0.87
10 11 0.84 0.13
