0 1 0.32 0.15
0 2 0.1 0.37
0 3 0.83 0.54
0 4 0.28 0.68
0 5 0.93 0.01
0 6 0.64 0.89
0 7 0.08 0.48
0 9 0.56 0.07
0 12 0.5 0.25
0 13 0.36 0.02
1 2 0.69 0.04
1 3 0.98 0.76
1 7 0.69 0.94
1 8 0.51 0.08
1 13 0.14 0.33
2 3 0.8 0.31
2 4 0.32 0.24
2 6 0.92 0.26
2 10 0.66 0.63
2 11 0.71 0.13
3 4 0.8 0.96
3 5 0.96 0.96
3 6 0.24 0.36
3 8 0.22 0.05
3 9 0.66 0.59
3 10 0.37 0.03
3 11 0.31 0.58
3 12 0.4 0.44
3 14 0.34 0.28
4 5 0.78 0.13
5 7 0.25 0.45
5 9 0.71 0.93
5 15 0.69 0.87
7 8 0.72 0.59
7 13 0.28 0.2
7 14 0.15 0.16
7 15 0.36 0.72
8 10 0.25 0.54
9 11 0.14 0.66
9 15 0.48 0.73
11 12 0.21 0.11
11 14 0.48 0.34
