0 1 0.9 0.03
0 2 0.21 0.83
0 3 0.52 0.76
0 4 0.61 0.55
0 5 0.11 0.86
0 6 0.1 0.91
0 7 0.35 0.49
0 9 0.37 0.42
0 12 0.97 0.43
0 13 0.56 0.51
1 2 0.97 0.18
1 3 0.81 0.36
1 7 0.92 0.69
1 8 0.34 0.05
1 13 0.72 0.27
2 3 0.7 0.51
2 4 0.93 0.43
2 6 0.12 0.11
2 10 0.02 0.18
2 11 0.6 0.83
3 4 0.27 0.96
3 5 0.06 0.24
3 6 0.7 0.73
3 8 0.87 0.29
3 9 0.45 0.8
3 10 0.11 0.44
3 11 0.45 0.01
3 12 0.72 0.73
3 14 0.2 0.26
4 5 0.28 0.78
5 7 0.35 0.51
5 9 0.8 0.57
5 15 0.13 0.15
7 8 0.58 0.67
7 13 0.93 0.34
7 14 0.44 0.34
7 15 0.49 0.21
8 10 0.54 0.91
9 11 0.88 0.43
9 15 0.37 0.95
11 12 0.54 0.88
11 14 0.36 0.46
