0 1 0.12 0.77
0 2 0.63 0.27
0 3 0.28 0.74
0 4 0.63 0.45
0 5 0.73 0.6
0 6 0.5 0.57
1 2 0.99 0.35
1 3 0.59 0.1
1 5 0.99 0.26
1 9 0.19 0.05
1 10 0.51 0.92
1 11 0.91 0.89
1 13 0.85 0.78
1 14 0.32 0.4
2 3 0.17 0.68
2 4 0.4 0.77
2 6 0.24 0.72
2 7 0.62 0.78
2 8 0.16 0.71
2 12 0.76 0.36
3 4 0.97 0.61
3 5 0.78 0.5
3 6 0.52 0.26
3 7 0.67 0.61
3 8 0.95 0.39
3 9 0.84 0.26
3 10 0.36 0.1
3 11 0.62 0.62
3 12 0.83 0.83
3 14 0.19 0.68
5 7 0.14 0.65
5 14 0.65 0.93
6 8 0.8 0.71
6 9 0.93 0.37
6 10 0.13 0.97
6 11 0.59 0.13
6 12 0.91 0.72
6 15 0.08 0.12
7 13 0.08 0.8
7 15 0.47 0.26
10 15 0.89 0.55
11 13 0.25 0.5
