0 1 0.16 0.84
0 2 0.3 0.33
0 3 0.88 0.81
0 4 0.36 0.11
0 5 0.93 0.73
0 6 0.09 0.57
1 2 0.82 0.88
1 3 0.58 0.94
1 5 0.5 0.28
1 9 0.53 0.81
1 10 0.6 0.74
1 11 0.98 0.25
1 13 0.95 0.08
1 14 0.43 0.02
2 3 0.33 0.28
2 4 0.4 0.15
2 6 0.01 0.75
2 7 0.64 0.82
2 8 0.96 0.52
2 12 0.35 0.95
3 4 0.62 0.31
3 5 0.24 0.15
3 6 0.89 0.28
3 7 0.29 0.07
3 8 0.55 0.54
3 9 0.99 0.46
3 10 0.15 0.44
3 11 0.41 0.26
3 12 0.9 0.36
3 14 0.44 0.34
5 7 0.58 0.15
5 14 0.54 0.37
6 8 0.9 0.57
6 9 0.03 0.95
6 10 0.15 0.55
6 11 0.91 0.51
6 12 0.97 0.17
6 15 0.23 0.36
7 13 0.95 0.69
7 15 0.43 0.54
10 15 0.37 0.18
11 13 0.63 0.59
