0 1 0.53 1
0 2 0.38 0.87
0 3 0.99 0.85
0 4 0.87 0.59
0 5 0.88 0.07
0 6 0.95 0.93
1 2 0.52 0.62
1 3 0.62 1
1 5 0.86 0.75
1 9 0.71 0.98
1 10 0.2 0.31
1 11 0.42 0.95
1 13 0.76 0.27
1 14 0.13 0.24
2 3 0.54 0.02
2 4 0.95 0.43
2 6 0.02 0.51
2 7 0.62 0.38
2 8 0.75 0.86
2 12 0.27 0.71
3 4 0.41 0.93
3 5 0.2 1
3 6 0.37 0.96
3 7 0.07 0.63
3 8 0.1 0.74
3 9 0.92 0.51
3 10 0.19 0.48
3 11 0.36 0.34
3 12 0.49 0.76
3 14 0.01 0.63
5 7 0.31 0.02
5 14 0.94 0.58
6 8 0.41 0.85
6 9 0.5 0.9
6 10 0.03 0.62
6 11 0.84 0.02
6 12 0.32 0.42
6 15 0.48 0.13
7 13 0.12 0.1
7 15 0.54 0.7
10 15 0.07 0.3
11 13 0.5 0.63
