0 1 0.83 0.05
0 2 0.89 0.07
0 3 0.67 0.72
0 4 0.5 0.66
0 5 0.54 0.83
0 6 0.97 0.41
1 2 0.22 0.32
1 3 0.11 0.68
1 5 0.06 0.23
1 9 0.51 0.29
1 10 0.73 0.43
1 11 0.48 0.83
1 13 0.38 0.82
1 14 0.28 0.56
2 3 0.13 0.5
2 4 0.04 0.34
2 6 0.91 0.28
2 7 0.57 0.77
2 8 0.4 0.21
2 12 1 0.31
3 4 0.91 0.58
3 5 0.51 0.82
3 6 0.11 0.33
3 7 0.85 0.43
3 8 0.47 0.16
3 9 0.52 0.08
3 10 0.81 0.97
3 11 0.7 0.89
3 12 0.36 0.34
3 14 0.27 0.03
5 7 0.12 0.28
5 14 0.35 0.82
6 8 0.86 0.59
6 9 0.09 0.45
6 10 0.54 0.08
6 11 0.94 0.15
6 12 0.36 0.41
6 15 0.14 0.49
7 13 0.45 0.85
7 15 0.54 0.23
10 15 0.53 0.56
11 13 0.41 0.52
