0 1 0.9 0.1
0 2 0.67 0.02
0 3 0.31 0.97
0 4 0.98 0.31
0 6 0.88 0.81
0 11 0.78 0.78
0 12 0.38 0.94
0 13 0.23 0.39
0 14 0.9 0.26
0 15 0.15 0.53
1 2 0.49 0.5
1 3 0.55 0.54
1 4 0.73 0.3
1 5 0.91 0.58
1 6 0.16 0.93
1 7 0.46 0.82
1 8 0.85 0.21
1 9 0.36 0.32
1 10 0.49 0.07
1 15 0.77 0.16
2 3 0.9 0.78
2 7 0.76 0.28
2 8 0.67 0.36
2 12 0.5 0.07
3 4 0.63 0.58
3 5 0.95 0.49
4 5 0.36 0.4
4 7 0.06 0.22
4 9 0.8 0.17
4 11 0.64 0.53
4 13 0.62 0.55
5 6 0.98 0.24
5 10 0.85 0.38
5 13 0.84 0.55
6 8 0.88 0.97
6 14 0.97 0.05
6 15 0.85 0.42
7 10 0.49 0.23
8 9 0.24 0.45
8 12 0.76 0.6
8 14 0.35 0.04
10 11 0.86 0.37
