0 1 0.8 0.52
0 2 0.42 0.61
0 3 0.28 0.83
0 4 0.67 0.51
0 6 0.87 0.08
0 11 0.9 0.6
0 12 0.5 0.54
0 14 0.85 0.04
1 2 0.55 0.29
1 3 0.92 0.55
1 5 0.35 0.31
1 7 1 0.45
1 8 0.42 0.2
1 9 0.34 0.94
1 15 0.28 0.92
2 3 0.53 0.38
2 4 0.46 0.32
2 5 0.89 0.07
2 6 0.7 0.81
2 8 0.41 0.98
2 10 0.2 0.58
3 4 0.36 0.19
3 6 0.02 0.92
3 7 0.67 0.23
3 8 0.8 0.78
3 10 0.23 0.14
3 14 0.2 0.71
4 5 0.18 0.61
4 13 0.7 0.68
5 7 0.64 0.35
5 9 0.57 0.42
5 11 0.77 0.81
5 13 0.96 0.06
6 12 0.15 0.89
8 9 0.22 0.82
8 10 0.05 0.8
8 11 0.28 0.86
8 15 0.47 0.15
9 13 0.15 0.08
10 12 0.75 0.73
12 15 0.8 0.84
13 14 0.32 0.9
