0 1 0.43 0.66
0 2 0.07 0.39
0 3 0.64 0.78
0 4 0.17 0.2
0 7 0.29 0.86
0 8 0.5 0.22
0 11 0.01 0.02
0 14 0.59 0.8
1 2 0.87 0.02
1 3 0.27 0.48
1 5 0.33 0.41
1 6 0.24 0.36
1 8 0.74 0.02
2 3 0.91 0.81
2 4 0.54 0.72
2 5 0.52 0.59
2 6 0.79 0.85
2 7 0.19 1
2 10 0.38 0.75
2 12 0.6 0.58
2 13 0.09 0.48
3 4 0.99 0.18
3 5 0.37 0.41
3 6 0.78 0.62
3 10 0.42 0.98
3 15 0.55 0.27
4 9 0.11 0.97
5 7 0.53 0.7
5 9 0.9 0.84
6 8 0.6 0.75
6 9 0.85 0.63
6 11 0.27 0.66
6 12 0.91 0.02
6 13 0.24 0.97
6 14 0.27 0.36
6 15 0.56 0.35
9 10 0.74 0.47
9 15 0.7 0.4
10 11 0.52 0.8
10 13 0.41 0.88
11 12 0.55 0.76
11 14 0.03 0.1
