0 1 0.29 0.33
0 2 0.49 0.78
0 3 0.46 0.53
0 4 0.29 0.62
0 5 0.39 0.51
0 8 0.43 0.55
0 9 0.28 0.79
0 10 0.54 0.73
0 11 0.16 0.32
0 12 0.58 0.62
0 13 0.97 0.76
0 14 0.87 0.88
0 15 0.95 0.85
1 2 0.59 0.26
1 3 0.73 0.6
1 5 0.82 0.81
1 7 0.51 0.09
1 9 0.58 0.31
1 13 0.1 0.01
2 3 0.48 0.42
2 4 0.69 0.85
2 5 0.64 0.88
2 6 0.26 0.88
2 8 0.58 0.01
2 9 0.12 0.38
2 11 0.87 0.81
3 4 0.77 0.73
3 7 0.7 0.36
3 15 0.5 0.32
4 6 0.21 0.28
5 6 0.34 0.64
5 7 0.99 0.29
5 8 0.52 0.14
5 12 0.98 0.42
6 10 0.05 0.57
6 11 0.63 0.91
6 14 0.09 0.9
8 10 0.27 0.29
9 12 0.59 0.03
10 13 0.31 0.29
12 14 0.04 0.25
14 15 0.32 0.31
