0 1 0.84 0.07
0 2 0.29 0.77
0 3 0.64 0.15
0 4 0.1 0.55
0 5 0.6 0.6
0 6 0.27 0.1
0 7 0.91 0.84
0 13 0.02 0.41
1 2 0.94 0.15
1 3 0.56 0.74
1 4 0.93 0.27
1 5 0.98 0.35
1 6 0.17 0.92
1 11 0.43 0.96
1 14 0.93 0.58
1 15 0.45 0.74
2 3 0.38 0.56
2 7 0.25 0.19
2 8 0.74 0.34
2 12 0.08 0.78
3 4 0.39 0.81
3 6 0.95 0.58
3 10 0.53 0.19
3 13 0.83 0.98
3 14 0.59 0.56
4 5 0.13 0.05
4 11 0.43 0.01
4 12 0.36 0.23
5 7 0.53 0.41
5 8 0.4 1
5 9 0.31 0.92
6 9 0.06 0.27
7 8 0.92 0.67
7 9 0.77 0.25
7 10 0.14 0.73
7 12 0.05 0.64
7 14 0.31 0.91
7 15 0.87 0.58
8 11 0.1 0.03
8 13 0.48 0.69
9 10 0.87 0.47
11 15 0.66 0.9
