0 1 0.84 0.04
0 2 0.59 0.35
0 3 0.89 1
0 4 0.3 0.98
0 6 0.73 0.93
0 11 0.51 0.92
0 12 0.18 0.39
0 13 0.05 0.45
0 14 0.6 0.25
0 15 0.79 0.72
1 2 0.31 0.02
1 3 0.42 0.74
1 4 1 0.53
1 5 0.28 0.93
1 6 0.63 0.45
1 7 0.27 0.25
1 8 0.27 0.34
1 9 0.07 0.63
1 10 0.95 0.2
1 15 0.45 0.78
2 3 0.13 0.57
2 7 0.38 0.38
2 8 0.04 0.55
2 12 0.85 0.91
3 4 0.45 0.91
3 5 0.85 0.29
4 5 0.48 0.72
4 7 0.92 0.22
4 9 0.86 0.84
4 11 0.89 0.11
4 13 0.59 0.43
5 6 0.35 0.31
5 10 0.29 0.49
5 13 0.69 0.55
6 8 0.96 0.68
6 14 0.99 0.39
6 15 0.63 0.06
7 10 0.4 0.98
8 9 0.51 0.75
8 12 0.02 0.7
8 14 0.85 0.26
10 11 0.68 0.16
