0 1 0.59 0.61
0 2 0.04 0.55
0 3 0.86 0.06
0 4 0.19 0.23
0 6 0.73 0.38
0 11 0.49 0.2
0 12 0.46 0.59
0 14 0.35 0.35
1 2 0.48 0.06
1 3 0.26 0.17
1 5 0.79 0.49
1 7 0.2 0.06
1 8 0.74 0.14
1 9 0.22 0.7
1 15 1 0.84
2 3 0.64 0.53
2 4 1 0.56
2 5 0.46 0.63
2 6 0.2 0.76
2 8 0.84 0.45
2 10 0.92 0.18
3 4 0.3 0.48
3 6 0.83 0.22
3 7 0.27 0.73
3 8 0.47 0.49
3 10 0.02 0.17
3 14 0.43 0.19
4 5 0.97 0.61
4 13 0.72 0.56
5 7 0.86 0.99
5 9 0.53 0.74
5 11 0.6 0.5
5 13 0.81 0.47
6 12 0.44 0.35
8 9 0.28 0.37
8 10 0.53 0.73
8 11 0.4 0.34
8 15 0.97 0.97
9 13 0.19 0.32
10 12 0.18 0.49
12 15 0.2 0.99
13 14 0.75 0.72
