0 1 0.3 0.1
0 2 0.14 0.71
0 3 0.95 0.45
0 4 0.66 0.38
0 6 0.72 0.2
0 11 0.04 0.4
0 12 1 0.29
0 14 0.5 0.23
1 2 0.91 0.04
1 3 0.08 0.04
1 5 0.92 0.05
1 7 0.08 0.45
1 8 0.45 0.07
1 9 0.18 0.54
1 15 0.26 0.81
2 3 0.69 0.32
2 4 0.72 0.3
2 5 0.76 0.91
2 6 0.57 0.79
2 8 0.05 0.13
2 10 0.25 0.44
3 4 0.59 0.09
3 6 0.54 0.78
3 7 0.5 0.69
3 8 0.48 0.44
3 10 0.34 0.92
3 14 0.7 0.33
4 5 0.24 0.77
4 13 0.06 0.23
5 7 0.41 0.31
5 9 0.22 0.78
5 11 0.52 0.97
5 13 0.04 0.94
6 12 0.79 0.57
8 9 0.07 0.14
8 10 0.28 0.87
8 11 0.56 0.44
8 15 0.31 0.68
9 13 0.65 0.67
10 12 0.2 0.71
12 15 0.78 0.67
13 14 0.67 0.97
