0 1 0.81 0.21
0 2 0.46 0.33
0 3 0.37 0.53
0 4 0.19 0.33
0 7 0.82 0.27
0 8 0.89 0.25
0 11 0.58 0.57
0 14 0.06 0.67
1 2 0.13 0.32
1 3 0.81 0.31
1 5 0.93 0.03
1 6 0.86 0.49
1 8 0.04 0.22
2 3 0.47 0.11
2 4 0.14 0.31
2 5 0.37 0.45
2 6 0.16 0.18
2 7 0.95 0.39
2 10 0.3 0.07
2 12 0.87 0.7
2 13 0.88 0.32
3 4 1 0.76
3 5 0.66 0.89
3 6 0.83 0.4
3 10 0.03 0.12
3 15 0.88 0.85
4 9 0.93 0.6
5 7 0.3 0.19
5 9 0.43 0.36
6 8 0.78 0.26
6 9 0.01 0.04
6 11 0.96 0.37
6 12 0.63 0.94
6 13 0.87 0.92
6 14 0.99 0.66
6 15 0.14 0.87
9 10 0.5 0.24
9 15 0.11 0.56
10 11 0.98 0.18
10 13 0.46 0.01
11 12 0.75 1
11 14 0.28 0.71
