0 1 0.93 0.17
0 2 0.49 0.1
0 3 0.14 0.3
0 5 0.08 0.67
0 9 0.18 0.91
1 2 0.68 0.68
1 3 0.67 0.67
1 4 0.73 0.12
1 5 0.65 0.22
1 6 0.64 0.25
1 7 0.76 0.33
1 13 0.01 0.31
2 3 0.67 0.48
2 4 0.64 0.17
2 7 0.64 0.3
2 8 0.68 0.17
2 9 0.8 0.94
2 10 0.4 0.17
2 11 0.93 0.59
2 12 0.21 0.07
3 4 0.61 0.15
3 9 0.41 0.25
3 13 0.7 0.92
4 5 0.58 0.02
4 6 0.65 0.32
4 8 0.06 0.94
4 13 0.66 0.47
4 14 0.64 0.5
5 6 0.26 0.79
5 7 0.46 0.23
5 10 0.67 0.53
5 11 0.1 0.61
5 15 0.25 0.35
7 8 0.84 0.84
7 10 0.47 0.55
7 11 0.87 0.12
7 12 0.54 0.29
7 15 0.44 0.36
8 12 0.33 0.77
8 14 0.79 0.51
8 15 0.22 0.35
9 14 0.64 0.53
