0 1 0.27 0.92
0 2 0.2 0.55
0 3 0.78 0.69
0 5 0.51 0.47
0 9 0.87 0.41
1 2 0.88 0.02
1 3 0.44 0.55
1 4 0.42 0.04
1 5 0.29 0.94
1 6 0.57 0.55
1 7 0.19 0.61
1 13 0.49 0.38
2 3 0.83 0.07
2 4 0.24 0.08
2 7 0.56 0.08
2 8 0.83 0.66
2 9 0.81 0.06
2 10 0.99 0.01
2 11 0.51 0.87
2 12 0.99 0.18
3 4 0.05 0.88
3 9 0.21 0.9
3 13 0.48 0.71
4 5 0.17 0.8
4 6 0.51 0.58
4 8 0.75 0.16
4 13 0.32 0.53
4 14 0.02 0.38
5 6 0.14 0.79
5 7 0.95 0.71
5 10 0.33 0.83
5 11 0.43 0.77
5 15 1 0.61
7 8 0.59 0.95
7 10 0.82 0.19
7 11 0.82 0.78
7 12 0.49 0.29
7 15 0.88 0.62
8 12 0.23 0.54
8 14 0.89 0.86
8 15 0.12 0.27
9 14 0.96 0.72
