0 1 0.07 0.63
0 2 0.84 0.44
0 3 0.13 0.79
0 4 0.91 0.86
0 5 0.5 0.06
0 8 0.11 0.76
0 9 0.34 0.98
0 10 0.12 0.1
0 11 0.07 0.53
0 12 0.95 0.46
0 13 0.44 0.79
0 14 0.43 0.13
0 15 0.03 0.15
1 2 0.6 0.3
1 3 0.35 0.95
1 5 0.41 0.11
1 7 0.44 0.09
1 9 0.13 0.78
1 13 0.23 0.2
2 3 0.05 0.29
2 4 0.95 0.3
2 5 0.76 0.26
2 6 0.88 0.48
2 8 0.93 0.74
2 9 0.32 0.68
2 11 0.21 0.11
3 4 0.93 0.93
3 7 0.02 0.97
3 15 0.93 0.15
4 6 0.53 0.69
5 6 0.9 0.63
5 7 0.09 0.95
5 8 0.4 0.44
5 12 0.24 0.86
6 10 0.38 0.67
6 11 0.56 0.99
6 14 0.91 0.85
8 10 0.4 0.42
9 12 0.24 0.74
10 13 0.22 0.66
12 14 0.75 0.88
14 15 0.05 0.81
