0 1 0.46 0.61
0 2 0.7 0.89
0 3 0.93 0.88
0 4 0.51 0.09
0 5 0.1 0.88
0 6 0.09 0.84
0 7 0.82 0.22
0 13 0.43 0.18
1 2 0.53 0.2
1 3 0.97 0.57
1 4 0.19 0.54
1 5 0.08 0.71
1 6 0.76 0.27
1 11 0.81 0.39
1 14 0.15 0.3
1 15 0.09 0.33
2 3 0.48 1
2 7 0.72 0.12
2 8 0.18 0.31
2 12 0.02 0.39
3 4 0.64 0.32
3 6 0.59 0.17
3 10 0.49 0.81
3 13 0.75 0.55
3 14 0.96 0.69
4 5 0.38 0.98
4 11 0.53 0.28
4 12 0.14 0.64
5 7 0.88 0.16
5 8 0.61 0.3
5 9 0.33 0.58
6 9 0.81 0.08
7 8 0.42 0.75
7 9 0.58 0.16
7 10 0.06 0.49
7 12 0.59 0.93
7 14 0.76 0.89
7 15 0.66 0.51
8 11 0.4 0.78
8 13 0.92 0.76
9 10 0.66 0.5
11 15 0.93 0.32
