0 1 0.32 0.45
0 2 0.45 0.73
0 3 0.63 0.68
0 5 0.39 0.36
0 9 0.38 0.03
1 2 0.71 0.14
1 3 0.31 0.22
1 4 0.52 0.83
1 5 0.9 0.96
1 6 0.41 0.38
1 7 0.6 0.94
1 13 0.42 0.42
2 3 0.36 0.61
2 4 0.83 0.69
2 7 0.5 0.81
2 8 0.33 0.65
2 9 0.4 0.52
2 10 0.09 0.45
2 11 0.03 0.24
2 12 0.09 0.77
3 4 0.33 0.85
3 9 0.05 0.96
3 13 0.45 0.97
4 5 0.42 0.55
4 6 0.54 0.72
4 8 0.77 0.12
4 13 0.41 0.14
4 14 0.25 0.36
5 6 0.68 0.69
5 7 0.15 0.45
5 10 0.53 0.7
5 11 0.71 0.74
5 15 0.51 0.64
7 8 0.59 0.62
7 10 0.39 0.04
7 11 0.28 0.2
7 12 0.51 0.07
7 15 0.48 0.56
8 12 0.1 0.87
8 14 0.15 0.95
8 15 0.78 0.13
9 14 0.38 0.92
