0 1 0.46 0.92
0 2 0.05 0.78
0 3 1 0.26
0 6 0.18 0.56
0 8 0.25 0.85
0 9 0.18 0.6
1 2 0.74 0.93
1 3 0.53 0.73
1 4 0.11 0.04
1 5 0.27 0.7
1 8 0.45 0.4
2 3 0.39 0.77
2 4 0.4 0.64
2 5 0.08 0.01
2 6 0.15 0.02
2 7 0.72 0.25
2 8 0.71 0.25
2 9 0.89 0.86
2 10 0.61 0.5
2 13 0.17 0.3
2 14 0.69 0.66
3 4 0.04 0.91
3 7 0.68 0.95
3 13 0.39 0.67
4 5 0.49 0.39
4 6 0.84 0.36
4 11 0.68 0.12
4 12 0.56 0.08
4 14 0.53 0.61
4 15 0.35 0.71
6 7 0.1 0.79
6 10 0.92 0.01
7 9 0.39 0.4
7 10 0.73 0.28
7 11 0.28 0.32
8 15 0.15 0.58
9 11 0.51 0.64
9 12 0.78 0.29
9 13 0.9 0.63
9 15 0.17 0.35
10 12 0.26 0.11
13 14 0.51 0.21
