0 1 0.75 0.13
0 2 0.32 0.55
0 3 0.23 0.6
0 4 0.49 0.55
0 5 0.18 0.47
0 6 0.07 0.84
1 2 0.15 0.44
1 3 0.04 0.19
1 5 0.69 0.08
1 9 0.24 0.67
1 10 0.49 0.68
1 11 0.56 0.24
1 13 0.8 0.07
1 14 0.82 0.78
2 3 0.23 0.98
2 4 1 0.32
2 6 0.25 0.48
2 7 0.21 0.87
2 8 0.42 0.02
2 12 0.44 0.74
3 4 0.68 0.5
3 5 0.22 0.14
3 6 0.1 0.95
3 7 0.82 0.52
3 8 0.35 0.63
3 9 0.26 0.14
3 10 0.93 0.06
3 11 0.22 0.4
3 12 0.31 0.56
3 14 0.64 0.21
5 7 0.47 0.1
5 14 0.12 0.1
6 8 0.13 0.27
6 9 0.77 0.92
6 10 0.07 0.6
6 11 0.39 0.55
6 12 0.6 0.77
6 15 0.15 0.65
7 13 0.22 0.25
7 15 0.72 0.5
10 15 0.61 0.85
11 13 0.87 0.71
