0 1 0.86 0.23
0 2 0.71 0.96
0 3 0.56 0.39
0 4 0.57 0.23
0 6 0.7 0.7
0 11 0.89 0.56
0 12 0.02 0.99
0 14 0.49 0.91
1 2 0.78 0.26
1 3 0.51 0.07
1 5 0.92 0.46
1 7 0.05 0.65
1 8 0.02 0.7
1 9 0.52 0.3
1 15 0.31 0.66
2 3 0.6 0.2
2 4 0.21 0.01
2 5 0.32 0.32
2 6 0.48 0.85
2 8 0.17 0.09
2 10 0.71 0.07
3 4 0.3 0.5
3 6 0.58 0.64
3 7 0.81 0.24
3 8 0.88 0.18
3 10 0.78 0.36
3 14 0.28 0.9
4 5 0.49 0.23
4 13 0.22 0.5
5 7 0.76 0.63
5 9 0.03 0.4
5 11 0.62 1
5 13 0.27 0.27
6 12 0.92 0.81
8 9 0.78 0.7
8 10 0.66 1
8 11 0.16 0.57
8 15 0.16 0.24
9 13 0.74 0.13
10 12 0.39 0.93
12 15 0.24 0.55
13 14 0.28 0.1
