0 1 0.68 0.22
0 2 0.07 0.34
0 3 0.14 0.97
0 4 0.61 0.97
0 5 0.89 0.08
0 6 0.28 0.52
0 7 0.49 0.1
0 8 0.93 0.09
0 9 0.35 0.37
0 14 0.21 0.04
1 2 0.77 0.47
1 3 0.2 0.89
1 4 0.84 0.05
1 5 0.56 0.37
1 7 0.88 0.11
1 10 0.21 0.4
1 11 0.22 0.47
1 13 1 0.72
2 3 1 0.27
2 4 0.73 0.33
2 5 0.33 0.68
2 6 0.7 0.41
2 9 0.62 0.54
2 11 0.92 0.03
2 13 0.7 0.01
3 4 0.08 0.2
3 7 0.08 0.66
3 11 0.78 0.25
4 5 0.13 0.5
4 6 0.56 0.34
4 8 0.86 0.1
4 9 0.79 0.82
4 13 0.26 0.89
4 14 0.41 0.2
4 15 0.76 0.89
5 6 0.6 0.91
5 7 0.85 0.07
5 8 0.38 0.24
5 12 0.95 0.29
5 13 0.55 0.35
5 15 0.64 0.49
6 9 0.43 0.87
6 12 0.3 0.02
7 8 0.81 0.14
7 10 0.15 0.06
7 11 0.84 0.82
7 15 0.8 0.85
8 10 0.14 0.05
9 10 0.73 0.45
9 12 0.55 0.82
10 12 0.25 0.93
11 14 0.15 0.51
11 15 0.41 0.13
13 14 0.53 0.45
