0 1 0.09 0.81
0 2 0.8 0.66
0 3 0.9 0.82
0 4 0.17 0.97
0 5 0.95 0.57
0 6 0.76 0.14
0 7 0.07 0.6
0 8 0.01 0.25
0 9 0.29 0.84
0 14 0.09 0.06
1 2 0.6 0.58
1 3 0.88 0.34
1 4 0.94 0.98
1 5 0.48 0.78
1 7 0.57 0.57
1 10 0.78 0.44
1 11 0.05 0.25
1 13 0.8 0.98
2 3 0.12 0.16
2 4 0.69 0.5
2 5 0.26 0.21
2 6 0.04 1
2 9 0.48 0.07
2 11 0.73 0.81
2 13 0.37 0.54
3 4 0.72 0.82
3 7 0.25 0.69
3 11 0.31 0.23
4 5 0.92 0.83
4 6 0.19 0.57
4 8 0.9 0.52
4 9 0.17 0.09
4 13 0.41 0.61
4 14 0.35 0.8
4 15 0.44 0.07
5 6 0.75 0.43
5 7 0.29 0.06
5 8 0.55 0.66
5 12 0.69 0.37
5 13 0.6 0.01
5 15 0.03 0.71
6 9 0.64 0.52
6 12 0.23 0.15
7 8 0.09 0.94
7 10 0.63 0.31
7 11 0.56 0.9
7 15 0.7 0.08
8 10 0.3 0.26
9 10 0.43 0.4
9 12 0.87 0.82
10 12 0.09 0.58
11 14 0.35 0.8
11 15 0.28 0.21
13 14 0.37 0.3
