0 1 0.71 0.79
0 2 0.59 0.15
0 3 0.53 0.97
0 4 0.28 0.05
0 5 0.9 0.02
0 7 0.93 0.57
0 13 0.16 0.86
1 2 0.71 0.57
1 3 0.35 0.83
1 4 0.08 0.83
1 5 0.83 0.31
1 6 0.92 0.84
1 7 0.49 0.58
1 8 0.07 0.46
1 9 0.36 0.9
1 10 0.25 0.93
2 3 0.81 0.26
2 4 0.72 0.1
2 6 0.28 0.91
2 9 0.98 0.45
2 10 0.63 0.77
2 12 0.16 0.97
2 14 0.94 0.03
3 4 0.46 0.01
3 5 0.69 0.24
3 6 0.69 0.25
3 7 0.87 0.8
3 8 0.41 0.76
3 9 0.44 0.75
3 10 0.08 0.26
3 11 1 0.91
3 12 0.76 0.37
3 13 0.62 0.99
3 15 0.89 0.72
4 5 0.9 0.78
4 10 0.16 0.32
4 11 0.17 0.08
5 6 0.99 0.83
5 7 0.05 0.52
5 8 0.05 0.52
5 11 0.86 0.98
5 12 0.4 0.5
5 13 0.61 0.51
5 14 0.74 0.91
6 15 0.46 0.26
7 8 0.11 0.81
7 9 0.97 0.96
7 12 0.55 0.32
7 15 0.41 0.52
8 14 0.53 0.04
9 14 0.33 0.47
10 11 0.37 0.1
10 13 0.21 0.18
11 15 0.02 0.3
