0 1 0.95 0.94
0 2 0.62 0.49
0 3 0.58 0.97
0 4 0.39 0.42
0 5 0.58 0.95
0 7 1 0.13
0 13 0.94 0.51
1 2 0.4 0.85
1 3 0.79 0.07
1 4 0.45 0.23
1 5 0.56 0.47
1 6 0.67 0.1
1 7 0.5 0.89
1 8 0.37 0.3
1 9 0.97 0.46
1 10 0.76 0.16
2 3 0.85 0.21
2 4 0.9 0.44
2 6 0.35 0.44
2 9 0.91 0.03
2 10 0.74 0.82
2 12 0.59 0.53
2 14 0.42 0.18
3 4 0.33 0.39
3 5 0.09 0.62
3 6 0.14 0.33
3 7 0.47 0.63
3 8 0.92 0.95
3 9 0.65 0.2
3 10 0.85 0.44
3 11 0.3 1
3 12 0.15 0.72
3 13 0.44 0.58
3 15 0.01 0.15
4 5 0.48 0.95
4 10 0.74 0.84
4 11 0.43 0.69
5 6 0.98 0.1
5 7 0.34 0.35
5 8 0.28 0.02
5 11 0.8 0.57
5 12 0.47 0.01
5 13 0.11 0.87
5 14 0.56 0.4
6 15 0.83 0.93
7 8 0.89 0.96
7 9 0.55 1
7 12 0.89 0.2
7 15 0.06 0.01
8 14 0.89 0.97
9 14 0.26 0.4
10 11 0.31 0.59
10 13 0.77 0.87
11 15 0.27 0.82
