0 1 0.48 0.04
0 2 0.1 0.78
0 3 0.44 0.69
0 4 0.43 0.71
0 5 0.17 0.87
0 8 0.51 0.63
0 9 0.39 0.11
0 10 0.78 0.25
0 13 0.03 0.4
1 2 0.72 0.53
1 3 0.36 0.36
1 4 0.19 0.02
1 5 0.28 0.61
1 7 0.68 0.02
1 8 0.05 0.09
1 9 0.79 0.02
1 12 0.38 0.75
1 15 0.28 0.01
2 3 0.4 0.51
2 4 0.95 0.17
2 6 0.8 0.32
2 8 0.95 0.77
2 9 0.17 0.64
2 10 0.23 0.97
2 11 0.38 0.35
2 14 0.14 0.27
3 4 0.46 0.63
3 5 0.36 0.61
3 6 0.58 0.43
3 11 0.66 0.92
3 13 0.7 0.99
3 14 0.5 0.85
4 5 0.21 0.64
4 6 0.39 0.65
4 7 0.25 0.13
4 11 0.69 0.17
4 12 0.27 0.03
4 14 0.08 0.78
5 6 0.26 0.94
5 7 0.11 0.6
5 8 0.33 0.18
5 10 0.64 0.97
5 12 0.96 0.51
6 7 0.91 0.37
6 9 0.54 0.33
6 10 0.35 0.31
6 12 0.16 0.4
6 15 0.64 0.66
7 11 0.27 0.01
7 14 0.72 0.19
7 15 0.83 0.77
10 13 0.66 0.86
10 15 0.59 0.68
11 13 0.94 0.85
