0 1 0.11 0.48
0 2 0.5 0.32
0 3 0.05 0.57
0 4 0.06 0.56
0 6 0.69 0.01
0 10 0.54 0.5
0 13 0.34 0.93
0 15 0.14 0.38
1 2 0.26 0.17
1 3 0.63 0.17
1 4 0.19 0.41
1 5 0.78 0.18
1 6 0.24 1
1 7 0.18 0.61
1 8 0.69 0.14
1 9 0.1 0.57
1 10 0.82 0.58
1 15 0.19 1
2 3 0.01 0.92
2 4 0.78 0.88
2 5 0.99 0.04
2 6 0.34 0.72
2 7 0.61 0.82
2 8 0.03 0.72
2 9 0.88 0.13
2 11 0.18 0.83
2 12 0.22 0.2
2 13 0.35 0.69
2 14 0.7 0.59
3 4 0.78 0.66
3 5 0.71 0.57
3 6 0.19 0.19
3 9 0.73 0.19
3 11 0.93 0.79
3 12 0.07 0.56
3 15 0.09 0.58
4 5 0.61 0.41
4 7 0.08 0.22
5 8 0.08 0.95
5 9 0.56 0.87
5 13 0.27 0.83
5 14 0.39 0.04
6 7 0.42 0.15
6 11 0.98 0.69
6 14 0.27 0.71
7 8 0.53 0.2
7 10 0.1 0.71
7 11 0.96 0.66
8 15 0.8 0.52
9 10 0.96 0.8
9 12 0.25 0.3
11 12 0.04 1
11 14 0.57 0.53
12 13 0.79 0.5
