0 1 0.66 0.84
0 2 0.67 0.47
0 3 0.41 0.25
0 4 0.02 0.25
0 5 0.4 0.26
0 6 0.5 0.8
0 15 0.74 0.21
1 2 0.1 0.04
1 3 0.13 0.64
1 4 0.98 0.33
1 5 0.54 0.71
1 6 0.52 0.08
1 7 0.02 0.49
1 8 0.68 0.09
1 9 0.84 0.62
1 10 0.95 0.96
1 11 0.42 0.27
1 14 0.8 0.79
2 3 0.2 0.24
2 4 0.84 0.21
2 6 0.34 0.35
2 7 0.82 0.78
2 9 0.09 0.38
2 10 0.95 0.85
2 11 0.72 0.68
2 12 0.03 0.16
2 15 0.07 0.55
3 4 0.28 0.48
3 5 0.81 0.13
3 7 0.04 0.05
3 10 0.37 0.92
3 11 0.69 0.23
3 12 0.53 0.65
3 14 0.54 0.68
4 5 0.45 0.76
4 8 0.95 0.93
4 9 0.31 0.76
4 15 0.07 0.38
5 6 0.61 0.78
5 8 0.01 0.41
5 9 0.82 0.73
5 12 0.49 0.44
5 13 0.66 0.45
5 15 0.51 0.3
6 7 0.17 0.57
6 8 0.62 0.73
6 13 0.32 0.33
7 14 0.1 0.05
9 10 0.23 0.35
9 11 0.27 0.47
10 12 0.08 0.06
10 13 0.14 0.7
12 13 0.83 0.33
12 14 0.51 0.39
