0 1 0.06 0.47
0 2 0.22 0.7
0 3 0.86 0.06
0 4 0.4 0.42
0 6 0.96 0.21
0 10 0.3 0.71
0 13 0.79 0.6
0 15 0.7 0.37
1 2 0.18 0.69
1 3 0.5 0.18
1 4 0.85 0.5
1 5 0.56 0.76
1 6 0.97 0.91
1 7 0.9 0.08
1 8 0.57 0.7
1 9 0.93 0.6
1 10 0.18 0.69
1 15 0.15 0.66
2 3 0.89 0.35
2 4 0.68 0.49
2 5 0.74 0.93
2 6 0.57 0.95
2 7 0.18 0.82
2 8 0.57 0.56
2 9 0.73 0.43
2 11 0.23 0.32
2 12 0.06 0.66
2 13 0.7 0.07
2 14 0.13 0.19
3 4 0.04 0.43
3 5 0.87 0.85
3 6 0.62 0.57
3 9 0.27 0.9
3 11 0.88 0.52
3 12 0.75 0.13
3 15 0.12 0.84
4 5 0.58 0.9
4 7 0.16 0.88
5 8 0.37 0.77
5 9 0.74 0.5
5 13 0.42 0.47
5 14 0.37 0.66
6 7 0.57 0.85
6 11 0.28 0.32
6 14 0.02 0.01
7 8 0.69 0.04
7 10 0.2 0.97
7 11 0.47 0.15
8 15 0.09 0.09
9 10 0.37 0.97
9 12 0.84 0.22
11 12 0.77 0.89
11 14 0.47 0.85
12 13 0.13 0.94
