0 1 0.52 0.86
0 2 0.09 0.62
0 3 0.66 0.49
0 4 0.64 0.57
0 5 0.78 0.57
0 6 0.22 0.77
0 7 0.1 0.26
0 9 0.7 0.46
0 11 0.47 0.12
0 13 0.47 0.45
0 14 0.77 0.81
1 2 0.47 0.75
1 3 0.54 0.21
1 4 0.24 0.39
1 5 0.44 0.99
1 7 0.06 0.95
1 8 0.97 0.48
1 10 0.87 0.41
1 11 0.22 0.01
1 13 0.74 0.41
2 3 0.53 0.26
2 4 0.1 0.54
2 5 0.67 0.56
2 8 0.49 0.89
2 9 0.29 0.14
2 10 0.91 0.14
2 12 0.54 0.88
2 13 0.61 0.38
2 14 0.32 0.86
3 4 0.66 0.34
3 5 0.14 0.81
3 6 0.28 0.23
3 7 0.51 0.12
3 8 0.26 0.89
3 11 0.99 0.34
3 12 0.19 0.51
3 15 0.32 0.5
4 6 0.94 0.95
4 8 0.89 0.6
4 13 0.4 0.94
5 6 0.98 0.27
5 12 0.65 0.13
5 14 0.04 0.8
6 7 0.29 0.74
6 9 0.06 0.42
6 12 0.15 0.75
6 14 0.22 0.8
6 15 0.45 0.76
7 9 0.47 0.95
7 10 0.05 0.15
7 11 0.6 0.54
7 15 0.83 0.53
9 10 0.44 0.41
10 15 0.64 0.4
