0 1 0.46 0.65
0 2 0.15 0.97
0 3 0.31 0.89
0 4 0.58 0.18
0 5 0.31 0.45
0 8 0.32 0.62
0 9 0.42 0.98
0 10 0.03 0.59
0 13 0.18 0.33
1 2 0.34 0.14
1 3 0.35 0.67
1 4 0.09 0.1
1 5 0.75 0.08
1 7 0.48 0.49
1 8 0.16 0.6
1 9 0.27 0.51
1 12 0.53 0.33
1 15 0.64 0.79
2 3 0.84 0.78
2 4 0.89 0.39
2 6 0.84 0.52
2 8 0.83 0.16
2 9 0.75 0.03
2 10 0.43 0.79
2 11 0.18 0.63
2 14 0.65 0.35
3 4 0.47 0.53
3 5 0.81 0.52
3 6 0.78 0.56
3 11 0.54 0.61
3 13 0.12 0.25
3 14 0.14 0.87
4 5 0.67 0.49
4 6 0.46 0.56
4 7 0.79 0.02
4 11 0.14 0.98
4 12 0.65 0.51
4 14 0.71 0.41
5 6 0.43 0.4
5 7 0.13 0.36
5 8 0.39 0.67
5 10 0.81 0.09
5 12 0.73 0.28
6 7 0.05 0.56
6 9 0.36 0.63
6 10 0.66 0.7
6 12 0.29 0.37
6 15 0.47 0.24
7 11 0.23 0.69
7 14 0.7 0.49
7 15 0.7 0.28
10 13 0.4 0.45
10 15 0.11 0.16
11 13 0.87 0.57
