0 1 0.86 0.53
0 2 0.66 0.77
0 3 0.37 0.57
0 4 0.57 0.1
0 5 0.86 0.56
0 7 0.13 0.26
0 8 0.42 0.79
0 9 0.64 0.25
0 12 0.91 0.28
1 2 0.03 0.46
1 3 0.52 0.02
1 4 0.78 0.95
1 5 0.18 0.42
1 6 0.57 0.09
1 7 0.81 0.44
1 9 0.87 0.85
1 10 0.79 0.43
1 13 0.77 0.69
2 3 0.12 0.66
2 4 0.34 0.77
2 5 0.92 0.38
2 6 0.36 0.69
2 10 0.52 0.91
2 11 0.89 0.07
2 12 0.6 0.64
2 14 0.46 0.54
3 4 0.59 0.07
3 8 0.19 0.35
3 11 0.81 0.37
3 15 0.36 0.43
4 5 0.21 0.29
4 6 0.26 0.93
4 9 0.43 0.49
4 13 0.31 0.99
5 6 0.33 0.89
5 7 0.58 1
5 11 0.94 0.11
5 12 0.81 0.35
5 15 0.12 0.53
6 7 0.14 0.95
6 8 0.59 0.04
6 9 0.21 0.96
6 10 0.85 0.39
6 14 0.16 0.21
6 15 0.29 0.58
7 8 0.98 0.18
8 11 0.09 0.02
8 14 0.64 0.24
9 10 0.78 0.58
9 12 0.13 0.3
9 13 0.3 0.87
10 15 0.25 0.42
11 14 0.28 0.39
12 13 0.56 0.73
