0 1 0.81 0.24
0 2 0.43 0.52
0 3 0.78 0.1
0 4 0.77 0.45
0 6 0.46 0.32
0 10 0.39 0.15
0 13 0.86 0.07
0 15 0.11 0.1
1 2 0.88 0.14
1 3 0.62 0.06
1 4 0.77 0.25
1 5 0.7 0.54
1 6 0.83 0.22
1 7 0.11 0.33
1 8 0.62 0.53
1 9 0.2 0.82
1 10 0.39 0.36
1 15 0.63 0.38
2 3 0.3 0.18
2 4 0.24 0.72
2 5 0.16 0.22
2 6 0.61 0.84
2 7 1 0.95
2 8 0.72 0.5
2 9 0.43 0.97
2 11 0.01 0.27
2 12 0.79 0.66
2 13 0.82 0.46
2 14 0.28 0.01
3 4 0.93 0.88
3 5 0.47 0.02
3 6 0.07 0.54
3 9 0.11 0.25
3 11 0.74 0.1
3 12 0.66 0.68
3 15 0.95 0.99
4 5 0.87 0.27
4 7 0.39 0.27
5 8 0.05 0.88
5 9 0.02 0.28
5 13 0.53 0.74
5 14 0.3 0.29
6 7 0.37 0.58
6 11 0.81 0.53
6 14 0.89 0.2
7 8 0.06 0.61
7 10 0.28 0.62
7 11 0.7 0.71
8 15 0.23 0.9
9 10 0.29 0.67
9 12 0.13 0.1
11 12 0.65 0.04
11 14 0.98 0.24
12 13 0.82 0.01
