0 1 0.71 0.51
0 2 0.82 0.26
0 3 0.71 0.83
0 4 0.6 0.6
0 5 0.95 0.29
0 6 0.29 0.49
0 15 0.19 0.44
1 2 0.89 0.57
1 3 0.56 0.43
1 4 0.5 0.31
1 5 0.82 0.2
1 6 0.98 0.97
1 7 0.38 0.39
1 8 0.38 0.55
1 9 0.51 0.42
1 10 0.35 0.44
1 11 0.61 0.2
1 14 0.67 0.1
2 3 0.66 0.45
2 4 0.72 0.38
2 6 0.58 0.15
2 7 0.43 0.01
2 9 0.52 0.36
2 10 0.52 0.26
2 11 0.51 0.56
2 12 0.24 0.84
2 15 0.8 0.78
3 4 0.43 0.36
3 5 0.79 0.12
3 7 0.67 0.63
3 10 0.95 0.81
3 11 0.67 0.16
3 12 0.74 0.64
3 14 0.72 0.73
4 5 0.21 0.71
4 8 0.58 0.83
4 9 0.33 0.63
4 15 0.09 0.52
5 6 0.43 0.26
5 8 0.58 0.17
5 9 0.05 0.55
5 12 0.98 0.13
5 13 0.43 0.1
5 15 0.62 0.8
6 7 0.67 0.48
6 8 0.71 0.21
6 13 0.43 0.48
7 14 0.07 0.08
9 10 0.66 0.03
9 11 0.36 0.9
10 12 0.65 0.14
10 13 0.15 0.54
12 13 0.75 0.61
12 14 0.6 0.06
