0 1 0.36 0.77
0 2 0.66 0.99
0 3 0.46 0.31
0 4 0.2 0.67
0 5 0.95 0.48
0 6 0.11 0.3
0 15 0.98 0.27
1 2 0.45 0.85
1 3 0.17 0.55
1 4 0.57 0.71
1 5 0.89 0.77
1 6 0.18 0.75
1 7 0.69 0.71
1 8 0.59 0.26
1 9 0.94 0.21
1 10 0.05 0.48
1 11 0.22 0.41
1 14 0.38 0.85
2 3 0.76 0.76
2 4 0.16 0.17
2 6 0.57 0.91
2 7 0.78 0.85
2 9 0.94 0.68
2 10 0.29 0.43
2 11 0.22 0.66
2 12 0.53 0.05
2 15 0.81 0.35
3 4 0.99 0.75
3 5 0.29 0.19
3 7 0.93 0.06
3 10 0.13 0.27
3 11 0.74 0.72
3 12 0.03 0.14
3 14 0.26 0.83
4 5 0.39 0.39
4 8 0.08 0.62
4 9 0.69 0.51
4 15 0.03 0.97
5 6 0.08 0.28
5 8 0.98 0.72
5 9 0.93 0.79
5 12 0.06 0.79
5 13 0.38 0.03
5 15 0.6 0.51
6 7 0.68 0.52
6 8 0.86 0.53
6 13 0.37 0.42
7 14 0.77 0.76
9 10 0.05 0.98
9 11 0.68 0.45
10 12 0.29 0.3
10 13 0.49 0.49
12 13 0.9 0.4
12 14 0.27 0.36
