0 1 0.34 0.25
0 2 0.56 0.6
0 3 0.22 0.8
0 4 0.06 0.75
0 9 0.2 0.44
0 11 0.14 0.39
0 12 0.55 0.35
0 15 0.57 0.86
1 2 0.04 0.79
1 3 0.34 0.59
1 4 0.33 0.42
1 5 0.38 0.26
1 6 0.06 0.09
1 7 0.97 0.63
1 10 0.63 0.17
1 13 0.26 0.77
2 3 0.37 0.63
2 4 0.47 0.67
2 5 0.88 0.57
2 6 0.14 0.56
2 7 0.85 0.45
2 9 0.75 0.4
2 10 0.45 0.98
2 11 0.76 0.58
3 4 0.56 0.58
3 5 0.23 0.82
3 7 0.83 0.74
3 8 0.95 0.98
3 11 0.42 0.29
3 12 0.57 0.65
3 14 0.41 0.78
4 5 0.97 0.09
4 6 0.02 0.36
4 8 0.32 0.94
4 9 0.63 0.03
4 14 0.07 0.41
4 15 0.1 0.74
5 6 0.01 0.95
5 10 1 0.25
5 12 0.76 0.78
6 7 0.76 0.06
6 8 0.33 0.37
6 12 0.96 0.93
7 8 0.69 0.27
7 9 0.43 0.03
8 13 0.33 0.63
8 15 1 0.55
9 10 0.67 0.23
9 11 0.53 0.73
10 13 0.28 0.6
10 14 0.31 0.75
11 14 0.4 0.03
11 15 0.73 0.81
12 13 0.35 0.08
