0 1 0.53 0.82
0 2 0.42 0.54
0 3 0.28 0.28
0 4 0.27 0.62
0 9 0.9 0.31
0 11 0.68 0.81
0 12 0.36 0.43
0 15 0.71 0.72
1 2 0.97 0.3
1 3 1 0.81
1 4 0.73 0.36
1 5 0.03 0.51
1 6 0.55 0.6
1 7 0.74 0.64
1 10 0.43 0.5
1 13 0.88 0.18
2 3 0.67 0.42
2 4 0.13 0.52
2 5 0.61 0.41
2 6 0.82 0.92
2 7 0.72 0.1
2 9 0.65 0.77
2 10 0.39 0.1
2 11 0.66 0.24
3 4 0.61 0.25
3 5 0.39 0.43
3 7 0.83 0.47
3 8 0.36 0.63
3 11 0.63 0.15
3 12 0.64 0.55
3 14 0.69 0.9
4 5 0.46 0.21
4 6 0.91 0.06
4 8 0.46 0.11
4 9 0.19 0.81
4 14 0.92 0.8
4 15 0.37 0.07
5 6 0.81 0.22
5 10 0.1 0.17
5 12 0.02 0.37
6 7 0.74 0.61
6 8 0.13 0.4
6 12 0.15 0.36
7 8 0.42 1
7 9 0.59 0.36
8 13 0.3 0.83
8 15 0.2 0.6
9 10 0.51 0.7
9 11 0.83 0.77
10 13 0.59 0.71
10 14 0.63 0.7
11 14 0.01 0.18
11 15 0.7 0.89
12 13 0.67 0.09
