0 1 0.08 0.61
0 2 0.59 0.48
0 3 0.99 0.03
0 4 0.9 0.61
0 5 0.18 0.39
0 7 0.47 0.68
0 13 0.18 0.8
1 2 0.47 0.78
1 3 0.28 0.49
1 4 0.8 0.26
1 5 0.54 0.09
1 6 0.63 0.24
1 7 0.13 0.41
1 8 0.94 0.19
1 9 0.66 0.43
1 10 0.5 0.38
2 3 0.06 0.89
2 4 0.3 0.27
2 6 0.36 0.72
2 9 0.06 0.11
2 10 0.18 0.8
2 12 0.04 0.3
2 14 0.41 0.03
3 4 0.97 0.46
3 5 0.24 0.35
3 6 0.14 0.53
3 7 0.72 0.35
3 8 0.86 0.47
3 9 0.26 0.12
3 10 0.52 0.88
3 11 0.91 0.1
3 12 0.39 0.58
3 13 0.23 0.52
3 15 0.32 0.71
4 5 0.32 0.38
4 10 0.95 0.87
4 11 0.94 0.51
5 6 0.14 0.1
5 7 0.8 0.92
5 8 0.71 0.32
5 11 0.14 0.07
5 12 0.66 0.97
5 13 0.12 0.61
5 14 0.84 0.55
6 15 0.9 0.54
7 8 0.87 0.29
7 9 0.56 0.01
7 12 0.77 0.6
7 15 0.64 0.66
8 14 0.01 0.67
9 14 0.26 0.49
10 11 0.6 0.27
10 13 0.33 0.36
11 15 0.55 0.39
