0 1 0.37 0.26
0 2 0.15 0.92
0 3 0.58 0.24
0 4 0.93 0.74
0 5 0.99 0.1
0 7 0.37 0.57
0 13 0.78 0.72
1 2 0.86 0.65
1 3 0.32 0.65
1 4 0.92 0.04
1 5 0.49 0.33
1 6 0.89 0.4
1 7 0.02 0.32
1 8 0.94 0.27
1 9 0.41 0.48
1 10 0.44 0.02
2 3 0.45 0.52
2 4 0.33 0.44
2 6 0.64 0.37
2 9 0.4 0.1
2 10 0.02 0.64
2 12 0.05 0.02
2 14 0.03 0.48
3 4 0.58 0.98
3 5 0.73 0.41
3 6 0.26 0.91
3 7 0.79 0.42
3 8 0.74 0.47
3 9 0.8 0.31
3 10 0.36 0.69
3 11 0.33 0.93
3 12 0.97 0.41
3 13 0.76 0.19
3 15 0.88 0.97
4 5 0.97 0.1
4 10 0.48 0.09
4 11 0.97 0.54
5 6 0.04 0.2
5 7 0.96 0.24
5 8 0.43 0.32
5 11 0.78 0.64
5 12 0.37 0.31
5 13 0.86 0.2
5 14 0.14 0.31
6 15 0.94 0.94
7 8 0.83 0.89
7 9 0.4 0.3
7 12 0.04 0.34
7 15 0.62 0.86
8 14 0.16 0.44
9 14 0.51 0.78
10 11 0.96 0.57
10 13 0.81 0.94
11 15 0.86 0.45
