0 1 0.09 0.65
0 2 0.63 0.75
0 3 0.7 0.05
0 4 0.22 0.03
0 5 0.11 0.66
0 7 0.23 0.97
0 8 0.64 0.14
0 9 0.27 0.66
0 12 0.72 0.13
0 13 0.97 0.92
0 14 0.38 0.2
0 15 0.35 0.16
1 2 0.18 0.74
1 3 0.5 0.51
1 4 0.67 0.11
1 6 0.42 0.95
1 8 0.09 0.16
1 9 0.42 0.65
1 10 0.18 0.84
2 3 0.59 0.98
2 4 0.24 0.81
2 5 0.32 0.27
2 6 0.76 0.57
2 7 0.15 0.22
2 10 0.61 0.46
2 11 0.8 0.16
2 14 0.14 0.94
3 4 0.36 0.74
3 5 0.94 0.34
3 6 0.89 0.34
3 7 0.9 0.58
3 8 0.05 0.55
3 11 0.47 0.99
3 12 0.2 0.09
3 13 0.99 0.61
4 5 0.65 0.43
4 6 0.16 0.45
4 9 0.94 0.74
4 10 0.92 0.34
4 11 0.57 0.16
4 15 0.9 0.83
5 13 0.87 0.36
5 14 0.52 0.09
5 15 0.21 0.04
6 7 0.95 0.08
6 8 0.56 0.1
6 13 0.53 0.48
7 9 0.92 0.32
7 10 0.63 0.23
7 11 0.69 0.09
8 15 0.87 0.51
9 12 0.33 0.07
11 12 0.77 0.97
12 14 0.79 0.3
