0 1 0.89 0.77
0 2 0.5 0.41
0 3 0.67 0.36
0 4 0.35 0.74
0 5 0.65 0.77
0 7 0.92 0.13
0 13 0.32 0.82
1 2 0.58 0.49
1 3 0.96 0.36
1 4 0.25 0.23
1 5 0.84 0.59
1 6 0.43 0.41
1 7 0.22 0.69
1 8 0.97 0.12
1 9 0.49 0.44
1 10 0.05 0.86
2 3 0.01 0.89
2 4 0.64 0.42
2 6 0.07 0.52
2 9 0.89 0.57
2 10 0.76 0.38
2 12 0.67 0.44
2 14 0.2 0.11
3 4 0.69 0.39
3 5 0.87 0.11
3 6 0.02 0.22
3 7 0.69 0.52
3 8 0.77 0.76
3 9 0.76 0.45
3 10 0.72 0.05
3 11 0.16 0.97
3 12 0.19 0.14
3 13 0.5 0.12
3 15 0.68 0.5
4 5 0.63 0.56
4 10 0.39 0.64
4 11 0.58 0.91
5 6 0.34 0.82
5 7 0.41 0.69
5 8 0.61 0.13
5 11 0.15 0.11
5 12 0.25 0.3
5 13 0.13 0.85
5 14 0.68 0.68
6 15 0.4 0.09
7 8 0.12 0.81
7 9 0.26 0.53
7 12 0.64 0.48
7 15 0.43 0.57
8 14 0.93 0.51
9 14 0.99 0.17
10 11 0.35 0.58
10 13 0.87 0.77
11 15 0.51 0.01
