0 1 0.81 0.51
0 2 0.21 0.53
0 3 0.69 0.64
0 4 0.72 0.09
0 9 0.25 0.3
0 11 0.54 0.89
0 12 0.27 0.91
0 15 0.83 0.96
1 2 0.51 0.29
1 3 0.49 0.96
1 4 0.52 0.25
1 5 0.86 0.4
1 6 0.9 0.15
1 7 0.67 0.62
1 10 0.66 0.08
1 13 0.92 0.91
2 3 0.86 0.59
2 4 0.28 0.28
2 5 0.23 0.96
2 6 0.6 0.2
2 7 0.65 0.11
2 9 0.03 0.92
2 10 0.13 0.04
2 11 0.36 0.88
3 4 0.6 0.38
3 5 0.49 0.59
3 7 0.41 0.9
3 8 0.51 0.14
3 11 0.46 0.06
3 12 0.07 0.17
3 14 0.82 0.75
4 5 0.38 0.8
4 6 0.72 0.21
4 8 0.61 0.82
4 9 0.19 0.95
4 14 0.13 0.53
4 15 0.19 0.32
5 6 0.64 0.59
5 10 0.22 0.98
5 12 0.9 0.78
6 7 0.08 0.13
6 8 0.25 0.21
6 12 0.87 0.11
7 8 0.75 0.43
7 9 0.76 0.72
8 13 0.19 0.48
8 15 0.96 0.98
9 10 0.16 0.97
9 11 0.72 0.99
10 13 0.16 0.02
10 14 0.24 0.63
11 14 0.79 0.91
11 15 0.26 0.23
12 13 0.16 0.56
