0 1 0.49 0.14
0 2 0.67 0.06
0 3 0.03 0.26
0 4 0.22 0.29
0 5 0.94 0.07
0 6 1 0.07
0 15 0.07 0.12
1 2 0.16 0.31
1 3 0.98 0.07
1 4 0.66 0.96
1 5 0.22 0.91
1 6 0.29 0.41
1 7 0.06 0.75
1 8 0.58 0.22
1 9 0.77 0.17
1 10 0.17 0.25
1 11 0.38 0.53
1 14 0.65 0.33
2 3 0.31 0.46
2 4 0.47 0.04
2 6 0.46 0.32
2 7 0.16 0.72
2 9 0.1 0.84
2 10 0.68 0.2
2 11 0.54 0.44
2 12 0.08 0.68
2 15 0.34 0.56
3 4 0.01 0.68
3 5 0.92 0.21
3 7 0.94 0.78
3 10 0.02 0.72
3 11 0.75 0.66
3 12 0.86 0.4
3 14 0.17 0.92
4 5 0.83 0.2
4 8 0.22 0.97
4 9 0.59 0.26
4 15 0.28 0.54
5 6 0.01 0.66
5 8 0.9 0.62
5 9 0.05 0.75
5 12 0.34 0.23
5 13 0.83 0.52
5 15 0.5 0.98
6 7 0.26 0.75
6 8 0.01 0.41
6 13 0.51 0.53
7 14 0.09 0.85
9 10 0.79 0.41
9 11 0.12 0.78
10 12 0.51 0.9
10 13 0.21 0.3
12 13 0.16 0.78
12 14 0.24 0.73
