0 1 0.89 0.35
0 2 0.33 0.4
0 3 0.96 0.96
0 4 0.54 0.12
0 5 0.07 0.18
0 6 0.38 0.27
0 8 0.6 0.89
0 9 0.75 0.8
0 10 0.42 0.16
0 11 0.61 0.01
0 13 0.54 0.86
0 14 0.95 0.75
1 2 0.99 0.09
1 3 0.35 0.86
1 4 0.42 0.52
1 5 0.98 0.93
1 6 0.13 0.68
1 7 0.08 0.18
1 9 0.75 0.24
1 10 0.7 0.56
1 12 0.03 0.75
1 15 0.15 0.25
2 3 0.48 0.44
2 4 0.56 0.43
2 5 0.62 0.23
2 6 0.72 0.38
2 7 0.13 0.21
2 8 0.4 0.46
2 9 0.77 0.02
2 11 0.66 0.09
3 4 0.09 0.85
3 8 0.93 0.72
3 10 0.85 0.28
3 15 0.36 0.75
4 5 0.47 0.82
4 6 0.76 0.91
4 7 0.07 0.67
4 8 0.53 0.86
4 9 0.19 0.74
4 12 0.65 0.21
4 13 0.09 0.15
4 15 0.77 0.46
5 7 0.23 0.4
6 10 0.37 0.01
6 15 0.25 0.66
7 11 0.09 0.9
7 12 0.47 0.86
9 13 0.85 0.89
9 14 0.22 0.2
10 11 0.02 0.39
10 13 0.75 0.15
10 14 0.15 0.07
11 12 0.05 0.2
11 14 0.65 0.11
