0 1 0.1 0.71
0 2 0.67 0.5
0 3 0.45 0.45
0 4 0.55 0.6
0 5 0.25 0.59
0 7 0.39 0.42
0 13 0.74 0.57
1 2 0.36 0.5
1 3 0.71 0.73
1 4 0.77 0.92
1 5 0.14 0.26
1 6 0.71 0.3
1 7 0.03 0.34
1 8 0.94 0.32
1 9 0.58 0.37
1 10 0.02 0.22
2 3 0.3 0.03
2 4 0.22 0.45
2 6 0.78 0.91
2 9 0.86 0.23
2 10 0.88 0.16
2 12 0.76 0.74
2 14 0.64 0.65
3 4 0.2 0.13
3 5 0.74 0.98
3 6 0.55 0.17
3 7 0.97 0.49
3 8 0.25 0.14
3 9 0.59 0.85
3 10 0.34 0.61
3 11 0.03 0.03
3 12 0.78 0.55
3 13 0.51 0.52
3 15 0.71 0.29
4 5 0.36 0.64
4 10 0.17 0.2
4 11 0.11 0.65
5 6 0.41 0.14
5 7 0.69 0.14
5 8 0.49 0.05
5 11 0.1 0.92
5 12 0.99 0.05
5 13 0.73 0.56
5 14 0.43 0.57
6 15 0.57 0.98
7 8 0.7 0.35
7 9 0.22 0.37
7 12 0.13 0.22
7 15 0.24 0.37
8 14 0.97 0.09
9 14 0.35 0.69
10 11 0.62 0.94
10 13 0.32 0.8
11 15 0.47 0.39
