0 1 0.84 0.86
0 2 0.96 0.23
0 3 0.37 0.59
0 4 0.12 0.46
0 5 0.66 0.79
0 6 0.3 0.36
0 7 0.35 0.32
0 8 0.76 0.62
0 9 0.96 0.95
0 14 0.83 0.68
1 2 0.15 0.01
1 3 0.01 0.7
1 4 0.24 0.45
1 5 0.12 0.82
1 7 0.95 0.71
1 10 0.72 0.42
1 11 0.83 0.81
1 13 0.55 0.56
2 3 0.75 0.99
2 4 0.82 0.7
2 5 0.11 0.13
2 6 0.55 0.84
2 9 0.53 0.65
2 11 0.78 0.72
2 13 0.59 0.48
3 4 0.98 0.94
3 7 0.9 0.2
3 11 0.66 0.63
4 5 0.5 0.27
4 6 0.63 0.27
4 8 0.4 0.49
4 9 0.53 0.12
4 13 0.71 0.02
4 14 0.99 0.18
4 15 0.79 1
5 6 0.19 0.39
5 7 0.06 0.02
5 8 0.39 0.15
5 12 0.44 0.64
5 13 0.44 0.97
5 15 0.57 0.24
6 9 0.99 0.34
6 12 0.74 0.98
7 8 0.27 0.44
7 10 0.73 0.06
7 11 0.01 0.58
7 15 0.26 0.96
8 10 0.17 0.6
9 10 0.45 0.19
9 12 0.56 0.35
10 12 0.69 0.61
11 14 0.49 0.3
11 15 0.62 0.26
13 14 0.36 0.62
