0 1 0.95 0.99
0 2 0.14 0.49
0 3 0.15 0.19
0 4 0.05 0.98
0 5 0.43 0.99
0 6 0.73 0.61
0 8 0.35 0.56
0 9 0.72 0.84
0 10 0.73 0.88
0 11 0.35 0.54
0 13 0.36 0.78
0 14 0.99 0.05
1 2 0.52 0.24
1 3 0.39 0.19
1 4 0.11 0.72
1 5 0.29 0.27
1 6 0.27 1
1 7 0.35 0.01
1 9 0.54 0.08
1 10 0.03 0.08
1 12 0.45 0.93
1 15 0.51 0.68
2 3 0.53 0.33
2 4 0.4 0.7
2 5 0.73 0.45
2 6 0.17 0.04
2 7 0.19 0.51
2 8 0.03 0.98
2 9 0.5 0.12
2 11 0.38 0.04
3 4 0.09 0.62
3 8 0.32 0.71
3 10 0.38 0.5
3 15 0.62 0.36
4 5 0.78 0.49
4 6 0.07 0.04
4 7 0.97 0.87
4 8 0.56 0.38
4 9 0.58 0.51
4 12 0.68 0.08
4 13 0.66 0.06
4 15 0.54 0.88
5 7 0.08 0.37
6 10 0.22 0.03
6 15 0.85 0.62
7 11 0.79 0.46
7 12 0.14 0.34
9 13 0.72 0.71
9 14 0.88 0.29
10 11 0.65 0.23
10 13 0.3 0.91
10 14 0.46 0.78
11 12 0.28 0.01
11 14 0.02 0.27
