0 1 0.06 0.22
0 2 0.24 0.31
0 3 0.05 1
0 4 0.66 0.34
0 5 0.22 0.46
0 6 0.88 0.25
0 8 0.61 0.86
0 9 0.12 0.55
0 10 0.8 0.56
0 11 0.2 0.27
0 13 0.83 0.21
0 14 0.22 0.07
1 2 0.2 0.1
1 3 0.59 0.94
1 4 0.72 0.52
1 5 0.79 0.42
1 6 0.55 0.09
1 7 0.59 0.82
1 9 0.89 0.12
1 10 0.8 0.87
1 12 0.5 0.17
1 15 0.9 0.44
2 3 0.54 0.89
2 4 0.81 0.96
2 5 0.64 0.65
2 6 0.37 0.12
2 7 0.83 0.73
2 8 0.38 0.72
2 9 0.91 0.27
2 11 1 0.36
3 4 0.26 0.67
3 8 0.54 0.18
3 10 0.11 0.19
3 15 0.58 0.85
4 5 0.75 0.77
4 6 0.91 0.61
4 7 0.19 0.12
4 8 0.86 0.65
4 9 0.21 0.61
4 12 0.22 0.42
4 13 0.59 0.91
4 15 0.12 0.47
5 7 0.77 0.28
6 10 0.87 0.73
6 15 0.58 0.61
7 11 0.61 0.85
7 12 0.59 0.24
9 13 0.78 0.8
9 14 0.57 0.62
10 11 0.08 0.38
10 13 0.37 0.72
10 14 0.14 0.54
11 12 0.09 0.18
11 14 0.95 0.91
