0 1 0.68 0.61
0 2 0.54 0.27
0 3 0.8 0.15
0 4 0.29 0.96
0 6 0.17 0.1
0 10 0.31 0.14
0 13 0.3 0.04
0 15 0.89 0.01
1 2 0.11 0.45
1 3 0.21 0.06
1 4 0.97 0.85
1 5 0.51 0.64
1 6 0.76 0.74
1 7 0.38 0.66
1 8 0.18 0.33
1 9 0.69 0.64
1 10 0.88 0.62
1 15 0.8 0.73
2 3 0.08 0.14
2 4 0.85 0.5
2 5 0.28 0.26
2 6 0.25 0.39
2 7 0.21 0.42
2 8 0.64 0.3
2 9 0.58 0.08
2 11 0.08 0.97
2 12 0.79 0.14
2 13 0.15 0.13
2 14 0.28 0.49
3 4 0.46 0.94
3 5 0.16 0.76
3 6 0.43 0.97
3 9 0.37 0.87
3 11 0.99 0.79
3 12 0.98 0.18
3 15 0.57 0.58
4 5 0.16 0.55
4 7 0.91 0.63
5 8 0.85 0.42
5 9 0.15 0.68
5 13 0.99 0.43
5 14 0.24 0.08
6 7 0.37 0.66
6 11 0.75 0.56
6 14 0.73 0.77
7 8 0.27 0.76
7 10 0.95 0.59
7 11 0.21 0.73
8 15 0.2 0.98
9 10 0.17 0.06
9 12 0.43 0.92
11 12 0.77 0.16
11 14 0.41 0.91
12 13 0.1 0.76
