0 1 0.98 0.38
0 2 0.08 0.77
0 3 0.34 0.57
0 4 0.42 0.45
0 5 0.7 0.8
0 6 0.85 0.7
0 8 0.48 0.19
0 9 0.87 0.76
0 10 0.18 0.7
0 11 0.99 0.84
0 13 0.93 0.5
0 14 0.49 0.09
1 2 0.52 0.34
1 3 0.87 0.52
1 4 0.75 0.04
1 5 0.15 0.51
1 6 0.11 0.67
1 7 0.97 0.85
1 9 0.04 0.57
1 10 0.19 0.34
1 12 0.23 0.73
1 15 0.86 0.31
2 3 0.24 0.58
2 4 0.52 0.09
2 5 0.37 0.78
2 6 0.14 0.01
2 7 0.62 0.6
2 8 0.12 0.72
2 9 0.59 0.48
2 11 0.65 0.31
3 4 0.37 0.05
3 8 0.46 0.08
3 10 0.97 0.19
3 15 0.92 0.84
4 5 0.31 0.13
4 6 0.7 0.92
4 7 0.36 0.32
4 8 0.76 0.13
4 9 0.98 0.41
4 12 0.92 0.23
4 13 0.42 0.3
4 15 0.71 0.51
5 7 0.3 0.89
6 10 0.18 0.43
6 15 0.21 0.63
7 11 0.26 0.38
7 12 0.63 0.05
9 13 0.08 0.21
9 14 0.78 0.78
10 11 0.19 0.41
10 13 0.92 0.78
10 14 0.24 0.05
11 12 0.12 1
11 14 0.76 0.92
