0 1 0.84 0.54
0 2 0.31 0.04
0 3 0.8 0.69
0 4 0.02 0.44
0 5 0.6 0.41
0 6 0.48 0.31
0 15 0.55 0.55
1 2 0.09 0.45
1 3 0.73 0.29
1 4 0.05 0.58
1 5 0.63 0.96
1 6 0.87 0.11
1 7 0.77 0.54
1 8 0.99 0.8
1 9 0.42 0.05
1 10 0.6 0.76
1 11 0.07 0.78
1 14 0.57 0.34
2 3 0.6 0.07
2 4 0.3 0.63
2 6 0.69 0.69
2 7 0.77 0.13
2 9 0.72 0.71
2 10 0.53 0.61
2 11 0.94 0.75
2 12 0.8 0.31
2 15 0.2 0.36
3 4 0.81 0.76
3 5 0.45 0.53
3 7 0.55 0.27
3 10 0.93 0.62
3 11 0.79 0.67
3 12 0.57 0.97
3 14 0.1 0.63
4 5 0.83 0.58
4 8 0.92 0.9
4 9 0.21 0.3
4 15 0.5 0.53
5 6 0.37 0.19
5 8 0.77 0.42
5 9 0.61 0.18
5 12 0.54 0.51
5 13 1 0.45
5 15 0.39 0.34
6 7 0.88 0.6
6 8 0.28 0.43
6 13 0.06 0.74
7 14 0.53 0.29
9 10 0.24 0.01
9 11 1 0.15
10 12 0.56 0.06
10 13 0.62 0.95
12 13 0.9 0.78
12 14 0.66 0.33
