0 1 0.7 0.52
0 2 0.52 0.88
0 3 0.93 0.34
0 4 0.34 0.05
0 5 0.15 0.39
0 6 0.73 0.45
0 15 0.45 0.83
1 2 0.61 0.27
1 3 0.55 0.15
1 4 0.61 0.67
1 5 0.66 0.8
1 6 0.75 0.38
1 7 0.22 0.93
1 8 0.16 0.46
1 9 0.18 0.97
1 10 0.21 0.19
1 11 0.15 0.59
1 14 0.37 0.68
2 3 0.02 0.37
2 4 0.58 0.23
2 6 0.01 0.39
2 7 0.34 0.3
2 9 0.7 0.25
2 10 0.76 0.02
2 11 0.84 0.77
2 12 0.51 0.66
2 15 0.82 0.5
3 4 0.73 0.4
3 5 0.26 0.87
3 7 0.75 0.06
3 10 0.75 0.97
3 11 0.56 0.75
3 12 0.75 0.34
3 14 0.8 0.26
4 5 0.69 0.1
4 8 0.51 0.9
4 9 0.47 0.42
4 15 0.95 0.19
5 6 0.41 0.47
5 8 0.63 0.94
5 9 0.52 0.53
5 12 0.35 0.41
5 13 0.9 0.81
5 15 0.22 0.28
6 7 0.22 0.48
6 8 0.32 0.88
6 13 0.64 0.11
7 14 0.68 0.63
9 10 0.94 0.34
9 11 0.64 0.34
10 12 0.8 0.53
10 13 0.99 0.52
12 13 0.89 0.76
12 14 0.86 0.42
