0 1 0.25 0.88
0 2 0.86 0.95
0 3 0.65 0.68
0 4 0.97 0.85
0 5 0.48 0.2
0 7 0.75 0.65
0 8 0.26 0.32
0 9 0.11 0.16
0 12 0.43 0.82
0 13 0.07 0.79
0 14 0.11 0.13
0 15 0.74 0.32
1 2 0.73 0.7
1 3 0.15 0.96
1 4 0.33 0.02
1 6 0.03 0.31
1 8 0.39 0.98
1 9 0.63 0.03
1 10 0.76 0.29
2 3 0.47 0.88
2 4 0.01 0.01
2 5 0.2 0.07
2 6 0.83 0.48
2 7 0.9 0.53
2 10 0.08 0.51
2 11 0.17 0.63
2 14 0.09 0.29
3 4 0.35 0.71
3 5 0.95 0.56
3 6 0.75 0.61
3 7 0.79 0.51
3 8 0.13 0.31
3 11 0.2 0.18
3 12 0.63 0.9
3 13 0.69 0.67
4 5 0.54 0.51
4 6 0.33 0.67
4 9 0.86 0.3
4 10 0.28 0.73
4 11 0.61 0.85
4 15 0.48 0.1
5 13 0.7 0.99
5 14 0.25 0.29
5 15 0.56 0.06
6 7 0.08 0.64
6 8 0.34 0.93
6 13 0.9 0.69
7 9 0.77 0.96
7 10 0.51 0.42
7 11 0.41 0.01
8 15 0.92 0.32
9 12 0.28 0.2
11 12 0.8 0.68
12 14 0.03 0.13
