0 1 0.09 0.9
0 2 0.22 0.97
0 3 0.28 0.44
0 4 0.86 0.2
0 5 0.36 0.78
0 7 0.16 0.72
0 8 0.63 0.86
0 9 0.26 0.86
0 12 0.15 0.59
1 2 0.66 0.33
1 3 0.37 0.7
1 4 0.39 0.85
1 5 0.39 0.02
1 6 0.34 0.44
1 7 0.97 0.96
1 9 0.57 0.35
1 10 0.21 0.98
1 13 0.4 0.19
2 3 0.44 0.19
2 4 0.04 0.38
2 5 0.9 0.74
2 6 0.63 0.3
2 10 0.8 0.19
2 11 0.55 0.53
2 12 0.26 0.74
2 14 0.31 0.02
3 4 0.15 0.77
3 8 0.17 0.86
3 11 0.88 0.31
3 15 0.54 0.85
4 5 0.59 0.55
4 6 0.32 0.27
4 9 0.07 0.24
4 13 0.57 0.01
5 6 0.46 0.15
5 7 0.89 0.48
5 11 0.35 0.99
5 12 0.09 0.82
5 15 0.13 0.45
6 7 0.56 0.75
6 8 0.63 0.49
6 9 0.16 0.6
6 10 0.66 0.31
6 14 0.59 0.8
6 15 0.29 0.75
7 8 0.93 0.79
8 11 0.54 0.1
8 14 0.12 0.51
9 10 0.58 0.09
9 12 0.03 0.17
9 13 0.24 0.65
10 15 0.6 0.95
11 14 0.23 0.7
12 13 0.65 0.17
