0 1 0.14 0.46
0 2 0.9 0.86
0 3 0.58 0.97
0 4 0.86 0.47
0 5 0.2 0.49
0 6 0.53 0.06
0 15 0.06 0.12
1 2 0.29 0.72
1 3 0.58 0.81
1 4 0.92 0.99
1 5 0.72 0.89
1 6 0.34 0.87
1 7 0.98 0.18
1 8 0.92 0.86
1 9 0.2 0.47
1 10 0.43 0.84
1 11 0.06 0.8
1 14 0.97 0.48
2 3 0.54 0.55
2 4 0.46 0.19
2 6 0.66 0.81
2 7 0.81 0.94
2 9 0.31 0.22
2 10 0.16 0.89
2 11 0.45 0.75
2 12 0.02 0.41
2 15 0.4 0.02
3 4 0.13 0.42
3 5 0.81 0.12
3 7 1 0.29
3 10 0.27 0.6
3 11 0.23 0.68
3 12 0.91 0.69
3 14 0.24 0.43
4 5 0.23 0.02
4 8 0.12 0.65
4 9 0.94 0.73
4 15 0.88 0.97
5 6 0.36 0.65
5 8 0.56 0.65
5 9 0.91 0.16
5 12 0.51 0.6
5 13 0.62 0.77
5 15 0.62 0.48
6 7 0.48 0.53
6 8 0.32 0.95
6 13 0.97 0.13
7 14 0.42 0.18
9 10 0.5 0.23
9 11 0.02 0.53
10 12 1 0.23
10 13 0.15 0.12
12 13 0.65 0.53
12 14 0.96 0.35
