0 1 0.72 0.04
0 2 0.47 0.63
0 3 0.75 0.54
0 4 0.95 0.07
0 5 0.35 0.13
0 6 0.11 0.35
0 15 0.31 0.29
1 2 0.21 0.33
1 3 0.4 0.15
1 4 0.26 0.93
1 5 0.06 0.46
1 6 0.01 0.28
1 7 0.74 0.62
1 8 0.95 0.18
1 9 0.83 0.95
1 10 0.92 0.58
1 11 0.1 0.97
1 14 0.42 0.46
2 3 0.9 0.77
2 4 0.01 0.87
2 6 0.37 0.17
2 7 0.27 0.82
2 9 0.54 0.76
2 10 0.89 0.03
2 11 0.13 0.43
2 12 0.13 0.39
2 15 0.22 0.05
3 4 0.7 0.43
3 5 0.57 0.78
3 7 0.51 0.05
3 10 0.69 0.57
3 11 0.8 0.12
3 12 0.12 0.64
3 14 0.65 0.67
4 5 0.62 1
4 8 0.81 0.03
4 9 0.58 0.44
4 15 0.83 0.15
5 6 0.77 0.71
5 8 0.64 0.51
5 9 0.62 0.02
5 12 0.13 0.23
5 13 0.73 0.87
5 15 0.69 0.95
6 7 0.9 0.21
6 8 0.37 0.04
6 13 0.16 0.02
7 14 0.14 0.89
9 10 0.62 0.43
9 11 0.92 0.21
10 12 0.71 0.97
10 13 0.41 0.43
12 13 0.52 0.47
12 14 0.42 0.59
