0 1 0.95 0.77
0 2 0.1 0.85
0 3 0.06 0.71
0 4 0.65 0.02
0 5 0.92 0.07
0 6 0.94 0.91
0 7 0.93 0.18
0 9 0.52 0.88
0 11 0.6 0.65
0 12 0.34 0.48
0 13 0.16 0.59
1 2 0.03 1
1 3 0.59 0.67
1 4 0.92 0.78
1 5 0.4 0.83
1 8 0.11 0.81
1 15 0.81 0.06
2 3 0.66 0.49
2 4 0.46 0.5
2 5 0.85 0.79
2 6 0.11 0.17
2 7 0.56 0.02
2 9 1 0.78
2 10 0.84 0.74
2 12 1 0.13
2 13 0.48 0.43
3 4 0.3 0.48
3 5 0.26 0.59
3 6 0.09 0.09
3 7 0.97 0.68
3 11 0.17 0.33
3 12 0.52 0.11
3 14 0.75 0.29
3 15 0.02 0.59
4 5 0.35 0.79
4 6 0.11 0.44
4 8 0.49 0.53
4 9 0.73 0.15
5 6 0.68 0.68
5 7 0.75 0.85
5 8 0.61 1
5 9 0.51 0.06
5 10 0.11 0.22
5 11 0.12 0.74
5 13 0.21 0.86
5 14 0.98 0.04
6 7 0.84 0.1
6 8 0.15 0.65
6 9 0.88 0.73
6 10 0.89 0.62
6 14 0.73 0.99
7 8 0.58 0.82
7 10 0.65 0.11
7 13 0.68 0.08
8 10 0.62 0.91
8 11 0.74 0.45
8 12 0.68 0.64
8 14 0.36 0.67
9 12 0.84 0.51
9 13 0.17 0.17
10 11 0.25 0.58
11 15 0.18 0.81
12 14 0.51 0.79
12 15 0.95 0.47
13 15 0.86 0.61
