0 1 0.25 0.47
0 2 0.05 0.7
0 3 0.17 0.54
0 4 0.48 0.95
0 5 1 0.67
0 6 0.84 0.34
0 7 0.23 0.45
0 9 0.19 0.47
0 11 0.99 0.1
0 12 0.27 0.16
0 13 0.15 0.24
1 2 0.96 0.48
1 3 0.82 0.2
1 4 0.44 0.78
1 5 0.98 0.92
1 8 0.65 0.46
1 15 0.91 0.22
2 3 0.36 0.64
2 4 0.65 0.18
2 5 0.62 0.91
2 6 0.88 0.15
2 7 0.6 0.08
2 9 0.92 0.51
2 10 0.91 0.57
2 12 0.39 0.55
2 13 0.87 0.18
3 4 0.45 0.52
3 5 0.53 0.94
3 6 0.76 0.94
3 7 0.85 0.68
3 11 0.76 0.95
3 12 0.23 0.6
3 14 0.51 0.83
3 15 0.16 0.18
4 5 0.75 0.42
4 6 0.47 0.37
4 8 0.2 0.8
4 9 0.35 0.49
5 6 0.53 0.9
5 7 0.41 0.8
5 8 0.88 0.96
5 9 0.46 0.9
5 10 0.62 0.39
5 11 0.8 0.73
5 13 0.2 0.31
5 14 0.83 0.06
6 7 0.84 0.43
6 8 0.72 0.21
6 9 0.15 0.35
6 10 0.99 0.2
6 14 0.51 0.55
7 8 0.25 0.13
7 10 0.05 0.52
7 13 0.63 0.88
8 10 0.26 0.31
8 11 0.11 0.93
8 12 0.38 0.78
8 14 0.29 0.88
9 12 0.22 0.32
9 13 0.08 0.42
10 11 0.49 0.1
11 15 0.08 0.19
12 14 0.41 0.17
12 15 0.03 0.57
13 15 0.36 0.35
