0 1 0.68 0.68
0 2 0.19 0.71
0 3 0.55 0.19
0 4 0.81 0.66
0 5 0.93 0.85
0 6 0.12 0.97
0 7 0.61 0.57
0 9 0.23 0.14
0 11 0.61 0.16
0 12 0.38 0.06
0 13 0.96 0.49
1 2 0.75 0.58
1 3 0.87 0.97
1 4 0.1 0.58
1 5 0.58 0.82
1 8 0.27 0.39
1 15 0.28 0.78
2 3 0.07 0.55
2 4 0.45 0.32
2 5 0.86 0.73
2 6 0.48 0.26
2 7 0.89 0.28
2 9 0.36 0.85
2 10 0.38 0.99
2 12 0.93 0.93
2 13 0.79 0.88
3 4 0.67 0.57
3 5 0.82 0.85
3 6 0.81 0.77
3 7 0.83 0.67
3 11 0.57 0.66
3 12 0.92 0.71
3 14 0.12 0.76
3 15 1 0.01
4 5 0.55 0.68
4 6 0.5 0.47
4 8 0.95 0.38
4 9 0.36 0.83
5 6 0.98 0.23
5 7 0.42 0.85
5 8 0.82 0.39
5 9 0.21 0.74
5 10 0.05 0.21
5 11 0.35 0.34
5 13 0.42 0.3
5 14 0.85 0.12
6 7 0.64 0.06
6 8 0.12 0.6
6 9 0.72 0.48
6 10 0.21 0.5
6 14 0.53 0.82
7 8 0.68 0.26
7 10 0.01 0.85
7 13 0.95 0.18
8 10 0.62 0.53
8 11 0.35 0.22
8 12 0.13 0.66
8 14 0.69 0.63
9 12 0.5 0.38
9 13 0.1 0.87
10 11 0.18 0.79
11 15 0.11 0.53
12 14 0.33 0.01
12 15 0.51 0.8
13 15 0.55 0.91
