0 1 0.77 0.22
0 2 0.11 0.53
0 3 0.57 0.89
0 4 0.94 0.98
0 5 0.7 0.35
0 6 0.46 0.26
0 7 0.15 0.84
0 9 0.44 0.58
0 11 0.33 0.51
0 12 0.36 0.61
0 13 0.99 0.4
1 2 0.28 0.3
1 3 0.04 0.73
1 4 0.77 0.29
1 5 0.79 0.25
1 8 0.03 0.85
1 15 0.51 0.12
2 3 0.37 0.56
2 4 0.46 0.76
2 5 0.09 0.92
2 6 0.69 0.66
2 7 0.98 0.77
2 9 0.36 0.05
2 10 0.32 0.6
2 12 0.59 0.53
2 13 0.48 0.49
3 4 0.69 0.83
3 5 0.99 0.15
3 6 0.95 0.99
3 7 0.74 0.59
3 11 0.41 0.2
3 12 0.78 0.28
3 14 0.55 0.13
3 15 0.07 0.33
4 5 0.35 0.68
4 6 0.41 0.45
4 8 0.91 0.11
4 9 0.42 0.98
5 6 0.4 0.95
5 7 0.3 0.25
5 8 0.17 0.81
5 9 0.9 0.88
5 10 0.7 0.69
5 11 0.85 0.18
5 13 0.07 0.54
5 14 0.33 0.71
6 7 0.83 0.15
6 8 0.24 0.77
6 9 0.9 0.84
6 10 0.69 0.84
6 14 0.93 0.53
7 8 0.99 0.58
7 10 0.55 0.66
7 13 0.03 0.29
8 10 0.78 0.05
8 11 0.23 0.28
8 12 0.56 0.98
8 14 0.33 0.4
9 12 0.08 0.95
9 13 1 0.95
10 11 0.67 0.52
11 15 0.47 0.86
12 14 0.3 0.94
12 15 0.11 0.97
13 15 0.4 0.38
